#Name   Z    Err_down    Err_up
rf0001      8.40521     0.130780    0.0980853
rf0003      8.79755     0.163475    0.0653902
rf0006      8.47060    0.0980853    0.0980853
rf0007      8.66677     0.130780    0.0980853
rf0008      8.96103    0.0326951      0.00000
rf0010      8.37252    0.0653902    0.0980853
rf0011      8.50330    0.0980853     0.163476
rf0014      8.43791    0.0980853     0.130780
rf0015      8.43791    0.0326951    0.0326952
rf0017      8.43791    0.0980853    0.0653902
rf0019      8.37252     0.163476     0.196171
rf0020      8.50330    0.0980853     0.163476
rf0023      8.40521    0.0980853    0.0980853
rf0024      8.63408     0.196171     0.130780
rf0028      8.43791     0.130780     0.130780
rf0029      8.43791    0.0980853    0.0980854
rf0030      8.53599    0.0980854     0.196171
rf0031      8.43791    0.0326951    0.0326952
rf0032      8.50330    0.0980853    0.0980853
rf0033      8.40521    0.0980853     0.130780
rf0034      8.37252    0.0653902    0.0980853
rf0040      8.83025     0.163476    0.0653902
rf0042      8.33982    0.0980853     0.130780
rf0043      8.89564    0.0980854    0.0326951
rf0045      8.33982    0.0653902     0.130780
rf0048      8.43791    0.0980853    0.0980854
rf0049      8.40521    0.0980853     0.130780
rf0051      8.30713    0.0980853     0.130780
rf0053      8.33982    0.0653902     0.130780
rf0058      8.47060    0.0980853     0.163476
rf0059      8.47060    0.0980853    0.0653902
rf0060      8.43791    0.0980853     0.130780
rf0061      8.47060    0.0980853     0.163476
rf0062      8.56869    0.0653902     0.130780
rf0064      8.30713    0.0980853    0.0980853
rf0065      8.43791    0.0980853    0.0980854
rf0068      8.30713    0.0980853     0.228866
rf0071      8.89564     0.130780    0.0326951
rf0072      8.20904    0.0653902    0.0326951
rf0073      8.37252    0.0653902    0.0653901
rf0074      8.66677     0.130780     0.130780
rf0076      8.43791    0.0980853    0.0980854
rf0077      8.40521    0.0980853     0.163476
rf0079      8.43791    0.0980853     0.163476
rf0083      8.40521    0.0980853     0.163476
rf0084      8.43791    0.0980853     0.196171
rf0092      8.92834    0.0980853    0.0326951
rf0098      8.40521    0.0326951    0.0653902
rf0099      8.40521    0.0980853     0.163476
rf0102      8.40521     0.130780     0.163476
rf0104      8.37252     0.130780     0.130780
rf0106      8.47060    0.0980853     0.163476
rf0107      8.40521    0.0980853    0.0980853
rf0108      8.33982    0.0980853    0.0980853
rf0109      8.50330     0.130780     0.163476
rf0110      8.27443     0.130780     0.228866
rf0111      8.47060    0.0980853     0.130780
rf0117      8.47060    0.0653902    0.0653902
rf0118      8.37252    0.0980853     0.163476
rf0119      8.40521    0.0980853     0.163476
rf0120      8.30713     0.130780     0.228866
rf0122      8.40521     0.130780    0.0980853
rf0125      8.33982      0.00000      0.00000
rf0126      8.92834    0.0653902    0.0326951
rf0128      8.47060    0.0653902    0.0980853
rf0129      8.47060    0.0980853     0.130780
rf0132      8.53599    0.0653902    0.0980853
rf0134      8.47060    0.0980853     0.294256
rf0141      8.37252     0.130780     0.163476
rf0143      8.43791    0.0980853     0.196171
rf0145      8.60138     0.130780     0.130780
rf0147      8.73216     0.163476    0.0980853
rf0150      8.92834     0.490427      0.00000
rf0154      8.30713    0.0980853     0.228866
rf0155      8.53599     0.130780     0.228866
rf0156      8.73216     0.326951    0.0653901
rf0157      8.27443    0.0980853    0.0980853
rf0160      8.50330    0.0980853     0.163476
rf0164      8.89564     0.130780    0.0326951
rf0165      8.40521    0.0980853     0.490427
rf0167      8.89564     0.523122    0.0326951
rf0169      8.43791     0.130780    0.0980854
rf0170      8.89564     0.425036    0.0326951
rf0171      8.96103    0.0326951      0.00000
rf0172      8.47060    0.0653902     0.294256
rf0173      8.92834     0.130780    0.0326951
rf0175      8.43791    0.0980853     0.163476
rf0176      8.79755     0.425036    0.0653902
rf0177      8.47060    0.0653902     0.130780
rf0179      8.40521    0.0980853     0.130780
rf0180      8.43791    0.0980853     0.196171
rf0181      8.40521     0.130780     0.130780
rf0191      8.89564    0.0980854    0.0326951
rf0192      8.47060    0.0980853    0.0653902
rf0193      8.86294     0.163476    0.0653902
rf0195      8.69947     0.326951    0.0980853
rf0197      8.40521    0.0980853     0.130780
rf0199      8.37252    0.0980853     0.228866
rf0201      8.30713    0.0326951    0.0653902
rf0204      8.37252    0.0980853    0.0980853
rf0205      8.92834    0.0980853      0.00000
rf0206      8.63408    0.0980853     0.130780
rf0207      8.43791     0.130780    0.0980854
rf0209      8.92834    0.0653902    0.0326951
rf0210      8.43791    0.0653901    0.0980854
rf0216      8.92834     0.163476    0.0326951
rf0217      8.79755     0.457731    0.0653902
rf0218      8.56869    0.0980853     0.163476
rf0223      8.86294     0.392341    0.0326952
rf0226      8.37252    0.0653902     0.294256
rf0227      8.43791    0.0980853     0.163476
rf0229      8.40521    0.0653902     0.392341
rf0234      8.86294     0.196171    0.0653902
rf0236      8.43791    0.0980853    0.0980854
rf0237      8.83025     0.261561    0.0653902
rf0238      8.40521    0.0980853     0.163476
rf0241      8.14365    0.0326951    0.0653902
rf0242      8.47060    0.0326952    0.0980853
rf0245      8.56869    0.0980853     0.163476
rf0246      8.24174    0.0980853    0.0980853
rf0247      8.40521    0.0980853     0.130780
rf0249      8.40521      0.00000    0.0326951
rf0250      8.27443    0.0653902    0.0980853
rf0251      8.43791    0.0980853     0.261561
rf0252      8.40521    0.0980853     0.130780
rf0256      8.73216     0.228866    0.0980853
rf0257      8.40521    0.0980853    0.0980853
rf0258      8.73216     0.294256    0.0980853
rf0259      8.47060    0.0980853     0.130780
rf0262      8.30713     0.130780     0.228866
rf0263      8.40521    0.0980853     0.196171
rf0264      8.86294     0.196171    0.0653902
rf0265      8.37252    0.0980853    0.0980853
rf0266      8.24174    0.0980853    0.0980853
rf0267      8.40521    0.0653902     0.163476
rf0268      8.40521    0.0980853     0.163476
rf0269      8.43791     0.130780     0.130780
rf0272      8.37252    0.0653902    0.0980853
rf0273      8.33982    0.0980853     0.196171
rf0280      8.37252    0.0980853    0.0980853
rf0283      8.40521    0.0326951      0.00000
rf0284      8.37252    0.0980853     0.130780
rf0292      8.83025     0.392341    0.0653902
rf0294      8.92834    0.0326951    0.0326951
rf0296      8.47060     0.196171     0.163476
rf0297      8.37252    0.0980853     0.163476
rf0298      8.43791    0.0980853     0.130780
rf0299      8.43791     0.130780     0.130780
rf0300      8.43791    0.0980853     0.196171
rf0302      8.69947     0.163475    0.0980853
rf0303      8.40521    0.0653902     0.163476
rf0305      8.43791    0.0980853     0.130780
rf0306      8.37252     0.130780     0.163476
rf0314      8.33982    0.0980853     0.228866
rf0316      8.50330    0.0980853     0.130780
rf0318      8.30713     0.130780     0.130780
rf0320      8.37252    0.0653902    0.0980853
rf0322      8.47060     0.130780     0.130780
rf0323      8.50330    0.0980853     0.163476
rf0326      8.37252    0.0980853     0.130780
rf0328      8.63408     0.196171     0.130780
rf0331      8.47060    0.0980853    0.0653902
rf0332      8.33982    0.0653902    0.0653902
rf0333      8.47060    0.0653902     0.130780
rf0335      8.37252     0.130780     0.163476
rf0338      8.37252    0.0653902    0.0653901
rf0339      8.56869     0.163476     0.196171
rf0340      8.40521    0.0980853    0.0980853
rf0341      8.83025     0.196171    0.0326951
rf0342      8.50330    0.0980853    0.0980853
rf0343      8.43791    0.0326951      0.00000
rf0348      8.56869    0.0980853    0.0653902
rf0351      8.40521    0.0653902     0.130780
rf0354      8.40521    0.0980853     0.261561
rf0358      8.30713    0.0653902    0.0653902
rf0360      8.40521     0.130780     0.196171
rf0363      8.24174    0.0326951    0.0653902
rf0364      8.43791    0.0980853     0.326951
rf0365      8.43791    0.0653901    0.0326952
rf0366      8.40521    0.0980853    0.0980853
rf0367      8.40521    0.0653902    0.0326951
rf0368      8.37252    0.0653902    0.0980853
rf0370      8.43791    0.0653901    0.0653902
rf0374      8.40521     0.130780     0.163476
rf0376      8.47060    0.0653902    0.0326951
rf0378      8.50330    0.0980853     0.130780
rf0381      8.40521    0.0980853     0.130780
rf0383      8.92834    0.0653902    0.0326951
rf0385      8.47060    0.0980853    0.0980853
rf0386      8.66677     0.261561    0.0653902
rf0387      8.50330    0.0980853     0.130780
rf0388      8.47060    0.0653902     0.130780
rf0391      8.43791    0.0980853     0.130780
rf0392      8.33982    0.0980853    0.0980853
rf0393      8.33982    0.0980853    0.0653902
rf0395      8.92834    0.0980853      0.00000
rf0396      8.83025     0.261561    0.0653902
rf0398      8.69947     0.228866    0.0980853
rf0399      8.47060    0.0653902     0.130780
rf0400      8.96103    0.0326951      0.00000
rf0401      8.27443    0.0980853     0.163475
rf0403      8.40521    0.0980853     0.163476
rf0412      8.43791    0.0980853     0.163476
rf0413      8.40521    0.0980853     0.228866
rf0415      8.60138     0.163476     0.130780
rf0417      8.92834    0.0980853      0.00000
rf0418      8.56869     0.130780     0.130780
rf0419      8.24174    0.0653902    0.0980853
rf0425      8.47060    0.0980853     0.196171
rf0426      8.24174     0.130780     0.261561
rf0427      8.50330    0.0980853     0.228866
rf0428      8.37252    0.0653902    0.0980853
rf0430      8.37252    0.0980853    0.0980853
rf0431      8.33982    0.0980853    0.0980853
rf0432      8.43791    0.0980853     0.163476
rf0433      8.43791     0.130780     0.261561
rf0434      8.37252    0.0980853    0.0980853
rf0436      8.33982     0.130780     0.196171
rf0439      8.24174     0.130780     0.163476
rf0441      8.33982     0.130780     0.130780
rf0443      8.43791     0.130780    0.0980854
rf0448      8.47060    0.0980853     0.163476
rf0450      8.63408     0.163476     0.130780
rf0452      8.69947     0.228866    0.0653902
rf0453      8.47060    0.0980853     0.130780
rf0454      8.47060    0.0980853    0.0653902
rf0455      8.83025     0.326951    0.0653902
rf0456      8.47060    0.0980853     0.130780
rf0459      8.30713    0.0980853    0.0980853
rf0460      8.76486     0.228866    0.0980853
rf0461      8.33982    0.0653902    0.0980853
rf0462      8.37252     0.130780     0.163476
rf0463      8.83025     0.196171    0.0653902
rf0464      8.24174    0.0653902    0.0653902
rf0465      8.40521    0.0980853     0.130780
rf0466      8.47060    0.0980853     0.130780
rf0467      8.50330    0.0980853     0.130780
rf0471      8.43791    0.0980853     0.130780
rf0473      8.50330    0.0980853     0.163476
rf0474      8.33982    0.0980853    0.0653902
rf0476      8.40521    0.0980853     0.163476
rf0477      8.43791    0.0980853    0.0653902
rf0478      8.40521     0.130780     0.425036
rf0479      8.37252    0.0980853     0.130780
rf0480      8.47060    0.0980853    0.0980853
rf0482      8.47060    0.0653902    0.0980853
rf0485      8.17635     0.130780     0.196171
rf0487      8.43791     0.130780    0.0980854
rf0488      8.43791    0.0980853     0.163476
rf0496      8.37252    0.0980853    0.0980853
rf0497      8.27443     0.163476     0.228866
rf0498      8.27443     0.130780     0.228866
rf0499      8.40521    0.0980853     0.130780
rf0500      8.43791    0.0980853    0.0980854
rf0503      8.47060    0.0653902    0.0653902
rf0505      8.43791    0.0980853    0.0980854
rf0507      8.43791    0.0980853     0.130780
rf0510      8.96103      1.60206     -1.60206
rf0511      8.47060    0.0980853    0.0980853
rf0513      8.79755     0.359646    0.0653902
rf0518      8.37252    0.0980853    0.0980853
rf0524      8.40521     0.130780     0.163476
rf0545      8.47060     0.130780    0.0980853
rf0583      8.33982     0.130780     0.196171
rf0591      8.47060    0.0980853     0.196171
rf0607      8.43791    0.0980853    0.0980854
rf0622      8.30713    0.0980853     0.196171
rf0630      8.20904     0.130780     0.196171
rf0632      8.20904     0.163476     0.294256
rf0642      8.24174    0.0653902    0.0653902
rf0644      8.11096     0.130780     0.555817
rf0663      8.27443    0.0980853    0.0980853
rf0684      8.79755     0.359646    0.0653902
rf0693      8.33982     0.130780    0.0980853
rf0695      8.43791    0.0980853    0.0653902
rf0701      8.43791     0.130780    0.0980854
rf0707      8.40521    0.0653902     0.326951
rf0713      8.37252     0.130780     0.196171
rf0730      8.69947     0.294256    0.0980853
rf0739      8.40521     0.130780     0.163476
rf0745      8.17635    0.0980853     0.163475
rf0783      8.40521    0.0980853    0.0980853
rf0795      8.37252    0.0653902    0.0653901
rs0001      8.37252    0.0980853    0.0980853
rs0002      8.43791    0.0980853     0.196171
rs0003      8.43791     0.130780     0.130780
rs0010      8.47060    0.0980853    0.0653902
rs0011      8.43791     0.130780    0.0980854
rs0012      8.40521    0.0980853     0.163476
rs0013      8.40521    0.0980853     0.196171
rs0017      8.56869    0.0653902     0.130780
rs0019      8.63408     0.163476     0.163475
rs0020      8.40521    0.0980853     0.130780
rs0023      8.79755     0.457731    0.0653902
rs0030      8.43791    0.0980853    0.0980854
rs0035      8.24174    0.0653902    0.0653902
rs0038      8.56869     0.130780     0.163476
rs0039      8.37252    0.0653902    0.0980853
rs0041      8.37252    0.0980853     0.163476
rs0042      8.40521    0.0980853     0.228866
rs0045      8.47060    0.0980853     0.163476
rs0046      8.86294    0.0980853    0.0326952
rs0047      8.37252     0.130780     0.163476
rs0048      8.69947     0.294256    0.0980853
rs0050      8.69947     0.228866    0.0980853
rs0051      8.79755     0.294256    0.0653902
rs0052      8.43791    0.0980853     0.228866
rs0054      8.37252    0.0980853     0.163476
rs0062      8.33982    0.0653902    0.0980853
rs0063      8.53599    0.0653902    0.0326951
rs0064      8.83025     0.228866    0.0653902
rs0065      8.43791    0.0980853     0.130780
rs0068      8.43791     0.130780     0.130780
rs0070      8.40521    0.0980853     0.130780
rs0077      8.92834     0.130780      0.00000
rs0081      8.43791     0.130780    0.0980854
rs0082      8.43791     0.130780    0.0980854
rs0083      8.37252    0.0980853    0.0980853
rs0084      8.47060    0.0980853     0.163476
rs0085      8.47060    0.0980853     0.130780
rs0087      8.37252    0.0653902     0.228866
rs0088      8.40521    0.0980853    0.0980853
rs0089      8.86294     0.196171    0.0653902
rs0090      8.33982    0.0980853    0.0980853
rs0092      8.40521    0.0980853     0.130780
rs0093      8.89564     0.130780    0.0326951
rs0094      8.47060     0.130780     0.228866
rs0095      8.30713    0.0980853     0.130780
rs0096      8.86294     0.196171    0.0326952
rs0097      8.33982    0.0980853    0.0980853
rs0098      8.76486     0.326951    0.0653902
rs0099      8.33982     0.163475     0.228866
rs0103      8.86294     0.130780    0.0653902
rs0104      8.76486     0.359646    0.0653902
rs0105      8.43791    0.0980853     0.130780
rs0106      8.33982     0.130780     0.196171
rs0111      8.40521    0.0980853    0.0980853
rs0113      8.40521      0.00000    0.0326951
rs0118      8.43791    0.0980853     0.228866
rs0120      8.50330    0.0980853     0.130780
rs0121      8.79755     0.392341    0.0653902
rs0122      8.37252    0.0980853     0.130780
rs0123      8.79755     0.261561    0.0653902
rs0124      8.40521    0.0980853    0.0980853
rs0126      8.50330    0.0980853     0.163476
rs0127      8.56869     0.196171     0.130780
rs0128      8.76486     0.261561    0.0653902
rs0129      8.89564     0.163476    0.0326951
rs0130      8.43791    0.0980853    0.0980854
rs0132      8.30713     0.130780     0.196171
rs0133      8.89564    0.0326952    0.0326951
rs0134      8.47060    0.0326952    0.0326951
rs0135      8.56869     0.130780     0.163476
rs0137      8.47060    0.0653902     0.130780
rs0138      8.40521    0.0980853    0.0980853
rs0140      8.24174    0.0653902    0.0653902
rs0141      8.43791    0.0980853    0.0980854
rs0143      8.89564     0.163476    0.0326951
rs0145      8.43791    0.0980853    0.0653902
rs0146      8.33982    0.0653902    0.0980853
rs0147      8.47060    0.0653902     0.163476
rs0148      8.89564    0.0653902    0.0326951
rs0149      8.43791    0.0980853     0.163476
rs0150      8.43791    0.0980853    0.0980854
rs0153      8.73216     0.228866     0.130780
rs0154      8.37252    0.0980853     0.130780
rs0156      8.37252    0.0653902     0.130780
rs0158      8.33982     0.130780     0.228866
rs0163      8.50330    0.0980853     0.294256
rs0165      8.43791    0.0980853     0.130780
rs0166      8.69947     0.196171    0.0980853
rs0167      8.37252    0.0980853     0.130780
rs0168      8.33982    0.0980853    0.0653902
rs0170      8.43791    0.0980853    0.0980854
rs0171      8.40521    0.0980853     0.163476
rs0172      8.50330     0.130780     0.130780
rs0174      8.43791    0.0980853    0.0980854
rs0175      8.53599     0.130780     0.163475
rs0178      8.33982    0.0980853     0.130780
rs0179      8.47060    0.0980853     0.130780
rs0180      8.50330     0.130780     0.130780
rs0182      8.53599     0.130780     0.130780
rs0183      8.86294     0.196171    0.0326952
rs0184      8.43791     0.130780    0.0980854
rs0185      8.69947     0.228866     0.130780
rs0188      8.79755     0.196171    0.0653902
rs0189      8.79755     0.228866    0.0653902
rs0192      8.50330    0.0653902    0.0980853
rs0193      8.50330     0.130780     0.163476
rs0195      8.96103    0.0980853      0.00000
rs0200      8.96103      1.60206     -1.60206
rs0201      8.92834    0.0980853    0.0326951
rs0203      8.43791    0.0326951    0.0326952
rs0206      8.89564     0.130780    0.0326951
rs0209      8.76486     0.196171    0.0653902
rs0210      8.43791    0.0980853    0.0980854
rs0211      8.89564     0.130780    0.0326951
rs0212      8.43791     0.130780     0.130780
rs0215      8.43791    0.0980853    0.0980854
rs0218      8.43791    0.0980853     0.130780
rs0220      8.33982    0.0653902    0.0980853
rs0221      8.69947     0.261561    0.0980853
rs0224      8.73216     0.261561    0.0653901
rs0225      8.43791    0.0653901     0.294256
rs0226      8.40521    0.0980853    0.0653902
rs0227      8.92834     0.130780      0.00000
rs0228      8.43791    0.0980853    0.0980854
rs0231      8.43791    0.0653901     0.130780
rs0236      8.40521    0.0980853     0.130780
rs0237      8.47060    0.0326952    0.0326951
rs0240      8.96103     0.457731      0.00000
rs0241      8.47060     0.130780     0.130780
rs0242      8.47060    0.0980853     0.196171
rs0243      8.69947     0.196171    0.0980853
rs0246      8.30713    0.0980853    0.0980853
rs0247      8.24174    0.0653902    0.0653902
rs0250      8.86294     0.130780    0.0326952
rs0251      8.40521     0.130780     0.196171
rs0255      8.37252    0.0980853     0.163476
rs0256      8.40521    0.0980853     0.130780
rs0257      8.40521    0.0653902     0.163476
rs0259      8.56869    0.0980853    0.0980853
rs0260      8.92834    0.0653902    0.0326951
rs0262      8.37252    0.0653902    0.0980853
rs0263      8.73216     0.196171    0.0980853
rs0264      8.30713    0.0653902    0.0980853
rs0267      8.86294     0.130780    0.0653902
rs0268      8.86294     0.130780    0.0653902
rs0269      8.37252    0.0980853     0.196171
rs0270      8.86294     0.196171    0.0326952
rs0273      8.43791    0.0980853     0.130780
rs0274      8.47060    0.0653902     0.130780
rs0275      8.43791    0.0980853    0.0980854
rs0276      8.43791    0.0980853     0.130780
rs0277      8.40521    0.0980853     0.130780
rs0280      8.86294     0.228866    0.0326952
rs0282      8.56869    0.0980853     0.163476
rs0283      8.47060    0.0653902    0.0980853
rs0284      8.40521    0.0653902    0.0980853
rs0288      8.79755     0.392341    0.0653902
rs0289      8.47060    0.0980853     0.130780
rs0290      8.40521    0.0980853     0.130780
rs0297      8.40521    0.0653902    0.0980853
rs0303      8.37252     0.130780     0.130780
rs0306      8.43791    0.0653901    0.0980854
rs0308      8.79755     0.425036    0.0653902
rs0313      8.79755     0.392341    0.0653902
rs0314      8.43791    0.0980853     0.196171
rs0316      8.76486     0.294256    0.0980853
rs0318      8.24174    0.0653902     0.228866
rs0320      8.73216     0.196171    0.0980853
rs0323      8.47060    0.0653902     0.130780
rs0325      8.47060    0.0653902    0.0980853
rs0328      8.47060    0.0980853    0.0980853
rs0330      8.30713     0.163476     0.359646
rs0331      8.47060    0.0653902     0.130780
rs0334      8.47060    0.0980853     0.196171
rs0336      8.43791    0.0980853     0.130780
rs0337      8.47060    0.0980853     0.163476
rs0339      8.89564     0.163476    0.0326951
rs0340      8.47060    0.0653902     0.163476
rs0341      8.43791    0.0980853    0.0980854
rs0343      8.37252    0.0980853    0.0980853
rs0344      8.40521    0.0980853    0.0653902
rs0345      8.37252    0.0980853    0.0980853
rs0349      8.30713    0.0980853    0.0653902
rs0350      8.43791    0.0980853    0.0980854
rs0354      8.37252    0.0980853    0.0980853
rs0358      8.50330    0.0980853     0.261561
rs0363      8.37252    0.0980853     0.130780
rs0364      8.40521    0.0653902    0.0980853
rs0365      8.40521    0.0980853     0.130780
rs0367      8.43791    0.0653901    0.0980854
rs0371      8.66677     0.163476    0.0980853
rs0372      8.33982    0.0980853     0.130780
rs0373      8.47060    0.0980853     0.163476
rs0374      8.33982    0.0980853     0.196171
rs0376      8.47060    0.0980853     0.163476
rs0377      8.37252    0.0980853     0.392341
rs0380      8.50330     0.196171     0.130780
rs0384      8.43791    0.0980853     0.130780
rs0386      8.37252    0.0980853     0.130780
rs0389      8.33982    0.0653902    0.0980853
rs0391      8.76486     0.359646    0.0653902
rs0392      8.40521     0.163476    0.0980853
rs0393      8.47060    0.0980853    0.0980853
rs0394      8.30713    0.0980853    0.0653902
rs0401      8.83025     0.294256    0.0653902
rs0408      8.37252    0.0980853     0.130780
rs0409      8.47060    0.0653902     0.163476
rs0410      8.37252     0.130780     0.130780
rs0411      8.40521    0.0980853    0.0653902
rs0416      8.33982    0.0653902    0.0980853
rs0417      8.96103      1.60206     -1.60206
rs0418      8.43791    0.0980853    0.0653902
rs0419      8.40521    0.0980853     0.196171
rs0420      8.83025     0.294256    0.0653902
rs0421      8.33982    0.0653902    0.0980853
rs0422      8.33982    0.0980853    0.0980853
rs0423      8.40521     0.130780     0.130780
rs0424      8.37252    0.0653902    0.0653901
rs0425      8.43791    0.0653901     0.130780
rs0427      8.43791    0.0653901    0.0980854
rs0428      8.43791    0.0980853     0.130780
rs0429      8.40521    0.0980853    0.0980853
rs0430      8.40521    0.0980853    0.0980853
rs0432      8.11096    0.0653902    0.0326951
rs0433      8.47060    0.0980853     0.130780
rs0435      8.43791    0.0980853     0.130780
rs0437      8.30713    0.0653902    0.0653902
rs0442      8.37252    0.0653902    0.0980853
rs0444      8.37252    0.0653902    0.0653901
rs0449      8.73216     0.196171    0.0980853
rs0452      8.47060    0.0980853     0.130780
rs0453      8.89564    0.0980854    0.0326951
rs0454      8.50330    0.0980853     0.130780
rs0456      8.43791    0.0653901    0.0980854
rs0458      8.92834    0.0653902    0.0326951
rs0460      8.37252    0.0980853    0.0980853
rs0463      8.53599     0.261561    0.0653901
rs0467      8.40521     0.130780     0.163476
rs0468      8.40521    0.0653902     0.261561
rs0469      8.37252    0.0980853    0.0653901
rs0470      8.30713    0.0980853     0.228866
rs0472      8.33982    0.0980853    0.0653902
rs0473      8.33982    0.0980853    0.0980853
rs0476      8.53599     0.130780     0.163475
rs0477      8.27443    0.0653902    0.0980853
rs0480      8.43791    0.0980853     0.163476
rs0485      8.37252    0.0980853    0.0980853
rs0492      8.33982     0.130780     0.228866
rs0493      8.37252    0.0980853     0.228866
rs0494      8.79755     0.261561    0.0980854
rs0495      8.43791     0.130780    0.0980854
rs0496      8.66677     0.228866     0.130780
rs0505      8.96103    0.0653901      0.00000
rs0508      8.40521    0.0980853     0.130780
rs0512      8.50330    0.0653902     0.196171
rs0516      8.33982    0.0653902    0.0980853
rs0517      8.92834     0.490427    0.0326951
rs0519      8.40521    0.0980853     0.228866
rs0520      8.47060    0.0980853    0.0653902
rs0521      8.47060    0.0980853     0.130780
rs0522      8.53599     0.130780     0.196171
rs0524      8.40521     0.130780     0.163476
rs0526      8.43791    0.0980853     0.163476
rs0528      8.92834    0.0653902    0.0326951
rs0529      8.40521    0.0980853    0.0980853
rs0531      8.92834    0.0653902    0.0326951
rs0532      8.43791    0.0980853     0.163476
rs0534      8.43791    0.0980853     0.130780
rs0536      8.40521    0.0980853     0.163476
rs0538      8.66677     0.228866    0.0980853
rs0541      8.86294     0.163476    0.0326952
rs0542      8.27443     0.163476     0.523122
rs0543      8.37252    0.0980853     0.163476
rs0545      8.33982    0.0980853     0.130780
rs0546      8.50330    0.0653902    0.0653902
rs0548      8.37252    0.0980853     0.130780
rs0549      8.43791    0.0980853     0.130780
rs0553      8.43791    0.0980853    0.0980854
rs0554      8.96103    0.0653901      0.00000
rs0555      8.83025     0.326951    0.0653902
rs0556      8.11096    0.0653902    0.0326951
rs0559      8.40521    0.0980853     0.130780
rs0560      8.76486     0.196171    0.0980853
rs0562      8.40521     0.130780     0.196171
rs0564      8.47060    0.0980853    0.0980853
rs0566      8.40521    0.0980853    0.0980853
rs0568      8.43791    0.0980853     0.130780
rs0571      8.33982    0.0980853     0.130780
rs0572      8.83025     0.228866    0.0653902
rs0573      8.43791    0.0980853    0.0653902
rs0574      8.83025     0.294256    0.0653902
rs0578      8.69947     0.196171     0.130780
rs0579      8.37252    0.0326952      0.00000
rs0585      8.43791    0.0653901     0.130780
rs0586      8.33982    0.0980853     0.163476
rs0588      8.37252    0.0980853     0.228866
rs0591      8.43791    0.0653901    0.0653902
rs0598      8.92834    0.0653902    0.0326951
rs0599      8.63408     0.130780     0.130780
rs0602      8.40521    0.0980853     0.261561
rs0609      8.47060    0.0653902     0.130780
rs0615      8.43791    0.0653901     0.359646
rs0616      8.60138     0.130780     0.163476
rs0617      8.96103    0.0653901      0.00000
rs0618      8.43791    0.0980853     0.130780
rs0620      8.47060    0.0980853    0.0980853
rs0623      8.43791     0.130780    0.0980854
rs0626      8.47060    0.0653902    0.0980853
rs0627      8.53599    0.0980854     0.130780
rs0630      8.43791    0.0980853     0.294256
rs0637      8.50330    0.0980853     0.326951
rs0638      8.76486     0.359646    0.0980853
rs0640      8.43791    0.0980853     0.130780
rs0641      8.83025     0.359646    0.0653902
rs0644      8.47060    0.0980853    0.0653902
rs0645      8.50330    0.0980853     0.261561
rs0656      8.56869    0.0980853    0.0980853
rs0660      8.92834    0.0980853    0.0326951
rs0667      8.76486     0.196171    0.0980853
rs0670      8.83025     0.261561    0.0980853
rs0671      8.43791    0.0980853     0.163476
rs0677      8.47060     0.130780     0.261561
rs0679      8.73216     0.392341    0.0980853
rs0691      8.92834    0.0326951    0.0326951
rs0696      8.83025     0.196171    0.0653902
rs0703      8.89564     0.163476    0.0326951
rs0708      8.47060    0.0653902    0.0980853
rs0710      8.40521    0.0980853     0.163476
rs0713      8.37252     0.130780     0.196171
rs0720      8.66677     0.163476     0.163476
rs0722      8.43791    0.0653901    0.0980854
rs0724      8.86294     0.163476    0.0653902
rs0726      8.40521    0.0980853     0.130780
rs0727      8.27443    0.0653902     0.359646
rs0731      8.43791    0.0980853     0.261561
rs0733      8.79755     0.294256    0.0653902
rs0734      8.47060    0.0980853     0.228866
rs0738      8.40521    0.0653902     0.326951
rs0740      8.37252    0.0980853     0.228866
rs0741      8.92834    0.0653902    0.0326951
rs0743      8.33982    0.0980853     0.163476
rs0744      8.60138    0.0980853    0.0980853
rs0746      8.50330     0.130780     0.196171
rs0747      8.60138     0.130780     0.130780
rs0751      8.92834     0.555817    0.0326951
rs0752      8.40521    0.0980853     0.196171
rs0754      8.47060    0.0980853     0.261561
rs0756      8.43791    0.0653901    0.0980854
rs0758      8.69947     0.228866     0.130780
rs0763      8.47060    0.0980853     0.163476
rs0766      8.69947     0.228866     0.130780
rs0767      8.43791     0.130780     0.163476
rs0768      8.47060    0.0980853     0.196171
rs0769      8.50330     0.130780     0.163476
rs0774      8.40521     0.130780     0.163476
rs0775      8.43791    0.0980853    0.0980854
rs0777      8.27443    0.0980853     0.130780
rs0778      8.43791    0.0980853     0.130780
rs0779      8.86294     0.294256    0.0326952
rs0781      8.53599    0.0653902     0.294256
rs0782      8.33982    0.0980853    0.0980853
rs0786      8.43791     0.130780     0.130780
rs0788      8.40521    0.0980853    0.0653902
rs0790      8.37252    0.0980853     0.130780
rs0793      8.47060    0.0653902     0.130780
rs0794      8.47060    0.0980853     0.163476
rs0797      8.40521      0.00000    0.0326951
rs0799      8.37252    0.0980853     0.130780
rs0800      8.47060    0.0653902    0.0980853
rs0802      8.43791    0.0980853     0.130780
rs0804      8.24174    0.0653902    0.0980853
rs0805      8.20904    0.0653902    0.0653902
rs0806      8.83025     0.326951    0.0653902
rs0809      8.86294     0.130780    0.0653902
rs0810      8.43791     0.130780    0.0980854
rs0811      8.83025     0.261561    0.0653902
rs0812      8.86294     0.163476    0.0653902
rs0815      8.40521    0.0980853     0.130780
rs0818      8.40521    0.0980853    0.0980853
rs0823      8.89564    0.0980854    0.0326951
rs0828      8.40521    0.0980853     0.196171
rs0831      8.83025     0.392341    0.0653902
rs0832      8.33982     0.130780    0.0980853
rs0833      8.73216     0.130780    0.0653901
rs0834      8.63408     0.163476     0.130780
rs0836      8.63408     0.130780     0.130780
rs0838      8.79755     0.196171    0.0653902
rs0839      8.92834     0.163476    0.0326951
rs0840      8.40521    0.0980853     0.163476
rs0842      8.33982    0.0653902    0.0653902
rs0843      8.73216     0.326951    0.0980853
rs0845      8.53599     0.130780     0.130780
rs0846      8.43791    0.0980853     0.261561
rs0847      8.73216     0.326951    0.0980853
rs0850      8.89564     0.163476    0.0326951
rs0853      8.47060     0.130780     0.163476
rs0854      8.50330    0.0980853     0.163476
rs0855      8.79755     0.457731    0.0653902
rs0856      8.86294    0.0980853    0.0326952
rs0860      8.40521    0.0980853     0.425036
rs0865      8.89564     0.130780    0.0653901
rs0866      8.56869    0.0980853     0.130780
rs0868      8.53599     0.130780     0.228866
rs0869      8.37252    0.0653902    0.0980853
rs0871      8.33982    0.0980853     0.359646
rs0872      8.47060    0.0980853    0.0980853
rs0880      8.53599    0.0980854     0.163475
rs0887      8.66677     0.163476     0.130780
rs0891      8.66677     0.163476    0.0980853
rs0892      8.89564    0.0653902    0.0326951
rs0893      8.37252    0.0653902    0.0980853
rs0897      8.50330    0.0980853     0.163476
rs0899      8.47060     0.130780     0.163476
rs0900      8.37252    0.0653902    0.0980853
rs0901      8.27443     0.130780     0.261561
rs0906      8.37252    0.0653902    0.0980853
rs0907      8.47060    0.0980853     0.130780
rs0909      8.43791    0.0980853     0.130780
rs0916      8.43791    0.0980853     0.130780
rs0919      8.43791    0.0980853    0.0653902
rs0920      8.43791    0.0980853     0.130780
rs0921      8.86294     0.163476    0.0326952
rs0922      8.43791    0.0980853     0.130780
rs0923      8.40521     0.130780     0.130780
rs0927      8.43791    0.0980853     0.261561
rs0930      8.43791    0.0980853    0.0980854
rs0932      8.43791    0.0980853    0.0653902
rs0933      8.40521    0.0980853    0.0980853
rs0934      8.47060    0.0980853     0.130780
rs0935      8.40521    0.0980853     0.163476
rs0944      8.43791    0.0980853     0.130780
rs0945      8.50330    0.0980853     0.163476
rs0946      8.53599     0.163476     0.163475
rs0948      8.53599     0.130780     0.130780
rs0950      8.37252    0.0980853     0.130780
rs0953      8.83025     0.196171    0.0653902
rs0957      8.30713    0.0980853    0.0653902
rs0958      8.47060    0.0980853     0.359646
rs0959      8.33982     0.130780     0.196171
rs0960      8.37252    0.0980853     0.130780
rs0962      8.43791    0.0980853     0.294256
rs0967      8.40521    0.0653902     0.130780
rs0968      8.33982    0.0980853     0.130780
rs0970      8.73216     0.326951    0.0980853
rs0976      8.37252    0.0980853    0.0980853
rs0977      8.30713     0.130780     0.261561
rs0979      8.33982     0.130780     0.228866
rs0980      8.92834    0.0653902    0.0326951
rs0981      8.40521    0.0980853    0.0980853
rs0982      8.33982     0.130780     0.130780
rs0983      8.37252    0.0653902     0.130780
rs0984      8.43791    0.0980853    0.0980854
rs0985      8.40521    0.0980853     0.130780
rs0986      8.40521     0.130780     0.163476
rs0989      8.66677     0.228866     0.130780
rs0991      8.86294     0.163476    0.0653902
rs0995      8.50330    0.0653902     0.261561
rs0996      8.43791     0.130780    0.0980854
rs0997      8.56869     0.130780     0.130780
rs0999      8.43791    0.0980853     0.130780
rs1001      8.43791     0.130780     0.163476
rs1002      8.43791     0.130780     0.228866
rs1003      8.43791    0.0980853     0.163476
rs1010      8.92834    0.0653902    0.0326951
rs1014      8.30713    0.0980853     0.130780
rs1016      8.92834     0.490427      0.00000
rs1017      8.33982    0.0980853     0.130780
rs1020      8.40521    0.0980853    0.0980853
rs1021      8.43791    0.0980853     0.130780
rs1028      8.50330    0.0980853     0.130780
rs1029      8.43791    0.0980853     0.163476
rs1030      8.43791    0.0980853    0.0980854
rs1031      8.43791     0.130780     0.163476
rs1032      8.40521    0.0980853    0.0980853
rs1034      8.40521    0.0980853     0.130780
rs1035      8.33982    0.0653902    0.0980853
rs1038      8.40521    0.0980853     0.130780
rs1040      8.37252    0.0980853     0.196171
rs1041      8.37252    0.0653902    0.0980853
rs1043      8.24174    0.0653902     0.163476
rs1045      8.50330    0.0980853     0.130780
rs1047      8.43791    0.0980853     0.130780
rs1048      8.40521    0.0326951    0.0653902
rs1049      8.69947     0.163475    0.0980853
rs1050      8.37252    0.0980853     0.130780
rs1052      8.40521    0.0980853     0.163476
rs1053      8.33982    0.0980853     0.196171
rs1054      8.20904     0.130780     0.228866
rs1055      8.43791    0.0980853    0.0980854
rs1057      8.43791    0.0326951    0.0326952
rs1058      8.76486     0.392341    0.0980853
rs1059      8.66677     0.163476     0.130780
rs1060      8.24174    0.0653902    0.0653902
rs1062      8.47060    0.0653902    0.0980853
rs1065      8.43791    0.0980853     0.163476
rs1068      8.47060    0.0980853     0.261561
rs1070      8.37252    0.0980853     0.163476
rs1072      8.47060    0.0980853     0.130780
rs1073      8.43791     0.130780     0.163476
rs1074      8.40521    0.0980853    0.0980853
rs1076      8.56869     0.130780    0.0980853
rs1077      8.47060    0.0980853    0.0980853
rs1078      8.47060     0.130780     0.196171
rs1079      8.66677     0.196171     0.130780
rs1080      8.47060    0.0980853     0.294256
rs1081      8.47060    0.0653902    0.0980853
rs1082      8.69947     0.196171    0.0980853
rs1083      8.37252    0.0653902     0.392341
rs1084      8.43791    0.0980853     0.163476
rs1087      8.47060    0.0980853     0.196171
rs1091      8.66677     0.228866     0.130780
rs1098      8.43791    0.0980853    0.0980854
rs1100      8.47060    0.0980853     0.196171
rs1102      8.53599    0.0653902    0.0326951
rs1103      8.30713     0.130780    0.0980853
rs1104      8.50330     0.130780     0.130780
rs1105      8.43791    0.0980853    0.0980854
rs1108      8.37252    0.0980853     0.163476
rs1109      8.89564     0.163476    0.0326951
rs1110      8.47060    0.0980853     0.261561
rs1113      8.24174     0.130780     0.196171
rs1114      8.43791    0.0653901     0.196171
rs1117      8.40521    0.0980853     0.130780
rs1118      8.63408     0.130780    0.0980853
rs1119      8.40521     0.130780     0.130780
rs1120      8.96103      1.60206     -1.60206
rs1121      8.47060    0.0653902    0.0326951
rs1122      8.47060    0.0653902    0.0653902
rs1124      8.43791    0.0980853     0.130780
rs1125      8.50330    0.0980853     0.130780
rs1126      8.47060     0.130780    0.0653902
rs1128      8.30713    0.0653902    0.0653902
rs1131      8.47060    0.0326952    0.0326951
rs1132      8.37252    0.0653902    0.0980853
rs1135      8.40521     0.130780     0.163476
rs1137      8.47060    0.0980853     0.163476
rs1142      8.43791    0.0980853     0.130780
rs1143      8.43791     0.130780    0.0980854
rs1145      8.50330    0.0980853    0.0980853
rs1146      8.86294     0.130780    0.0326952
rs1147      8.40521    0.0980853     0.130780
rs1149      8.33982     0.130780     0.163476
rs1151      8.43791     0.130780     0.196171
rs1154      8.43791    0.0980853     0.163476
rs1156      8.43791    0.0980853    0.0980854
rs1157      8.43791    0.0980853    0.0980854
rs1159      8.43791     0.130780    0.0980854
rs1163      8.33982    0.0326951    0.0980853
rs1164      8.24174    0.0980853     0.196171
rs1165      8.47060    0.0980853    0.0326951
rs1166      8.43791    0.0653901    0.0653902
rs1169      8.50330    0.0980853     0.228866
rs1170      8.43791    0.0980853     0.130780
rs1171      8.40521    0.0980853     0.196171
rs1172      8.33982    0.0980853     0.130780
rs1174      8.43791     0.130780     0.196171
rs1176      8.47060    0.0653902    0.0653902
rs1178      8.66677     0.261561     0.130780
rs1179      8.37252    0.0653902    0.0653901
rs1182      8.50330    0.0980853     0.261561
rs1183      8.69947     0.228866    0.0980853
rs1184      8.40521     0.130780     0.130780
rs1185      8.40521    0.0653902     0.130780
rs1187      8.40521    0.0653902    0.0980853
rs1188      8.33982    0.0980853    0.0653902
rs1191      8.76486     0.261561    0.0653902
rs1192      8.40521     0.130780     0.130780
rs1193      8.43791    0.0653901    0.0980854
rs1195      8.50330    0.0653902    0.0980853
rs1198      8.50330     0.228866    0.0980853
rs1200      8.40521    0.0980853    0.0980853
rs1202      8.47060     0.130780    0.0980853
rs1205      8.50330    0.0653902     0.392341
rs1206      7.35897      0.00000      1.43858
rs1207      8.83025     0.163476    0.0653902
rs1208      8.33982    0.0980853     0.196171
rs1209      8.33982    0.0326951    0.0653902
rs1210      8.56869     0.163476     0.196171
rs1211      8.83025     0.163476    0.0653902
rs1212      8.47060    0.0980853     0.163476
rs1213      8.79755     0.294256    0.0653902
rs1217      8.83025     0.196171    0.0653902
rs1220      8.76486     0.359646    0.0653902
rs1229      8.89564     0.163476    0.0326951
rs1236      8.47060    0.0980853    0.0980853
rs1238      8.83025     0.261561    0.0653902
rs1245      8.40521    0.0980853     0.163476
rs1248      8.92834     0.490427    0.0326951
rs1257      8.30713    0.0653902    0.0980853
rs1258      8.50330     0.130780     0.196171
rs1259      8.33982    0.0980853    0.0326952
rs1260      8.37252    0.0980853     0.163476
rs1261      8.33982     0.130780     0.130780
rs1262      8.40521     0.130780     0.130780
rs1263      8.43791    0.0980853    0.0980854
rs1264      8.33982    0.0980853    0.0653902
rs1265      8.40521    0.0980853     0.228866
rs1266      8.50330     0.196171    0.0980853
rs1267      8.96103    0.0653901      0.00000
rs1269      8.20904    0.0980853     0.261561
rs1270      8.37252    0.0980853     0.163476
rs1276      8.40521    0.0980853    0.0980853
rs1278      8.79755     0.359646    0.0653902
rs1280      8.40521    0.0980853    0.0653902
rs1281      8.37252    0.0653902    0.0980853
rs1283      8.33982     0.130780     0.196171
rs1284      8.30713    0.0980853    0.0653902
rs1285      8.37252    0.0980853     0.196171
rs1286      8.47060    0.0980853     0.196171
rs1289      8.43791    0.0980853    0.0653902
rs1290      8.30713     0.130780     0.130780
rs1291      8.40521    0.0653902     0.130780
rs1292      8.50330     0.130780     0.228866
rs1293      8.66677     0.294256    0.0980853
rs1294      8.76486     0.163476    0.0980853
rs1295      8.33982     0.163475     0.130780
rs1296      8.24174    0.0653902    0.0980853
rs1297      8.33982    0.0980853     0.163476
rs1298      8.43791     0.130780    0.0980854
rs1299      8.40521    0.0980853    0.0653902
rs1301      8.83025     0.196171    0.0653902
rs1302      8.40521    0.0980853     0.130780
rs1303      8.27443     0.130780     0.457731
rs1304      8.30713    0.0980853    0.0980853
rs1310      8.43791    0.0980853     0.130780
rs1337      8.86294     0.130780    0.0326952
rs1359      8.33982    0.0653902    0.0980853
rs1368      8.69947     0.457731    0.0653902
rs1437      8.50330    0.0326951    0.0980853
rs1518      8.73216     0.163476    0.0653901
