#Name   Z    Err_down    Err_up
rf0001      8.27443    0.0326951    0.0980853
rf0003      8.63408     0.196171    0.0653901
rf0006      8.37252    0.0326952     0.196171
rf0007      8.63408    0.0980853    0.0653901
rf0008      8.92834    0.0326951    0.0326951
rf0010      8.27443    0.0326951    0.0326951
rf0011      8.47060    0.0653902    0.0653902
rf0014      8.33982    0.0653902     0.196171
rf0015      8.47060      0.00000    0.0326951
rf0017      8.33982    0.0653902    0.0980853
rf0019      8.27443    0.0980853     0.196171
rf0020      8.50330    0.0653902    0.0980853
rf0023      8.30713    0.0326951     0.163476
rf0024      8.53599    0.0980854    0.0980853
rf0028      8.33982    0.0653902     0.130780
rf0029      8.37252    0.0653902    0.0980853
rf0030      8.50330    0.0653902    0.0980853
rf0031      8.50330    0.0326951      0.00000
rf0032      8.43791    0.0326951     0.163476
rf0033      8.30713    0.0653902     0.130780
rf0034      8.27443    0.0326951    0.0980853
rf0040      8.69947     0.261561    0.0653902
rf0042      8.27443    0.0326951    0.0980853
rf0043      8.69947     0.196171    0.0980853
rf0045      8.27443    0.0326951    0.0653902
rf0048      8.30713    0.0326951     0.130780
rf0049      8.30713    0.0653902     0.130780
rf0051      8.27443    0.0653902    0.0653902
rf0053      8.27443    0.0326951      0.00000
rf0058      8.40521    0.0653902     0.163476
rf0059      8.43791    0.0326951    0.0653902
rf0060      8.33982    0.0653902    0.0326952
rf0061      8.43791    0.0653901     0.163476
rf0062      8.56869    0.0653902      0.00000
rf0064      8.27443    0.0326951    0.0326951
rf0065      8.30713    0.0326951    0.0326951
rf0068      8.27443    0.0653902     0.130780
rf0071      8.69947     0.163475    0.0980853
rf0072      8.24174    0.0326951    0.0326951
rf0073      8.27443      0.00000    0.0326951
rf0074      8.63408    0.0980853    0.0980853
rf0076      8.40521    0.0980853    0.0980853
rf0077      8.30713    0.0326951    0.0653902
rf0079      8.37252    0.0653902    0.0980853
rf0083      8.30713    0.0326951     0.228866
rf0084      8.43791    0.0980853    0.0653902
rf0092      8.76486     0.228866    0.0980853
rf0098      8.50330    0.0980853    0.0980853
rf0099      8.33982    0.0653902    0.0326952
rf0102      8.30713    0.0653902     0.196171
rf0104      8.27443    0.0653902    0.0653902
rf0106      8.43791    0.0653901     0.163476
rf0107      8.27443    0.0326951    0.0980853
rf0108      8.27443    0.0326951      0.00000
rf0109      8.43791    0.0653901    0.0980854
rf0110      8.24174    0.0980853     0.130780
rf0111      8.50330     0.163476    0.0653902
rf0117      8.40521    0.0653902     0.163476
rf0118      8.30713    0.0980853     0.130780
rf0119      8.33982    0.0980853    0.0653902
rf0120      8.24174     0.130780    0.0980853
rf0122      8.27443    0.0326951     0.130780
rf0125      8.33982      0.00000      0.00000
rf0126      8.83025     0.294256    0.0653902
rf0128      8.43791    0.0326951    0.0980854
rf0129      8.47060    0.0980853    0.0653902
rf0132      8.53599    0.0653902      0.00000
rf0134      8.43791    0.0653901     0.130780
rf0141      8.27443    0.0653902     0.163475
rf0143      8.40521    0.0653902    0.0653902
rf0145      8.53599    0.0326952     0.130780
rf0147      8.66677    0.0980853     0.130780
rf0150      8.53599    0.0980854     0.196171
rf0154      8.27443    0.0653902    0.0653902
rf0155      8.50330    0.0653902     0.196171
rf0156      8.50330    0.0980853     0.228866
rf0157      8.24174    0.0326951    0.0653902
rf0160      8.50330    0.0980853     0.130780
rf0164      8.50330    0.0980853     0.228866
rf0165      8.40521    0.0980853     0.326951
rf0167      8.47060    0.0980853     0.326951
rf0169      8.33982    0.0653902     0.130780
rf0170      8.53599    0.0653902    0.0980853
rf0171      8.96103     0.621207      0.00000
rf0172      8.47060    0.0653902     0.196171
rf0173      8.50330    0.0980853     0.294256
rf0175      8.40521    0.0980853    0.0980853
rf0176      8.40521    0.0653902     0.196171
rf0177      8.43791    0.0653901    0.0653902
rf0179      8.30713    0.0326951    0.0326951
rf0180      8.40521    0.0653902    0.0653902
rf0181      8.33982    0.0653902     0.130780
rf0191      8.56869    0.0980853     0.163476
rf0192      8.30713    0.0326951     0.228866
rf0193      8.60138    0.0980853     0.130780
rf0195      8.47060    0.0980853     0.163476
rf0197      8.33982    0.0653902    0.0326952
rf0199      8.33982    0.0980853     0.130780
rf0201      8.27443    0.0326951    0.0326951
rf0204      8.27443    0.0326951    0.0653902
rf0205      8.50330    0.0980853     0.196171
rf0206      8.63408    0.0980853    0.0653901
rf0207      8.37252    0.0980853    0.0980853
rf0209      8.89564     0.392341    0.0326951
rf0210      8.33982    0.0326951     0.196171
rf0216      8.50330     0.130780     0.228866
rf0217      8.47060     0.130780     0.359646
rf0218      8.56869    0.0980853     0.130780
rf0223      8.53599    0.0980854     0.130780
rf0226      8.37252    0.0653902     0.163476
rf0227      8.40521    0.0653902    0.0980853
rf0229      8.40521    0.0653902     0.228866
rf0234      8.50330    0.0980853     0.163476
rf0236      8.30713    0.0653902     0.130780
rf0237      8.53599    0.0653902    0.0980853
rf0238      8.33982    0.0653902    0.0980853
rf0241      8.17635    0.0326951    0.0326951
rf0242      8.50330    0.0326951    0.0326952
rf0245      8.63408     0.130780    0.0980853
rf0246      8.24174    0.0653902    0.0326951
rf0247      8.27443    0.0326951    0.0653902
rf0249      8.43791      0.00000      0.00000
rf0250      8.24174      0.00000    0.0326951
rf0251      8.40521    0.0653902    0.0980853
rf0252      8.33982    0.0653902     0.130780
rf0256      8.56869    0.0980853    0.0980853
rf0257      8.27443    0.0326951     0.130780
rf0258      8.50330    0.0980853    0.0653902
rf0259      8.40521    0.0653902     0.130780
rf0262      8.27443    0.0980853    0.0653902
rf0263      8.33982    0.0326951    0.0653902
rf0264      8.47060    0.0653902     0.163476
rf0265      8.27443    0.0326951    0.0326951
rf0266      8.24174    0.0326951    0.0326951
rf0267      8.40521    0.0653902    0.0326951
rf0268      8.37252    0.0980853    0.0980853
rf0269      8.37252    0.0980853     0.130780
rf0272      8.30713    0.0326951    0.0653902
rf0273      8.27443    0.0653902    0.0980853
rf0280      8.27443    0.0326951    0.0326951
rf0283      8.43791    0.0326951      0.00000
rf0284      8.27443    0.0326951    0.0326951
rf0292      8.50330    0.0653902     0.163476
rf0294      8.53599    0.0980854     0.228866
rf0296      8.43791     0.163475     0.163476
rf0297      8.30713    0.0326951    0.0980853
rf0298      8.40521    0.0653902    0.0653902
rf0299      8.30713    0.0326951     0.196171
rf0300      8.37252    0.0653902    0.0653901
rf0302      8.66677    0.0980853     0.130780
rf0303      8.33982    0.0653902    0.0980853
rf0305      8.37252    0.0653902     0.196171
rf0306      8.27443    0.0326951    0.0653902
rf0314      8.30713    0.0980853     0.130780
rf0316      8.47060    0.0653902    0.0980853
rf0318      8.27443    0.0653902    0.0326951
rf0320      8.27443    0.0326951    0.0326951
rf0322      8.43791    0.0980853    0.0980854
rf0323      8.43791    0.0653901    0.0980854
rf0326      8.30713    0.0653902    0.0980853
rf0328      8.53599    0.0980854    0.0980853
rf0331      8.43791    0.0653901    0.0653902
rf0332      8.27443    0.0326951    0.0326951
rf0333      8.50330    0.0980853     0.130780
rf0335      8.27443    0.0653902     0.130780
rf0338      8.27443      0.00000    0.0980853
rf0339      8.50330    0.0980853    0.0980853
rf0340      8.27443    0.0326951    0.0326951
rf0341      8.69947     0.130780     0.163476
rf0342      8.50330    0.0980853    0.0653902
rf0343      8.43791    0.0326951    0.0326952
rf0348      8.53599    0.0653902    0.0653901
rf0351      8.30713    0.0326951    0.0980853
rf0354      8.37252    0.0326952     0.130780
rf0358      8.27443    0.0326951      0.00000
rf0360      8.37252    0.0980853     0.130780
rf0363      8.24174      0.00000    0.0326951
rf0364      8.40521    0.0653902     0.130780
rf0365      8.40521    0.0326951    0.0326951
rf0366      8.27443      0.00000    0.0653902
rf0367      8.33982    0.0653902    0.0326952
rf0368      8.27443    0.0326951    0.0653902
rf0370      8.43791    0.0980853    0.0653902
rf0374      8.33982    0.0653902     0.130780
rf0376      8.47060    0.0326952    0.0326951
rf0378      8.53599    0.0980854     0.130780
rf0381      8.37252    0.0653902    0.0980853
rf0383      8.50330    0.0980853     0.163476
rf0385      8.43791    0.0653901    0.0326952
rf0386      8.47060    0.0653902     0.163476
rf0387      8.47060    0.0653902     0.130780
rf0388      8.50330    0.0980853     0.294256
rf0391      8.33982    0.0653902     0.196171
rf0392      8.27443    0.0326951    0.0326951
rf0393      8.27443    0.0326951    0.0326951
rf0395      8.76486     0.326951    0.0653902
rf0396      8.60138    0.0653901    0.0653902
rf0398      8.53599    0.0980854     0.130780
rf0399      8.43791    0.0326951    0.0326952
rf0400      8.89564    0.0326952    0.0326951
rf0401      8.27443    0.0980853    0.0326951
rf0403      8.33982    0.0653902    0.0326952
rf0412      8.37252    0.0653902    0.0653901
rf0413      8.37252    0.0653902    0.0980853
rf0415      8.50330    0.0653902    0.0653902
rf0417      8.76486     0.163476    0.0653902
rf0418      8.53599    0.0653902     0.163475
rf0419      8.24174      0.00000    0.0326951
rf0425      8.43791    0.0653901     0.130780
rf0426      8.20904     0.130780    0.0980853
rf0427      8.47060    0.0980853     0.130780
rf0428      8.27443      0.00000    0.0980853
rf0430      8.27443    0.0326951     0.130780
rf0431      8.27443    0.0326951    0.0653902
rf0432      8.40521    0.0653902    0.0980853
rf0433      8.40521    0.0653902     0.196171
rf0434      8.27443    0.0326951    0.0980853
rf0436      8.27443    0.0653902     0.163475
rf0439      8.24174    0.0980853    0.0326951
rf0441      8.27443    0.0653902    0.0326951
rf0443      8.37252    0.0980853     0.130780
rf0448      8.47060    0.0980853    0.0653902
rf0450      8.60138    0.0980853     0.130780
rf0452      8.53599    0.0980854     0.392341
rf0453      8.43791    0.0980853    0.0980854
rf0454      8.50330     0.196171    0.0653902
rf0455      8.50330    0.0653902     0.359646
rf0456      8.43791    0.0653901    0.0980854
rf0459      8.27443    0.0326951    0.0326951
rf0460      8.60138    0.0980853    0.0980853
rf0461      8.27443    0.0326951    0.0653902
rf0462      8.27443    0.0326951     0.130780
rf0463      8.63408     0.130780     0.163475
rf0464      8.24174    0.0326951    0.0326951
rf0465      8.33982    0.0653902     0.130780
rf0466      8.40521    0.0653902    0.0980853
rf0467      8.50330    0.0980853    0.0980853
rf0471      8.33982    0.0326951     0.228866
rf0473      8.53599    0.0980854    0.0980853
rf0474      8.27443    0.0326951      0.00000
rf0476      8.30713    0.0326951     0.228866
rf0477      8.30713    0.0326951    0.0980853
rf0478      8.40521     0.130780     0.261561
rf0479      8.27443    0.0326951    0.0326951
rf0480      8.43791     0.130780    0.0980854
rf0482      8.50330    0.0980853    0.0653902
rf0485      8.20904     0.163476    0.0653902
rf0487      8.33982    0.0653902     0.130780
rf0488      8.40521    0.0653902    0.0653902
rf0496      8.27443    0.0326951    0.0653902
rf0497      8.27443     0.163476     0.130780
rf0498      8.24174     0.130780    0.0980853
rf0499      8.27443    0.0326951    0.0653902
rf0500      8.43791    0.0653901     0.130780
rf0503      8.33982    0.0326951    0.0326952
rf0505      8.33982    0.0653902     0.163476
rf0507      8.40521    0.0653902    0.0980853
rf0510      8.37252      0.00000      0.00000
rf0511      8.37252    0.0653902     0.196171
rf0513      8.50330    0.0980853     0.163476
rf0518      8.30713    0.0653902    0.0653902
rf0524      8.30713    0.0980853    0.0980853
rf0545      8.33982    0.0980853     0.163476
rf0583      8.27443    0.0980853     0.130780
rf0591      8.47060    0.0980853     0.130780
rf0607      8.43791    0.0980853    0.0326952
rf0622      8.27443    0.0653902    0.0980853
rf0630      8.24174    0.0653902    0.0326951
rf0632      8.24174     0.163476    0.0980853
rf0642      8.24174      0.00000    0.0326951
rf0644      8.14365    0.0980853     0.130780
rf0663      8.27443    0.0653902      0.00000
rf0684      8.47060    0.0653902     0.228866
rf0693      8.27443    0.0653902    0.0326951
rf0695      8.40521     0.130780    0.0980853
rf0701      8.30713    0.0653902     0.228866
rf0707      8.37252    0.0326952     0.130780
rf0713      8.27443    0.0653902     0.130780
rf0730      8.47060    0.0980853     0.130780
rf0739      8.40521     0.163476     0.163476
rf0745      8.24174     0.130780    0.0326951
rf0783      8.27443    0.0326951     0.130780
rf0795      8.30713    0.0326951    0.0980853
rs0001      8.27443    0.0326951    0.0326951
rs0002      8.40521    0.0653902    0.0653902
rs0003      8.30713    0.0326951    0.0653902
rs0010      8.33982    0.0326951     0.196171
rs0011      8.47060     0.163476    0.0653902
rs0012      8.30713    0.0326951     0.130780
rs0013      8.33982    0.0653902    0.0653902
rs0017      8.66677    0.0980853    0.0980853
rs0019      8.69947     0.196171    0.0980853
rs0020      8.37252    0.0980853    0.0980853
rs0023      8.50330     0.196171     0.228866
rs0030      8.37252    0.0653902    0.0653901
rs0035      8.24174      0.00000    0.0326951
rs0038      8.56869    0.0980853     0.163476
rs0039      8.27443    0.0326951    0.0653902
rs0041      8.40521    0.0980853    0.0980853
rs0042      8.33982    0.0326951     0.261561
rs0045      8.43791    0.0653901    0.0980854
rs0046      8.56869    0.0980853     0.163476
rs0047      8.27443    0.0980853    0.0980853
rs0048      8.47060    0.0980853     0.196171
rs0050      8.56869    0.0980853     0.130780
rs0051      8.56869     0.130780    0.0980853
rs0052      8.43791    0.0653901    0.0653902
rs0054      8.27443    0.0326951    0.0980853
rs0062      8.27443    0.0326951      0.00000
rs0063      8.50330    0.0326951    0.0653902
rs0064      8.53599    0.0653902     0.130780
rs0065      8.50330     0.196171    0.0653902
rs0068      8.37252    0.0980853     0.163476
rs0070      8.30713    0.0326951     0.163476
rs0077      8.79755     0.359646    0.0980854
rs0081      8.27443    0.0326951    0.0653902
rs0082      8.37252    0.0980853    0.0980853
rs0083      8.30713    0.0653902    0.0653902
rs0084      8.47060    0.0980853    0.0653902
rs0085      8.43791    0.0653901    0.0653902
rs0087      8.37252    0.0653902    0.0980853
rs0088      8.27443    0.0326951    0.0653902
rs0089      8.56869    0.0980853     0.130780
rs0090      8.27443    0.0326951      0.00000
rs0092      8.30713    0.0326951    0.0653902
rs0093      8.50330     0.130780     0.261561
rs0094      8.37252    0.0326952    0.0980853
rs0095      8.27443    0.0326951      0.00000
rs0096      8.53599    0.0980854     0.163475
rs0097      8.27443    0.0326951      0.00000
rs0098      8.47060    0.0653902     0.130780
rs0099      8.27443     0.130780     0.163475
rs0103      8.56869    0.0980853     0.228866
rs0104      8.53599     0.130780     0.130780
rs0105      8.37252    0.0980853    0.0653901
rs0106      8.27443    0.0980853     0.130780
rs0111      8.27443      0.00000     0.130780
rs0113      8.43791      0.00000    0.0326952
rs0118      8.40521    0.0653902     0.130780
rs0120      8.47060    0.0653902    0.0653902
rs0121      8.47060    0.0980853     0.196171
rs0122      8.27443    0.0326951    0.0980853
rs0123      8.63408    0.0980853    0.0653901
rs0124      8.27443    0.0326951    0.0980853
rs0126      8.56869     0.163476    0.0653902
rs0127      8.33982    0.0326951    0.0653902
rs0128      8.56869    0.0980853     0.163476
rs0129      8.86294    0.0980853    0.0653902
rs0130      8.43791    0.0980853    0.0653902
rs0132      8.24174    0.0980853    0.0980853
rs0133      8.63408    0.0653902    0.0326951
rs0134      8.47060    0.0326952    0.0980853
rs0135      8.50330    0.0653902     0.130780
rs0137      8.43791    0.0653901    0.0326952
rs0138      8.30713    0.0326951    0.0980853
rs0140      8.24174      0.00000    0.0326951
rs0141      8.37252    0.0653902    0.0326951
rs0143      8.53599    0.0653902     0.196171
rs0145      8.43791    0.0980853    0.0980854
rs0146      8.27443    0.0326951    0.0326951
rs0147      8.43791    0.0653901    0.0653902
rs0148      8.73216    0.0980853    0.0653901
rs0149      8.40521    0.0653902    0.0980853
rs0150      8.33982    0.0653902    0.0653902
rs0153      8.63408     0.130780     0.163475
rs0154      8.27443    0.0326951     0.130780
rs0156      8.33982    0.0653902    0.0653902
rs0158      8.27443    0.0980853     0.130780
rs0163      8.50330    0.0653902    0.0653902
rs0165      8.33982    0.0326951     0.130780
rs0166      8.56869    0.0980853    0.0326951
rs0167      8.27443    0.0326951    0.0326951
rs0168      8.27443    0.0326951    0.0326951
rs0170      8.30713    0.0326951    0.0326951
rs0171      8.30713    0.0326951     0.196171
rs0172      8.47060    0.0653902    0.0653902
rs0174      8.40521    0.0980853    0.0980853
rs0175      8.40521    0.0326951    0.0653902
rs0178      8.27443    0.0326951      0.00000
rs0179      8.40521    0.0653902     0.196171
rs0180      8.43791    0.0653901     0.163476
rs0182      8.53599    0.0980854     0.163475
rs0183      8.60138    0.0980853    0.0980853
rs0184      8.37252    0.0980853     0.130780
rs0185      8.56869    0.0980853     0.163476
rs0188      8.73216     0.163476    0.0980853
rs0189      8.63408    0.0980853    0.0653901
rs0192      8.50330    0.0653902    0.0980853
rs0193      8.47060    0.0653902     0.130780
rs0195      8.47060    0.0653902     0.228866
rs0200      8.96103      1.60206     -1.60206
rs0201      8.83025     0.130780    0.0653902
rs0203      8.50330    0.0980853    0.0326952
rs0206      8.56869    0.0980853     0.196171
rs0209      8.56869    0.0653902    0.0980853
rs0210      8.43791     0.130780    0.0653902
rs0211      8.79755     0.326951    0.0653902
rs0212      8.33982    0.0653902     0.196171
rs0215      8.33982    0.0653902     0.130780
rs0218      8.33982    0.0653902    0.0653902
rs0220      8.27443    0.0326951    0.0326951
rs0221      8.50330    0.0653902     0.130780
rs0224      8.53599    0.0980854     0.130780
rs0225      8.43791    0.0653901     0.130780
rs0226      8.30713    0.0326951    0.0653902
rs0227      8.50330    0.0653902     0.228866
rs0228      8.37252    0.0653902    0.0980853
rs0231      8.33982    0.0326951    0.0653902
rs0236      8.27443    0.0326951     0.163475
rs0237      8.63408    0.0653902    0.0980853
rs0240      8.92834    0.0653902      0.00000
rs0241      8.37252    0.0653902    0.0326951
rs0242      8.40521    0.0653902    0.0980853
rs0243      8.53599    0.0980854    0.0980853
rs0246      8.27443    0.0326951      0.00000
rs0247      8.24174    0.0326951    0.0326951
rs0250      8.50330    0.0980853     0.163476
rs0251      8.37252     0.130780     0.130780
rs0255      8.30713    0.0326951    0.0980853
rs0256      8.27443      0.00000    0.0653902
rs0257      8.33982    0.0653902     0.196171
rs0259      8.47060    0.0326952    0.0326951
rs0260      8.53599    0.0980854     0.294256
rs0262      8.27443      0.00000    0.0326951
rs0263      8.63408     0.130780     0.130780
rs0264      8.27443    0.0326951      0.00000
rs0267      8.60138    0.0980853    0.0653902
rs0268      8.60138    0.0980853    0.0653902
rs0269      8.30713    0.0653902    0.0980853
rs0270      8.76486     0.294256    0.0980853
rs0273      8.33982    0.0326951    0.0653902
rs0274      8.40521    0.0326951     0.196171
rs0275      8.30713    0.0326951     0.163476
rs0276      8.37252    0.0653902    0.0326951
rs0277      8.37252    0.0980853     0.130780
rs0280      8.53599    0.0653902     0.228866
rs0282      8.50330    0.0326951    0.0653902
rs0283      8.40521    0.0326951    0.0980853
rs0284      8.40521    0.0653902    0.0326951
rs0288      8.47060    0.0980853     0.425036
rs0289      8.43791    0.0653901    0.0980854
rs0290      8.33982    0.0653902    0.0980853
rs0297      8.33982    0.0653902    0.0980853
rs0303      8.27443    0.0653902    0.0980853
rs0306      8.47060    0.0653902    0.0653902
rs0308      8.43791    0.0980853     0.261561
rs0313      8.50330    0.0980853     0.261561
rs0314      8.37252    0.0653902     0.130780
rs0316      8.56869    0.0980853    0.0653902
rs0318      8.24174    0.0326951    0.0326951
rs0320      8.56869    0.0653902    0.0653902
rs0323      8.43791    0.0653901    0.0653902
rs0325      8.43791    0.0653901     0.130780
rs0328      8.47060    0.0980853    0.0653902
rs0330      8.27443     0.130780     0.163475
rs0331      8.47060    0.0653902    0.0653902
rs0334      8.43791    0.0653901    0.0653902
rs0336      8.37252    0.0653902     0.196171
rs0337      8.43791    0.0653901    0.0326952
rs0339      8.73216     0.294256    0.0653901
rs0340      8.43791    0.0653901    0.0980854
rs0341      8.30713    0.0326951    0.0326951
rs0343      8.30713    0.0653902    0.0653902
rs0344      8.27443      0.00000    0.0980853
rs0345      8.27443    0.0326951    0.0326951
rs0349      8.27443    0.0326951      0.00000
rs0350      8.40521    0.0653902    0.0653902
rs0354      8.27443      0.00000    0.0653902
rs0358      8.50330    0.0980853    0.0653902
rs0363      8.33982    0.0980853    0.0653902
rs0364      8.27443    0.0326951    0.0980853
rs0365      8.30713    0.0653902     0.163476
rs0367      8.40521    0.0653902    0.0653902
rs0371      8.60138    0.0980853     0.130780
rs0372      8.27443    0.0653902    0.0653902
rs0373      8.33982    0.0326951    0.0980853
rs0374      8.27443    0.0653902    0.0980853
rs0376      8.43791    0.0653901     0.163476
rs0377      8.37252    0.0653902     0.130780
rs0380      8.30713    0.0326951    0.0653902
rs0384      8.30713      0.00000     0.228866
rs0386      8.27443    0.0326951    0.0980853
rs0389      8.27443    0.0326951    0.0653902
rs0391      8.43791    0.0653901     0.130780
rs0392      8.27443    0.0326951      0.00000
rs0393      8.40521    0.0653902    0.0326951
rs0394      8.27443    0.0326951      0.00000
rs0401      8.53599    0.0653902     0.163475
rs0408      8.27443    0.0326951    0.0653902
rs0409      8.50330    0.0980853    0.0980853
rs0410      8.27443    0.0326951     0.130780
rs0411      8.27443      0.00000    0.0980853
rs0416      8.27443    0.0326951    0.0326951
rs0417      8.96103      1.60206     -1.60206
rs0418      8.40521    0.0980853    0.0653902
rs0419      8.37252    0.0653902    0.0653901
rs0420      8.56869    0.0980853    0.0326951
rs0421      8.27443    0.0326951    0.0653902
rs0422      8.27443    0.0326951    0.0326951
rs0423      8.30713    0.0653902     0.196171
rs0424      8.27443      0.00000    0.0653902
rs0425      8.43791    0.0653901    0.0653902
rs0427      8.43791    0.0980853    0.0653902
rs0428      8.37252    0.0326952     0.196171
rs0429      8.27443      0.00000     0.130780
rs0430      8.27443    0.0326951    0.0653902
rs0432      8.11096    0.0980853    0.0326951
rs0433      8.40521    0.0653902     0.130780
rs0435      8.37252    0.0980853    0.0653901
rs0437      8.27443    0.0326951    0.0326951
rs0442      8.27443    0.0326951     0.163475
rs0444      8.27443      0.00000    0.0326951
rs0449      8.60138    0.0980853    0.0653902
rs0452      8.43791    0.0653901    0.0653902
rs0453      8.86294    0.0980853    0.0326952
rs0454      8.50330    0.0980853     0.130780
rs0456      8.40521    0.0653902    0.0980853
rs0458      8.43791    0.0980853     0.196171
rs0460      8.27443    0.0326951    0.0653902
rs0463      8.27443    0.0980853    0.0980853
rs0467      8.33982    0.0980853    0.0653902
rs0468      8.37252    0.0653902    0.0980853
rs0469      8.27443    0.0326951     0.130780
rs0470      8.27443    0.0653902    0.0653902
rs0472      8.27443    0.0326951      0.00000
rs0473      8.27443    0.0326951    0.0326951
rs0476      8.53599    0.0980854     0.196171
rs0477      8.24174    0.0326951    0.0326951
rs0480      8.40521    0.0653902    0.0980853
rs0485      8.27443    0.0326951    0.0326951
rs0492      8.27443     0.130780    0.0980853
rs0493      8.27443    0.0326951    0.0653902
rs0494      8.60138     0.130780     0.130780
rs0495      8.30713    0.0326951     0.163476
rs0496      8.50330    0.0653902     0.163476
rs0505      8.47060    0.0980853     0.294256
rs0508      8.30713    0.0653902    0.0653902
rs0512      8.53599    0.0980854     0.163475
rs0516      8.27443      0.00000    0.0653902
rs0517      8.47060    0.0980853     0.392341
rs0519      8.33982    0.0326951    0.0653902
rs0520      8.33982    0.0326951    0.0326952
rs0521      8.40521    0.0653902    0.0653902
rs0522      8.50330    0.0980853     0.130780
rs0524      8.33982    0.0653902     0.130780
rs0526      8.33982    0.0326951    0.0653902
rs0528      8.73216     0.228866    0.0653901
rs0529      8.33982    0.0326951    0.0653902
rs0531      8.86294     0.130780    0.0326952
rs0532      8.40521    0.0653902    0.0326951
rs0534      8.33982    0.0326951     0.196171
rs0536      8.27443    0.0326951    0.0653902
rs0538      8.47060    0.0653902    0.0653902
rs0541      8.73216     0.196171    0.0653901
rs0542      8.27443     0.163476     0.163475
rs0543      8.30713    0.0653902     0.130780
rs0545      8.27443    0.0653902    0.0653902
rs0546      8.47060    0.0326952    0.0653902
rs0548      8.27443    0.0326951    0.0980853
rs0549      8.37252    0.0653902    0.0326951
rs0553      8.43791     0.130780    0.0980854
rs0554      8.69947    0.0653901    0.0653902
rs0555      8.50330    0.0653902    0.0980853
rs0556      8.07826    0.0326951    0.0326951
rs0559      8.30713    0.0326951    0.0653902
rs0560      8.56869    0.0980853    0.0653902
rs0562      8.27443    0.0653902     0.196171
rs0564      8.47060     0.130780    0.0980853
rs0566      8.30713    0.0326951    0.0653902
rs0568      8.37252    0.0653902    0.0653901
rs0571      8.27443    0.0653902    0.0653902
rs0572      8.56869    0.0980853     0.228866
rs0573      8.40521    0.0980853    0.0653902
rs0574      8.56869    0.0980853     0.163476
rs0578      8.60138    0.0980853     0.130780
rs0579      8.40521    0.0326951     0.130780
rs0585      8.37252    0.0653902     0.196171
rs0586      8.27443    0.0326951    0.0326951
rs0588      8.33982    0.0653902     0.196171
rs0591      8.50330    0.0980853     0.228866
rs0598      8.53599    0.0653902     0.130780
rs0599      8.63408     0.130780    0.0653901
rs0602      8.37252    0.0653902     0.163476
rs0609      8.43791    0.0326951    0.0653902
rs0615      8.47060    0.0980853     0.163476
rs0616      8.60138    0.0980853     0.163476
rs0617      8.96103    0.0326951      0.00000
rs0618      8.43791     0.130780    0.0980854
rs0620      8.40521    0.0653902    0.0653902
rs0623      8.30713    0.0326951     0.196171
rs0626      8.43791    0.0653901    0.0653902
rs0627      8.50330    0.0653902     0.130780
rs0630      8.40521    0.0653902     0.196171
rs0637      8.50330    0.0980853     0.196171
rs0638      8.56869     0.163476     0.196171
rs0640      8.50330     0.130780    0.0653902
rs0641      8.50330    0.0653902     0.163476
rs0644      8.50330     0.130780    0.0326952
rs0645      8.47060    0.0653902     0.196171
rs0656      8.43791      0.00000    0.0653902
rs0660      8.53599    0.0980854     0.261561
rs0667      8.56869    0.0653902    0.0980853
rs0670      8.79755     0.392341    0.0980854
rs0671      8.40521    0.0653902    0.0653902
rs0677      8.43791    0.0653901     0.196171
rs0679      8.40521    0.0653902     0.163476
rs0691      8.47060    0.0980853     0.425036
rs0696      8.79755     0.228866    0.0653902
rs0703      8.47060    0.0980853     0.294256
rs0708      8.53599    0.0980854    0.0980853
rs0710      8.33982    0.0653902    0.0653902
rs0713      8.27443    0.0980853    0.0980853
rs0720      8.60138    0.0980853    0.0326952
rs0722      8.50330     0.196171    0.0653902
rs0724      8.53599    0.0653902     0.163475
rs0726      8.33982    0.0653902    0.0980853
rs0727      8.27443    0.0653902     0.130780
rs0731      8.37252    0.0653902    0.0653901
rs0733      8.56869    0.0980853     0.196171
rs0734      8.43791    0.0653901    0.0653902
rs0738      8.40521    0.0653902     0.130780
rs0740      8.30713    0.0653902    0.0980853
rs0741      8.53599    0.0980854     0.130780
rs0743      8.27443    0.0653902    0.0980853
rs0744      8.63408     0.163476    0.0326951
rs0746      8.53599     0.130780     0.130780
rs0747      8.60138     0.130780     0.130780
rs0751      8.47060    0.0980853     0.392341
rs0752      8.37252    0.0980853     0.163476
rs0754      8.47060    0.0980853     0.163476
rs0756      8.33982    0.0326951    0.0653902
rs0758      8.53599    0.0980854     0.130780
rs0763      8.47060    0.0980853    0.0980853
rs0766      8.56869    0.0980853     0.130780
rs0767      8.37252    0.0980853     0.130780
rs0768      8.43791    0.0653901    0.0653902
rs0769      8.47060    0.0980853     0.130780
rs0774      8.30713    0.0326951     0.196171
rs0775      8.30713    0.0326951     0.163476
rs0777      8.27443    0.0653902    0.0326951
rs0778      8.33982    0.0653902    0.0653902
rs0779      8.56869    0.0653902    0.0653902
rs0781      8.56869    0.0653902    0.0653902
rs0782      8.27443    0.0326951      0.00000
rs0786      8.40521     0.130780    0.0980853
rs0788      8.27443      0.00000    0.0653902
rs0790      8.27443    0.0326951     0.130780
rs0793      8.40521    0.0326951     0.196171
rs0794      8.43791    0.0653901     0.196171
rs0797      8.47060    0.0326952      0.00000
rs0799      8.30713    0.0653902    0.0980853
rs0800      8.43791    0.0326951    0.0980854
rs0802      8.33982    0.0653902    0.0653902
rs0804      8.24174      0.00000    0.0326951
rs0805      8.24174    0.0326951    0.0326951
rs0806      8.53599    0.0980854    0.0980853
rs0809      8.69947     0.228866    0.0980853
rs0810      8.33982    0.0653902     0.163476
rs0811      8.56869    0.0653902    0.0980853
rs0812      8.73216     0.294256    0.0653901
rs0815      8.27443    0.0326951    0.0653902
rs0818      8.30713    0.0326951    0.0980853
rs0823      8.76486     0.196171    0.0326951
rs0828      8.33982    0.0326951     0.196171
rs0831      8.47060    0.0653902     0.326951
rs0832      8.27443    0.0653902    0.0653902
rs0833      8.63408     0.228866    0.0326951
rs0834      8.53599    0.0653902    0.0653901
rs0836      8.66677     0.130780    0.0980853
rs0838      8.63408     0.130780    0.0980853
rs0839      8.50330    0.0980853     0.294256
rs0840      8.30713    0.0326951    0.0653902
rs0842      8.27443      0.00000      0.00000
rs0843      8.47060    0.0653902     0.163476
rs0845      8.53599    0.0980854     0.130780
rs0846      8.43791    0.0653901     0.130780
rs0847      8.47060    0.0653902     0.130780
rs0850      8.50330    0.0980853     0.294256
rs0853      8.43791    0.0980853     0.130780
rs0854      8.47060    0.0653902     0.163476
rs0855      8.40521    0.0980853     0.359646
rs0856      8.89564    0.0980854    0.0326951
rs0860      8.40521    0.0653902     0.359646
rs0865      8.83025     0.326951    0.0980853
rs0866      8.56869    0.0653902     0.130780
rs0868      8.47060    0.0653902     0.130780
rs0869      8.30713    0.0326951    0.0326951
rs0871      8.30713    0.0653902    0.0980853
rs0872      8.43791    0.0980853     0.130780
rs0880      8.53599    0.0980854    0.0980853
rs0887      8.56869    0.0653902    0.0980853
rs0891      8.66677     0.130780    0.0980853
rs0892      8.40521    0.0653902     0.196171
rs0893      8.27443      0.00000    0.0653902
rs0897      8.40521    0.0326951    0.0980853
rs0899      8.47060     0.130780    0.0980853
rs0900      8.27443      0.00000    0.0326951
rs0901      8.24174     0.130780    0.0980853
rs0906      8.27443      0.00000    0.0326951
rs0907      8.43791    0.0980853    0.0980854
rs0909      8.40521    0.0653902    0.0653902
rs0916      8.33982    0.0326951     0.163476
rs0919      8.40521     0.130780    0.0653902
rs0920      8.40521    0.0653902    0.0653902
rs0921      8.60138     0.130780     0.130780
rs0922      8.37252    0.0326952     0.228866
rs0923      8.30713    0.0653902    0.0653902
rs0927      8.47060    0.0980853     0.196171
rs0930      8.30713    0.0326951     0.163476
rs0932      8.33982    0.0653902    0.0980853
rs0933      8.27443    0.0326951    0.0653902
rs0934      8.40521    0.0653902    0.0653902
rs0935      8.30713    0.0326951     0.196171
rs0944      8.33982    0.0653902    0.0326952
rs0945      8.47060    0.0653902     0.163476
rs0946      8.53599     0.163476     0.130780
rs0948      8.50330    0.0653902     0.163476
rs0950      8.27443    0.0326951    0.0653902
rs0953      8.63408    0.0653902    0.0980853
rs0957      8.27443    0.0326951      0.00000
rs0958      8.47060    0.0980853     0.130780
rs0959      8.27443    0.0653902    0.0326951
rs0960      8.27443    0.0326951    0.0653902
rs0962      8.40521    0.0653902     0.130780
rs0967      8.40521    0.0653902    0.0653902
rs0968      8.27443    0.0653902    0.0653902
rs0970      8.47060    0.0980853     0.163476
rs0976      8.27443    0.0326951    0.0653902
rs0977      8.30713    0.0653902     0.196171
rs0979      8.27443    0.0980853    0.0980853
rs0980      8.47060    0.0653902     0.163476
rs0981      8.27443      0.00000    0.0653902
rs0982      8.27443    0.0653902    0.0326951
rs0983      8.30713    0.0326951    0.0653902
rs0984      8.37252    0.0326952    0.0326951
rs0985      8.30713    0.0653902    0.0980853
rs0986      8.27443    0.0653902     0.196171
rs0989      8.50330    0.0653902    0.0980853
rs0991      8.53599    0.0653902     0.163475
rs0995      8.53599    0.0980854    0.0653901
rs0996      8.30713    0.0326951     0.196171
rs0997      8.53599    0.0980854    0.0653901
rs0999      8.40521    0.0980853    0.0980853
rs1001      8.30713    0.0326951    0.0980853
rs1002      8.40521    0.0980853     0.163476
rs1003      8.40521    0.0653902     0.163476
rs1010      8.79755     0.196171     0.130780
rs1014      8.27443    0.0326951      0.00000
rs1016      8.53599    0.0980854     0.261561
rs1017      8.27443    0.0653902    0.0653902
rs1020      8.33982    0.0653902    0.0980853
rs1021      8.33982    0.0653902    0.0653902
rs1028      8.40521    0.0326951     0.163476
rs1029      8.37252    0.0653902    0.0326951
rs1030      8.30713    0.0326951    0.0326951
rs1031      8.47060     0.163476    0.0980853
rs1032      8.33982    0.0653902    0.0653902
rs1034      8.37252    0.0980853    0.0653901
rs1035      8.27443      0.00000    0.0326951
rs1038      8.27443      0.00000    0.0653902
rs1040      8.30713    0.0653902     0.163476
rs1041      8.30713    0.0653902    0.0653902
rs1043      8.24174    0.0326951    0.0653902
rs1045      8.50330    0.0980853    0.0980853
rs1047      8.37252    0.0653902    0.0326951
rs1048      8.43791    0.0326951    0.0980854
rs1049      8.63408    0.0980853    0.0980853
rs1050      8.27443    0.0326951    0.0653902
rs1052      8.37252    0.0653902    0.0653901
rs1053      8.24174    0.0326951    0.0326951
rs1054      8.20904    0.0980853    0.0980853
rs1055      8.30713    0.0326951     0.163476
rs1057      8.50330    0.0653902    0.0326952
rs1058      8.43791    0.0653901     0.261561
rs1059      8.56869    0.0980853    0.0980853
rs1060      8.24174      0.00000    0.0326951
rs1062      8.50330    0.0653902    0.0980853
rs1065      8.37252    0.0653902    0.0980853
rs1068      8.47060    0.0980853     0.163476
rs1070      8.27443    0.0326951    0.0653902
rs1072      8.43791    0.0980853    0.0326952
rs1073      8.37252    0.0980853     0.130780
rs1074      8.27443      0.00000    0.0980853
rs1076      8.56869    0.0980853    0.0980853
rs1077      8.40521    0.0653902     0.196171
rs1078      8.43791    0.0980853     0.163476
rs1079      8.53599    0.0653902     0.163475
rs1080      8.47060    0.0980853     0.163476
rs1081      8.40521    0.0326951    0.0326951
rs1082      8.56869    0.0653902    0.0980853
rs1083      8.33982    0.0326951     0.130780
rs1084      8.37252    0.0326952    0.0980853
rs1087      8.47060    0.0980853     0.130780
rs1091      8.50330    0.0980853     0.130780
rs1098      8.37252    0.0653902    0.0980853
rs1100      8.43791    0.0653901    0.0653902
rs1102      8.56869    0.0653902    0.0326951
rs1103      8.24174    0.0326951    0.0326951
rs1104      8.47060    0.0980853    0.0980853
rs1105      8.33982    0.0653902    0.0980853
rs1108      8.27443    0.0326951     0.130780
rs1109      8.53599    0.0653902     0.196171
rs1110      8.43791    0.0653901     0.130780
rs1113      8.24174     0.163476    0.0653902
rs1114      8.47060    0.0980853     0.196171
rs1117      8.30713    0.0326951    0.0653902
rs1118      8.56869    0.0653902    0.0653902
rs1119      8.30713    0.0653902     0.163476
rs1120      8.37252      1.01355     -1.01355
rs1121      8.50330    0.0653902     0.294256
rs1122      8.56869    0.0980853     0.130780
rs1124      8.40521    0.0980853     0.163476
rs1125      8.47060    0.0653902    0.0980853
rs1126      8.30713    0.0326951    0.0326951
rs1128      8.27443    0.0326951    0.0326951
rs1131      8.50330      0.00000    0.0326952
rs1132      8.27443    0.0326951    0.0980853
rs1135      8.30713    0.0653902     0.196171
rs1137      8.40521    0.0326951    0.0653902
rs1142      8.33982    0.0653902     0.163476
rs1143      8.27443    0.0326951    0.0980853
rs1145      8.56869     0.163476    0.0653902
rs1146      8.83025     0.196171    0.0653902
rs1147      8.30713    0.0653902     0.196171
rs1149      8.27443    0.0653902    0.0980853
rs1151      8.43791     0.130780     0.130780
rs1154      8.40521    0.0326951    0.0653902
rs1156      8.33982    0.0653902    0.0653902
rs1157      8.30713    0.0326951    0.0980853
rs1159      8.30713    0.0326951     0.130780
rs1163      8.30713    0.0653902    0.0653902
rs1164      8.24174    0.0980853    0.0653902
rs1165      8.43791    0.0653901    0.0326952
rs1166      8.43791    0.0980853    0.0326952
rs1169      8.50330    0.0980853    0.0326952
rs1170      8.40521    0.0653902    0.0653902
rs1171      8.40521    0.0653902    0.0653902
rs1172      8.27443    0.0326951    0.0326951
rs1174      8.50330     0.163476    0.0980853
rs1176      8.47060    0.0653902    0.0326951
rs1178      8.47060    0.0980853    0.0326951
rs1179      8.30713    0.0326951    0.0653902
rs1182      8.47060    0.0980853     0.130780
rs1183      8.53599    0.0980854     0.130780
rs1184      8.30713    0.0653902    0.0980853
rs1185      8.40521    0.0653902    0.0980853
rs1187      8.33982    0.0653902    0.0653902
rs1188      8.27443    0.0326951    0.0326951
rs1191      8.50330    0.0653902    0.0653902
rs1192      8.27443    0.0653902     0.130780
rs1193      8.40521    0.0653902    0.0980853
rs1195      8.50330    0.0653902    0.0326952
rs1198      8.27443    0.0326951    0.0653902
rs1200      8.27443      0.00000     0.130780
rs1202      8.40521    0.0980853    0.0653902
rs1205      8.53599    0.0653902    0.0653901
rs1206      8.79755     0.228866    0.0326952
rs1207      8.53599    0.0653902     0.130780
rs1208      8.27443    0.0653902     0.130780
rs1209      8.30713    0.0326951    0.0653902
rs1210      8.50330    0.0980853     0.163476
rs1211      8.60138    0.0980853    0.0980853
rs1212      8.40521    0.0653902    0.0980853
rs1213      8.50330    0.0653902     0.294256
rs1217      8.76486     0.163476    0.0980853
rs1220      8.50330    0.0980853    0.0980853
rs1229      8.79755     0.359646    0.0653902
rs1236      8.40521    0.0653902    0.0653902
rs1238      8.50330    0.0653902    0.0980853
rs1245      8.33982    0.0653902    0.0980853
rs1248      8.53599    0.0980854    0.0980853
rs1257      8.27443    0.0326951      0.00000
rs1258      8.47060    0.0653902    0.0980853
rs1259      8.27443    0.0326951    0.0326951
rs1260      8.27443    0.0326951     0.130780
rs1261      8.27443    0.0653902    0.0653902
rs1262      8.30713    0.0653902     0.130780
rs1263      8.33982    0.0653902     0.196171
rs1264      8.27443    0.0326951      0.00000
rs1265      8.37252    0.0653902     0.163476
rs1266      8.30713    0.0326951    0.0980853
rs1267      8.79755     0.294256    0.0980854
rs1269      8.17635    0.0980853    0.0980853
rs1270      8.27443    0.0326951    0.0980853
rs1276      8.27443      0.00000    0.0326951
rs1278      8.50330    0.0980853     0.130780
rs1280      8.33982    0.0653902     0.130780
rs1281      8.30713    0.0326951    0.0653902
rs1283      8.27443    0.0653902    0.0980853
rs1284      8.27443    0.0326951      0.00000
rs1285      8.33982    0.0980853     0.130780
rs1286      8.43791    0.0653901     0.130780
rs1289      8.33982    0.0326951    0.0980853
rs1290      8.27443    0.0653902    0.0326951
rs1291      8.30713    0.0326951    0.0326951
rs1292      8.50330     0.130780     0.163476
rs1293      8.43791    0.0653901    0.0653902
rs1294      8.60138    0.0653901    0.0653902
rs1295      8.24174    0.0653902    0.0980853
rs1296      8.24174    0.0326951    0.0326951
rs1297      8.27443    0.0326951      0.00000
rs1298      8.30713    0.0326951     0.163476
rs1299      8.33982    0.0653902    0.0326952
rs1301      8.73216     0.196171     0.130780
rs1302      8.27443    0.0326951     0.163475
rs1303      8.24174    0.0980853     0.130780
rs1304      8.27443    0.0326951    0.0653902
rs1310      8.37252    0.0653902    0.0653901
rs1337      8.56869    0.0980853    0.0653902
rs1359      8.27443      0.00000    0.0326951
rs1368      8.30713     0.130780     0.326951
rs1437      8.56869    0.0653902     0.130780
rs1518      8.73216     0.130780    0.0980853
