#Name   Z    Err_down    Err_up
rf0001      7.52245     0.163476     0.621207
rf0003      8.79755     0.130780    0.0980854
rf0006      8.24174     0.555817     0.359646
rf0007      8.79755     0.163475    0.0980854
rf0008      8.96103    0.0326951      0.00000
rf0010      7.68592     0.326951     0.425036
rf0011      8.47060     0.130780     0.130780
rf0014      7.75131     0.392341     0.490426
rf0015      8.66677     0.130780    0.0326951
rf0017      7.68592     0.196171     0.555817
rf0019      7.78401     0.425036     0.588512
rf0020      8.37252     0.817378     0.490426
rf0023      7.62053     0.261561     0.588512
rf0024      8.66677     0.163476    0.0980853
rf0028      8.07826     0.523122     0.326951
rf0029      8.27443     0.588512     0.359646
rf0030      8.60138     0.130780    0.0980853
rf0031      8.56869     0.130780    0.0653902
rf0032      8.24174     0.457731     0.359646
rf0033      7.65323     0.294256     0.621207
rf0034      7.52245     0.163476     0.523122
rf0040      8.86294     0.163476    0.0326952
rf0042      8.14365     0.588512     0.261561
rf0043      8.56869     0.130780    0.0653902
rf0045      7.58784     0.228866     0.523122
rf0048      8.07826     0.653902     0.392341
rf0049      7.75131     0.392341     0.523122
rf0051      7.42436    0.0653902     0.719292
rf0053      8.04557     0.621207     0.261561
rf0058      8.37252     0.261561     0.425036
rf0059      7.98018     0.588512     0.392341
rf0060      8.14365     0.621207     0.261561
rf0061      8.20904     0.555817     0.392341
rf0062      8.47060     0.130780     0.326951
rf0064      7.52245     0.163476     0.523122
rf0065      7.68592     0.326951     0.555817
rf0068      7.62053     0.261561     0.621207
rf0071      8.96103     0.130780      0.00000
rf0072      7.35897      0.00000     0.784682
rf0073      8.33982     0.228866     0.228866
rf0074      8.79755     0.163475    0.0980854
rf0076      7.88209     0.457731     0.425036
rf0077      8.27443     0.490426     0.457731
rf0079      8.17635     0.523122     0.326951
rf0083      7.84940     0.490426     0.392341
rf0084      8.24174     0.326951     0.392341
rf0092      8.96103     0.457731      0.00000
rf0098      8.47060     0.130780    0.0653902
rf0099      8.07826     0.457731     0.326951
rf0102      8.04557     0.653902     0.294256
rf0104      7.58784     0.228866     0.686597
rf0106      8.27443     0.392341     0.425036
rf0107      7.62053     0.261561     0.555817
rf0108      7.55514     0.196171     0.457731
rf0109      8.50330     0.130780    0.0980853
rf0110      7.58784     0.228866     0.621207
rf0111      8.30713     0.294256     0.359646
rf0117      7.98018     0.523122     0.359646
rf0118      7.52245     0.163476     0.588512
rf0119      8.01287     0.588512     0.326951
rf0120      7.35897      0.00000     0.653902
rf0122      7.35897      0.00000     0.686597
rf0125      8.40521    0.0653902     0.130780
rf0126      8.96103    0.0980853      0.00000
rf0128      8.04557     0.457731     0.392341
rf0129      8.24174     0.359646     0.392341
rf0132      8.60138     0.228866     0.130780
rf0134      8.53599     0.130780     0.130780
rf0141      7.42436    0.0653902     0.653902
rf0143      8.33982     0.261561     0.392341
rf0145      8.66677     0.163476    0.0980853
rf0147      8.86294     0.130780    0.0653902
rf0150      8.60138     0.130780    0.0653902
rf0154      8.24174     0.392341     0.392341
rf0155      8.47060     0.163476     0.261561
rf0156      8.63408     0.130780     0.130780
rf0157      8.04557     0.686597     0.196171
rf0160      8.37252     0.392341     0.425036
rf0164      8.86294     0.130780    0.0653902
rf0165      8.56869     0.130780     0.130780
rf0167      8.37252    0.0980853    0.0980853
rf0169      7.78401     0.392341     0.490426
rf0170      8.47060     0.130780    0.0326951
rf0171      8.96103    0.0980853      0.00000
rf0172      8.50330     0.294256     0.392341
rf0173      8.50330     0.130780    0.0653902
rf0175      8.20904     0.457731     0.326951
rf0176      8.63408     0.130780    0.0980853
rf0177      8.30713     0.294256     0.392341
rf0179      8.11096     0.588512     0.261561
rf0180      8.40521     0.261561     0.359646
rf0181      8.17635     0.653902     0.326951
rf0191      8.89564     0.130780    0.0326951
rf0192      7.68592     0.326951     0.555817
rf0193      8.89564     0.130780    0.0653901
rf0195      8.63408     0.163476    0.0980853
rf0197      8.79755      1.43858     0.163476
rf0199      7.65323     0.294256     0.425036
rf0201      7.35897      0.00000     0.817378
rf0204      8.96103      1.60206      0.00000
rf0205      8.92834    0.0653902    0.0326951
rf0206      8.76486     0.163476    0.0980853
rf0207      8.01287     0.653902     0.326951
rf0209      8.92834     0.130780    0.0326951
rf0210      8.11096     0.523122     0.294256
rf0216      8.83025     0.163476    0.0653902
rf0217      8.63408     0.130780     0.130780
rf0218      8.47060     0.784682     0.457731
rf0223      8.83025     0.228866    0.0653902
rf0226      8.27443     0.294256     0.425036
rf0227      8.30713     0.326951     0.359646
rf0229      8.56869     0.163476    0.0980853
rf0234      8.79755     0.130780    0.0980854
rf0236      7.65323     0.294256     0.555817
rf0237      8.89564     0.457731    0.0326951
rf0238      7.84940     0.457731     0.425036
rf0241      7.62053     0.261561     0.457731
rf0242      8.56869    0.0980853    0.0326951
rf0245      8.50330     0.294256     0.392341
rf0246      7.98018     0.621207     0.359646
rf0247      8.17635     0.523122     0.621207
rf0249      8.66677    0.0980853      0.00000
rf0250      8.17635     0.621207     0.326951
rf0251      8.50330     0.130780    0.0980853
rf0252      8.17635     0.621207     0.294256
rf0256      8.76486     0.163476    0.0980853
rf0257      7.52245     0.163476     0.653902
rf0258      8.30713     0.228866    0.0653902
rf0259      8.17635     0.523122     0.359646
rf0262      7.58784     0.228866     0.588512
rf0263      8.33982     0.326951     0.359646
rf0264      8.79755     0.130780    0.0980854
rf0265      8.11096     0.653902     0.326951
rf0266      8.11096     0.653902     0.261561
rf0267      8.24174     0.457731     0.228866
rf0268      8.11096     0.621207     0.294256
rf0269      8.07826     0.719292     0.294256
rf0272      8.07826     0.621207     0.294256
rf0273      7.52245     0.163476     0.719292
rf0280      7.58784     0.228866     0.588512
rf0283      8.56869    0.0980853    0.0653902
rf0284      8.14365     0.751987     0.686597
rf0292      8.79755     0.196171    0.0980854
rf0294      8.92834    0.0980853    0.0326951
rf0296      8.04557     0.686597     0.392341
rf0297      8.30713     0.261561     0.261561
rf0298      8.17635     0.457731     0.261561
rf0299      7.98018     0.555817     0.392341
rf0300      8.33982     0.261561     0.457731
rf0302      8.79755      1.43858     0.163476
rf0303      8.11096     0.555817     0.294256
rf0305      8.17635     0.555817     0.261561
rf0306      7.94748     0.588512     0.359646
rf0314      8.17635     0.621207     0.359646
rf0316      8.79755      1.43858     0.163476
rf0318      8.83025      1.47128     0.130780
rf0320      7.39166    0.0326951     0.751987
rf0322      8.01287     0.653902     0.392341
rf0323      8.43791     0.196171     0.425036
rf0326      7.71862     0.359646     0.555817
rf0328      8.66677     0.130780     0.130780
rf0331      8.40521     0.392341     0.326951
rf0332      8.14365     0.686597     0.228866
rf0333      8.37252     0.130780     0.163476
rf0335      7.55514     0.196171     0.621207
rf0338      8.96103      1.60206      0.00000
rf0339      8.89564      1.53667    0.0653901
rf0340      8.11096     0.555817     0.228866
rf0341      8.92834     0.130780    0.0326951
rf0342      7.45706    0.0980853     0.653902
rf0343      8.96103      1.60206      0.00000
rf0348      8.73216    0.0980853    0.0326951
rf0351      8.30713     0.261561     0.228866
rf0354      8.96103      1.60206      0.00000
rf0358      8.17635     0.588512     0.359646
rf0360      8.14365     0.751987     0.359646
rf0363      8.11096     0.686597     0.261561
rf0364      8.53599     0.130780     0.130780
rf0365      7.35897      0.00000     0.980853
rf0366      8.79755      1.43858     0.163476
rf0367      7.35897      0.00000     0.784682
rf0368      8.07826     0.621207     0.261561
rf0370      8.17635     0.555817     0.196171
rf0374      8.40521     0.196171     0.294256
rf0376      8.43791     0.130780     0.228866
rf0378      8.40521     0.130780     0.163476
rf0381      8.20904     0.621207     0.294256
rf0383      8.96103     0.130780      0.00000
rf0385      8.27443     0.392341     0.326951
rf0386      8.47060    0.0980853     0.196171
rf0387      8.56869     0.163476     0.196171
rf0388      8.63408     0.130780    0.0326951
rf0391      7.75131     0.392341     0.490426
rf0392      7.98018     0.621207     0.261561
rf0393      7.42436    0.0653902     0.719292
rf0395      8.92834    0.0980853    0.0326951
rf0396      8.60138     0.130780     0.359646
rf0398      8.73216     0.163476    0.0980853
rf0399      8.33982     0.261561     0.326951
rf0400      8.96103    0.0326951      0.00000
rf0401      7.35897      0.00000     0.686597
rf0403      8.43791     0.228866     0.228866
rf0412      8.30713     0.294256     0.326951
rf0413      8.30713     0.261561     0.359646
rf0415      8.63408     0.130780     0.130780
rf0417      8.92834    0.0653902    0.0326951
rf0418      8.47060     0.163476     0.130780
rf0419      8.07826     0.719292     0.196171
rf0425      8.37252     0.196171     0.425036
rf0426      7.35897      0.00000     0.751987
rf0427      8.56869     0.130780    0.0980853
rf0428      7.71862     0.228866     0.523122
rf0430      7.71862     0.359646     0.523122
rf0431      7.39166    0.0326951     0.653902
rf0432      8.20904     0.555817     0.261561
rf0433      8.27443     0.326951     0.425036
rf0434      8.04557     0.588512     0.326951
rf0436      8.04557     0.686597     0.359646
rf0439      7.35897      0.00000     0.751987
rf0441      7.52245     0.163476     0.719292
rf0443      7.98018     0.621207     0.294256
rf0448      8.30713     0.228866     0.392341
rf0450      8.37252     0.163476    0.0653901
rf0452      8.56869     0.130780     0.196171
rf0453      8.20904     0.523122     0.359646
rf0454      8.07826     0.588512     0.294256
rf0455      8.76486     0.163476    0.0980853
rf0456      8.14365     0.490426     0.359646
rf0459      7.52245     0.163476     0.686597
rf0460      8.83025     0.130780    0.0653902
rf0461      8.20904     0.457731     0.294256
rf0462      7.65323     0.294256     0.588512
rf0463      8.86294     0.130780    0.0653902
rf0464      8.11096     0.751987     0.163476
rf0465      8.11096     0.555817     0.294256
rf0466      8.30713     0.294256     0.359646
rf0467      8.24174     0.523122     0.392341
rf0471      8.20904     0.555817     0.392341
rf0473      8.40521     0.359646     0.392341
rf0474      8.07826     0.719292     0.228866
rf0476      8.17635     0.588512     0.261561
rf0477      8.14365     0.653902     0.457731
rf0478      8.66677     0.294256     0.294256
rf0479      7.62053     0.261561     0.621207
rf0480      7.91479     0.555817     0.392341
rf0482      8.79755      1.43858     0.163476
rf0485      7.42436    0.0653902     0.719292
rf0487      8.96103      1.60206      0.00000
rf0488      8.79755      1.43858     0.163476
rf0496      7.39166    0.0326951      1.40589
rf0497      7.62053     0.261561     0.653902
rf0498      7.35897      0.00000     0.719292
rf0499      8.83025      1.47128     0.130780
rf0500      8.20904     0.294256     0.130780
rf0503      8.79755      1.43858     0.163476
rf0505      8.96103      1.60206      0.00000
rf0507      8.14365     0.523122     0.359646
rf0510      8.96103      1.60206     -1.60206
rf0511      8.14365     0.588512     0.294256
rf0513      8.73216     0.130780    0.0980853
rf0518      7.35897      0.00000     0.784682
rf0524      7.68592     0.326951     0.523122
rf0545      7.35897      0.00000      1.01355
rf0583      7.35897      0.00000     0.751987
rf0591      8.27443     0.392341     0.425036
rf0607      7.62053     0.261561     0.621207
rf0622      7.65323     0.294256     0.588512
rf0630      8.07826     0.719292     0.261561
rf0632      7.75131     0.392341     0.555817
rf0642      7.39166    0.0326951     0.784682
rf0644      8.17635     0.751987     0.359646
rf0663      7.35897      0.00000     0.850073
rf0684      8.69947     0.130780    0.0980853
rf0693      7.35897      0.00000     0.915463
rf0695      7.35897      0.00000     0.882768
rf0701      7.52245     0.163476     0.588512
rf0707      8.50330     0.130780     0.130780
rf0713      7.75131     0.392341     0.523122
rf0730      8.63408     0.163476    0.0980853
rf0739      8.83025      1.47128     0.130780
rf0745      7.39166    0.0326951     0.523122
rf0783      7.35897      0.00000     0.719292
rf0795      7.45706    0.0980853     0.588512
rs0001      8.27443     0.359646     0.392341
rs0002      8.33982     0.261561     0.392341
rs0003      8.79755      1.43858     0.163476
rs0010      8.11096     0.490426     0.294256
rs0011      7.78401     0.359646     0.490426
rs0012      8.30713     0.392341     0.392341
rs0013      8.27443     0.457731     0.425036
rs0017      8.14365     0.490426     0.163476
rs0019      8.69947     0.163475    0.0980853
rs0020      7.55514     0.196171     0.653902
rs0023      8.60138     0.130780    0.0980853
rs0030      8.33982     0.130780    0.0980853
rs0035      8.11096     0.751987     0.196171
rs0038      8.53599     0.294256     0.359646
rs0039      7.68592     0.326951     0.523122
rs0041      8.17635     0.817378     0.359646
rs0042      8.30713     0.261561     0.523122
rs0045      8.24174     0.326951     0.425036
rs0046      8.86294    0.0980853    0.0653902
rs0047      7.39166    0.0326951     0.751987
rs0048      8.63408     0.163476    0.0980853
rs0050      8.73216     0.163476    0.0980853
rs0051      8.79755     0.163475    0.0653902
rs0052      8.47060     0.130780    0.0980853
rs0054      8.07826     0.555817     0.359646
rs0062      7.75131     0.261561     0.457731
rs0063      8.20904     0.490427     0.392341
rs0064      8.86294     0.490426    0.0653902
rs0065      8.17635     0.588512     0.261561
rs0068      8.14365     0.555817     0.359646
rs0070      7.71862     0.359646     0.490427
rs0077      8.89564     0.130780    0.0326951
rs0081      8.11096     0.751987     0.751987
rs0082      7.35897      0.00000     0.784682
rs0083      7.68592     0.294256     0.457731
rs0084      8.79755      1.43858     0.163476
rs0085      8.24174     0.457731     0.326951
rs0087      8.43791     0.130780     0.163476
rs0088      8.14365     0.588512     0.228866
rs0089      8.86294     0.130780    0.0653902
rs0090      8.07826     0.719292     0.261561
rs0092      8.79755      1.43858     0.163476
rs0093      8.86294     0.163476    0.0326952
rs0094      8.43791     0.196171     0.457731
rs0095      7.35897      0.00000     0.882768
rs0096      8.86294     0.130780    0.0653902
rs0097      8.17635     0.621207     0.457731
rs0098      8.69947     0.163475    0.0980853
rs0099      7.91479     0.555817     0.425036
rs0103      8.89564     0.130780    0.0326951
rs0104      8.69947     0.163475    0.0980853
rs0105      7.81670     0.457731     0.425036
rs0106      7.48975     0.130780     0.686597
rs0111      7.39166    0.0326951     0.719292
rs0113      8.60138     0.130780    0.0653902
rs0118      8.33982     0.228866     0.457731
rs0120      8.27443     0.130780     0.163475
rs0121      8.66677     0.130780     0.130780
rs0122      8.11096     0.621207     0.326951
rs0123      8.60138    0.0980853    0.0326952
rs0124      7.42436    0.0653902     0.719292
rs0126      8.43791     0.163475     0.425036
rs0127      8.76486     0.359646     0.163476
rs0128      8.79755     0.163475    0.0980854
rs0129      8.92834    0.0980853    0.0326951
rs0130      7.98018     0.621207     0.326951
rs0132      7.52245     0.163476     0.588512
rs0133      8.56869     0.130780    0.0653902
rs0134      8.63408    0.0980853    0.0653901
rs0135      8.60138     0.163476     0.130780
rs0137      8.33982     0.196171     0.359646
rs0138      7.71862     0.359646     0.490427
rs0140      7.35897      0.00000     0.850073
rs0141      8.01287     0.457731     0.294256
rs0143      8.89564    0.0980854    0.0653901
rs0145      8.37252     0.163476     0.163476
rs0146      8.24174     0.490426     0.196171
rs0147      8.47060     0.163476     0.130780
rs0148      8.96103    0.0326951      0.00000
rs0149      8.17635     0.490426     0.359646
rs0150      7.65323     0.294256     0.523122
rs0153      8.86294     0.261561    0.0653902
rs0154      7.65323     0.294256     0.555817
rs0156      8.27443     0.359646     0.196171
rs0158      7.65323     0.294256     0.555817
rs0163      8.66677     0.261561     0.163476
rs0165      8.27443     0.523122     0.392341
rs0166      8.76486     0.130780    0.0980853
rs0167      8.17635     0.621207     0.457731
rs0168      7.98018     0.621207     0.261561
rs0170      8.14365     0.588512     0.294256
rs0171      8.20904     0.555817     0.294256
rs0172      8.27443     0.359646     0.425036
rs0174      7.78401     0.326951     0.523122
rs0175      8.50330     0.163476     0.359646
rs0178      8.83025     0.130780     0.130780
rs0179      8.76486      1.40589     0.196171
rs0180      8.40521     0.228866     0.392341
rs0182      8.37252     0.196171     0.392341
rs0183      8.92834     0.130780    0.0326951
rs0184      7.71862     0.359646     0.523122
rs0185      8.69947     0.130780     0.163476
rs0188      8.86294     0.130780    0.0653902
rs0189      8.79755      1.43858     0.163476
rs0192      8.11096     0.751987     0.784682
rs0193      8.47060     0.130780    0.0980853
rs0195      8.92834      1.56936    0.0326951
rs0200      7.81670     0.457731    0.0653902
rs0201      8.79755      1.43858     0.163476
rs0203      8.47060    0.0980853    0.0980853
rs0206      8.92834     0.130780    0.0326951
rs0209      8.86294     0.130780    0.0653902
rs0210      7.94748     0.588512     0.326951
rs0211      8.89564     0.130780    0.0326951
rs0212      8.07826     0.555817     0.294256
rs0215      7.58784     0.228866     0.555817
rs0218      8.79755      1.43858     0.163476
rs0220      8.11096     0.719292     0.228866
rs0221      8.69947     0.163475    0.0980853
rs0224      8.33982    0.0326951    0.0326952
rs0225      8.40521     0.163476    0.0653902
rs0226      8.17635     0.555817     0.196171
rs0227      8.89564     0.130780    0.0326951
rs0228      7.78401     0.228866     0.588512
rs0231      8.27443     0.490426     0.359646
rs0236      7.62053     0.261561     0.555817
rs0237      8.63408     0.130780    0.0326951
rs0240      8.96103     0.326951      0.00000
rs0241      8.30713     0.261561     0.457731
rs0242      8.33982     0.261561     0.359646
rs0243      8.76486     0.163476    0.0980853
rs0246      8.20904     0.490427     0.392341
rs0247      7.48975     0.130780     0.457731
rs0250      8.86294     0.457731    0.0326952
rs0251      7.88209     0.523122     0.457731
rs0255      8.20904     0.588512     0.294256
rs0256      8.37252     0.294256     0.326951
rs0257      8.07826     0.490426     0.359646
rs0259      8.60138     0.130780     0.228866
rs0260      8.92834    0.0980853    0.0326951
rs0262      8.11096     0.555817     0.228866
rs0263      8.83025     0.163476    0.0653902
rs0264      8.11096     0.751987     0.228866
rs0267      8.79755      1.43858     0.163476
rs0268      8.79755      1.43858     0.163476
rs0269      8.24174     0.523122     0.425036
rs0270      8.86294     0.130780    0.0653902
rs0273      8.20904     0.523122     0.392341
rs0274      8.30713     0.294256     0.392341
rs0275      8.79755      1.43858     0.163476
rs0276      8.27443     0.523122     0.294256
rs0277      7.71862     0.326951     0.555817
rs0280      8.47060     0.130780    0.0653902
rs0282      8.50330     0.130780    0.0653902
rs0283      8.27443     0.490426     0.392341
rs0284      8.24174     0.621207     0.359646
rs0288      8.69947     0.163475    0.0980853
rs0289      8.30713     0.294256     0.359646
rs0290      7.75131     0.359646     0.523122
rs0297      7.71862     0.359646     0.555817
rs0303      7.45706    0.0980853     0.555817
rs0306      8.33982    0.0980853     0.130780
rs0308      8.63408     0.130780     0.130780
rs0313      8.69947     0.163475     0.130780
rs0314      8.33982     0.261561     0.425036
rs0316      8.47060     0.130780     0.425036
rs0318      8.76486      1.40589    0.0653902
rs0320      8.86294     0.163476    0.0653902
rs0323      8.33982     0.228866     0.326951
rs0325      7.88209     0.523122     0.392341
rs0328      8.07826     0.490426     0.359646
rs0330      8.07826     0.719292     0.392341
rs0331      8.27443     0.294256     0.359646
rs0334      8.50330     0.130780    0.0980853
rs0336      8.24174     0.523122     0.326951
rs0337      8.43791     0.196171     0.326951
rs0339      8.89564     0.130780    0.0326951
rs0340      8.40521     0.228866     0.359646
rs0341      8.17635     0.653902     0.555817
rs0343      8.04557     0.523122     0.294256
rs0344      8.14365     0.555817     0.326951
rs0345      7.42436    0.0653902     0.621207
rs0349      7.39166    0.0326951     0.588512
rs0350      8.43791     0.163475     0.130780
rs0354      8.11096     0.621207     0.261561
rs0358      8.63408     0.294256     0.163475
rs0363      7.81670     0.457731     0.490427
rs0364      7.35897      0.00000     0.751987
rs0365      7.65323     0.294256     0.588512
rs0367      8.14365     0.653902     0.490427
rs0371      8.73216     0.163476    0.0980853
rs0372      7.98018     0.588512     0.359646
rs0373      8.53599     0.261561     0.294256
rs0374      7.98018     0.523122     0.359646
rs0376      8.37252     0.261561     0.392341
rs0377      8.47060     0.130780    0.0980853
rs0380      8.76486     0.490426     0.163476
rs0384      8.24174     0.555817     0.392341
rs0386      8.20904     0.490427     0.588512
rs0389      7.58784     0.228866     0.326951
rs0391      8.63408     0.130780     0.130780
rs0392      8.73216      1.14433    0.0326951
rs0393      8.20904     0.490427     0.294256
rs0394      7.48975     0.130780     0.719292
rs0401      8.79755     0.130780    0.0980854
rs0408      8.33982     0.261561     0.326951
rs0409      7.35897      0.00000     0.784682
rs0410      7.65323     0.294256     0.555817
rs0411      7.75131     0.326951     0.425036
rs0416      7.35897      0.00000     0.784682
rs0417      7.35897      0.00000     0.882768
rs0418      7.75131     0.392341     0.490426
rs0419      8.37252     0.163476     0.261561
rs0420      8.96103      1.60206      0.00000
rs0421      7.42436    0.0653902     0.490426
rs0422      7.48975     0.130780     0.588512
rs0423      8.79755     0.294256     0.130780
rs0424      7.68592     0.196171     0.425036
rs0425      8.14365     0.359646     0.163476
rs0427      7.75131     0.261561     0.555817
rs0428      8.24174     0.490426     0.326951
rs0429      7.91479     0.523122     0.326951
rs0430      7.48975     0.130780     0.686597
rs0432      7.71862     0.359646     0.294256
rs0433      8.33982     0.294256     0.326951
rs0435      7.84940     0.490426     0.392341
rs0437      8.24174     0.490426     0.196171
rs0442      7.35897      0.00000     0.751987
rs0444      7.42436    0.0653902     0.621207
rs0449      8.83025     0.425036    0.0980853
rs0452      8.50330    0.0980853     0.130780
rs0453      8.96103    0.0326951      0.00000
rs0454      8.79755      1.43858     0.163476
rs0456      8.17635     0.392341     0.228866
rs0458      8.86294     0.163476    0.0653902
rs0460      7.65323     0.294256     0.523122
rs0463      8.60138     0.261561    0.0980853
rs0467      7.81670     0.425036     0.457731
rs0468      8.11096     0.751987     0.850073
rs0469      8.07826     0.719292     0.261561
rs0470      7.58784     0.228866     0.621207
rs0472      7.39166    0.0326951     0.621207
rs0473      7.48975     0.130780     0.719292
rs0476      8.56869     0.163476    0.0980853
rs0477      8.79755      1.43858     0.163476
rs0480      8.20904     0.523122     0.326951
rs0485      8.07826     0.621207     0.294256
rs0492      7.35897      0.00000     0.915463
rs0493      8.24174     0.359646     0.621207
rs0494      8.83025     0.163476    0.0980853
rs0495      7.78401     0.392341     0.490426
rs0496      8.66677     0.163476    0.0980853
rs0505      8.96103     0.326951      0.00000
rs0508      7.98018     0.555817     0.326951
rs0512      8.79755      1.43858     0.163476
rs0516      8.14365     0.490426     0.196171
rs0517      8.89564     0.196171    0.0326951
rs0519      8.37252     0.196171     0.326951
rs0520      8.20904     0.588512     0.261561
rs0521      8.33982     0.294256     0.392341
rs0522      8.60138     0.130780     0.130780
rs0524      8.11096     0.555817     0.261561
rs0526      8.27443     0.294256     0.392341
rs0528      8.96103    0.0653901      0.00000
rs0529      8.27443     0.555817     0.261561
rs0531      8.92834    0.0980853    0.0326951
rs0532      8.37252     0.163476     0.228866
rs0534      8.79755      1.43858     0.163476
rs0536      8.73216     0.719292     0.163476
rs0538      8.60138    0.0980853     0.130780
rs0541      8.89564    0.0980854    0.0326951
rs0542      8.27443     0.751987     0.555817
rs0543      8.17635     0.621207     0.294256
rs0545      7.35897      0.00000     0.751987
rs0546      8.27443     0.490426     0.326951
rs0548      8.11096     0.621207     0.490426
rs0549      8.27443     0.392341     0.326951
rs0553      8.04557     0.523122     0.326951
rs0554      8.96103      0.00000      0.00000
rs0555      8.76486     0.130780    0.0980853
rs0556      7.35897      0.00000     0.457731
rs0559      8.30713     0.326951     0.392341
rs0560      8.79755     0.130780    0.0980854
rs0562      7.94748     0.588512     0.392341
rs0564      7.98018     0.523122     0.359646
rs0566      8.11096     0.555817     0.457731
rs0568      8.14365     0.523122     0.261561
rs0571      7.55514     0.196171     0.588512
rs0572      8.86294     0.163476    0.0653902
rs0573      7.98018     0.555817     0.326951
rs0574      8.86294     0.196171    0.0653902
rs0578      8.76486     0.163476    0.0980853
rs0579      8.47060    0.0980853    0.0326951
rs0585      7.98018     0.523122     0.359646
rs0586      8.11096     0.686597     0.457731
rs0588      7.35897      0.00000      1.20972
rs0591      8.50330    0.0980853    0.0980853
rs0598      8.96103    0.0653901      0.00000
rs0599      8.73216     0.163476     0.130780
rs0602      8.30713     0.294256     0.392341
rs0609      8.37252     0.228866     0.294256
rs0615      8.56869     0.130780    0.0980853
rs0616      8.63408     0.163476     0.196171
rs0617      8.96103    0.0653901      0.00000
rs0618      8.14365     0.653902     0.326951
rs0620      8.14365     0.490426     0.359646
rs0623      7.65323     0.294256     0.588512
rs0626      7.88209     0.523122     0.392341
rs0627      8.53599     0.130780     0.130780
rs0630      7.88209     0.523122     0.196171
rs0637      8.56869     0.130780     0.130780
rs0638      8.69947     0.163475     0.130780
rs0640      8.17635     0.490426     0.326951
rs0641      8.33982     0.163475     0.457731
rs0644      8.01287     0.555817     0.326951
rs0645      8.60138     0.163476    0.0980853
rs0656      8.63408     0.163476     0.130780
rs0660      8.92834     0.130780    0.0326951
rs0667      8.86294     0.163476    0.0326952
rs0670      8.92834     0.228866      0.00000
rs0671      8.24174     0.457731     0.359646
rs0677      8.27443     0.359646     0.425036
rs0679      8.53599     0.130780     0.130780
rs0691      8.92834     0.653902    0.0326951
rs0696      8.89564    0.0980854    0.0653901
rs0703      8.76486     0.163476    0.0980853
rs0708      8.60138     0.130780      0.00000
rs0710      8.17635     0.490426     0.359646
rs0713      7.52245     0.163476     0.621207
rs0720      7.94748     0.261561     0.196171
rs0722      8.04557     0.555817     0.326951
rs0724      8.89564     0.130780    0.0326951
rs0726      8.04557     0.686597     0.294256
rs0727      8.47060     0.294256     0.228866
rs0731      8.47060     0.228866     0.392341
rs0733      8.79755     0.130780    0.0980854
rs0734      8.53599     0.163476     0.130780
rs0738      8.50330     0.130780    0.0980853
rs0740      8.24174     0.523122     0.359646
rs0741      8.96103    0.0653901      0.00000
rs0743      7.68592     0.294256     0.523122
rs0744      8.73216     0.163476    0.0980853
rs0746      8.17635     0.555817     0.425036
rs0747      8.17635     0.523122     0.130780
rs0751      8.50330    0.0980853    0.0980853
rs0752      8.20904     0.621207     0.294256
rs0754      8.53599     0.130780     0.130780
rs0756      8.07826     0.555817     0.326951
rs0758      8.73216     0.163476    0.0980853
rs0763      8.33982     0.261561     0.359646
rs0766      8.69947     0.163475    0.0980853
rs0767      7.84940     0.490426     0.425036
rs0768      8.33982     0.163475     0.425036
rs0769      8.27443     0.490426     0.425036
rs0774      8.14365     0.621207     0.261561
rs0775      7.71862     0.359646     0.555817
rs0777      7.45706    0.0980853     0.784682
rs0778      8.14365     0.555817     0.261561
rs0779      8.92834     0.392341    0.0326951
rs0781      8.53599    0.0980854    0.0980853
rs0782      8.14365     0.784682     0.457731
rs0786      8.01287     0.653902     0.326951
rs0788      8.17635     0.523122     0.228866
rs0790      7.58784     0.228866     0.621207
rs0793      8.30713     0.261561     0.392341
rs0794      8.33982     0.261561     0.359646
rs0797      8.53599    0.0980854    0.0980853
rs0799      7.68592     0.326951     0.555817
rs0800      8.20904     0.490427     0.294256
rs0802      7.98018     0.523122     0.326951
rs0804      8.14365     0.653902     0.228866
rs0805      7.35897      0.00000     0.588512
rs0806      8.76486     0.130780    0.0980853
rs0809      8.89564    0.0980854    0.0653901
rs0810      7.62053     0.261561     0.588512
rs0811      8.86294     0.523122    0.0653902
rs0812      8.86294     0.163476    0.0326952
rs0815      7.98018     0.555817     0.326951
rs0818      8.07826     0.555817     0.261561
rs0823      8.96103    0.0653901      0.00000
rs0828      8.24174     0.490426     0.392341
rs0831      8.73216     0.130780    0.0980853
rs0832      8.07826     0.588512     0.261561
rs0833      8.83025     0.163476    0.0980853
rs0834      8.69947     0.130780     0.130780
rs0836      8.73216     0.163476     0.130780
rs0838      8.83025     0.130780    0.0653902
rs0839      8.89564     0.490427    0.0326951
rs0840      8.27443     0.326951     0.425036
rs0842      7.58784     0.228866     0.425036
rs0843      8.63408     0.130780     0.130780
rs0845      8.37252     0.294256     0.392341
rs0846      8.17635     0.490426     0.163475
rs0847      8.69947     0.163475     0.130780
rs0850      8.76486     0.130780    0.0980853
rs0853      8.27443     0.425036     0.359646
rs0854      8.20904     0.588512     0.359646
rs0855      8.60138     0.130780    0.0980853
rs0856      8.92834    0.0326951    0.0326951
rs0860      8.79755      1.43858     0.163476
rs0865      8.89564     0.130780    0.0653901
rs0866      8.60138     0.130780     0.130780
rs0868      8.60138     0.130780     0.130780
rs0869      8.24174     0.392341     0.228866
rs0871      8.40521     0.228866     0.326951
rs0872      8.14365     0.621207     0.261561
rs0880      8.56869     0.130780     0.130780
rs0887      8.76486     0.163476    0.0980853
rs0891      8.69947     0.130780     0.130780
rs0892      8.89564     0.228866    0.0326951
rs0893      8.14365     0.621207     0.261561
rs0897      8.43791     0.196171     0.392341
rs0899      8.11096     0.751987     0.817378
rs0900      8.79755      1.43858     0.163476
rs0901      7.58784     0.228866     0.653902
rs0906      8.17635     0.555817     0.425036
rs0907      8.27443     0.457731     0.294256
rs0909      8.24174     0.457731     0.294256
rs0916      8.27443     0.523122     0.359646
rs0919      7.68592     0.326951     0.555817
rs0920      8.17635     0.523122     0.294256
rs0921      8.89564     0.130780    0.0326951
rs0922      8.30713     0.196171     0.228866
rs0923      7.58784     0.228866     0.555817
rs0927      7.35897      0.00000     0.784682
rs0930      7.98018     0.523122     0.359646
rs0932      7.58784     0.228866     0.588512
rs0933      8.14365     0.784682     0.523122
rs0934      8.33982     0.261561     0.392341
rs0935      8.37252     0.130780     0.228866
rs0944      8.20904     0.555817     0.359646
rs0945      8.37252     0.261561     0.392341
rs0946      8.30713     0.555817     0.523122
rs0948      8.43791     0.130780     0.130780
rs0950      8.20904     0.523122     0.326951
rs0953      8.56869     0.130780    0.0653902
rs0957      8.11096     0.751987     0.196171
rs0958      8.63408     0.196171     0.163475
rs0959      7.52245     0.163476     0.686597
rs0960      7.35897      0.00000     0.784682
rs0962      8.50330     0.130780    0.0980853
rs0967      8.33982     0.228866     0.196171
rs0968      7.58784     0.228866     0.490426
rs0970      8.63408     0.130780    0.0980853
rs0976      7.39166    0.0326951     0.817378
rs0977      7.35897      0.00000      1.14433
rs0979      7.55514     0.196171     0.653902
rs0980      8.96103    0.0980853      0.00000
rs0981      8.11096     0.555817     0.326951
rs0982      7.35897      0.00000     0.588512
rs0983      8.20904     0.621207     0.457731
rs0984      8.30713     0.196171     0.228866
rs0985      8.17635     0.555817     0.359646
rs0986      7.62053     0.261561     0.653902
rs0989      8.66677     0.163476     0.130780
rs0991      8.86294     0.130780    0.0653902
rs0995      8.47060     0.130780    0.0980853
rs0996      7.65323     0.294256     0.588512
rs0997      8.56869     0.130780     0.130780
rs0999      8.07826     0.588512     0.294256
rs1001      8.33982     0.228866     0.490427
rs1002      8.33982     0.261561     0.425036
rs1003      8.33982     0.686597     0.392341
rs1010      8.60138    0.0980853    0.0326952
rs1014      8.07826     0.719292     0.621207
rs1016      8.92834     0.425036    0.0326951
rs1017      7.55514     0.196171     0.621207
rs1020      7.48975     0.130780     0.621207
rs1021      8.14365     0.555817     0.326951
rs1028      8.40521     0.196171     0.392341
rs1029      8.27443     0.425036     0.392341
rs1030      7.55514     0.196171     0.621207
rs1031      8.20904     0.523122     0.392341
rs1032      7.88209     0.490427     0.425036
rs1034      8.14365     0.588512     0.326951
rs1035      8.17635     0.588512     0.261561
rs1038      7.71862     0.228866     0.523122
rs1040      7.94748     0.588512     0.359646
rs1041      7.35897      0.00000     0.719292
rs1043      8.79755      1.43858     0.163476
rs1045      8.30713     0.326951     0.392341
rs1047      8.07826     0.523122     0.294256
rs1048      8.53599     0.130780    0.0653901
rs1049      8.83025     0.163476    0.0653902
rs1050      8.79755      1.43858     0.163476
rs1052      8.27443     0.359646     0.261561
rs1053      8.30713     0.588512     0.261561
rs1054      7.68592     0.326951     0.523122
rs1055      8.07826     0.555817     0.359646
rs1057      8.56869     0.163476    0.0326951
rs1058      8.60138     0.163476     0.196171
rs1059      8.73216     0.163476     0.130780
rs1060      7.42436    0.0653902     0.784682
rs1062      8.56869    0.0980853    0.0980853
rs1065      8.30713     0.359646     0.359646
rs1068      8.40521     0.261561     0.359646
rs1070      8.37252     0.326951     0.359646
rs1072      8.20904     0.425036     0.326951
rs1073      7.94748     0.588512     0.425036
rs1074      8.07826     0.555817     0.261561
rs1076      8.47060     0.294256     0.392341
rs1077      7.78401     0.425036     0.490426
rs1078      8.17635     0.817378     0.751987
rs1079      8.69947     0.392341     0.163476
rs1080      8.40521     0.196171     0.425036
rs1081      8.20904     0.425036     0.294256
rs1082      8.83025     0.196171    0.0653902
rs1083      8.43791     0.196171     0.392341
rs1084      8.30713     0.261561     0.359646
rs1087      8.33982     0.294256     0.392341
rs1091      8.76486     0.196171    0.0653902
rs1098      8.20904     0.621207     0.326951
rs1100      8.53599     0.130780     0.130780
rs1102      8.79755      1.43858     0.163476
rs1103      8.17635     0.457731     0.359646
rs1104      8.27443     0.326951     0.425036
rs1105      7.98018     0.490426     0.359646
rs1108      8.17635     0.817378     0.490426
rs1109      8.79755      1.43858     0.163476
rs1110      8.53599     0.130780    0.0980853
rs1113      7.39166    0.0326951     0.784682
rs1114      7.45706    0.0980853     0.588512
rs1117      8.86294      1.50397    0.0980853
rs1118      8.43791    0.0980853     0.130780
rs1119      8.04557     0.686597     0.261561
rs1120      8.79755      1.43858     0.163476
rs1121      8.17635     0.326951     0.196171
rs1122      7.35897      0.00000      1.53667
rs1124      8.11096     0.490426     0.326951
rs1125      8.43791     0.130780    0.0980854
rs1126      8.17635     0.555817     0.751987
rs1128      8.11096     0.555817     0.196171
rs1131      8.66677    0.0980853    0.0326951
rs1132      7.48975     0.130780     0.621207
rs1135      7.62053     0.261561     0.588512
rs1137      8.37252     0.196171     0.326951
rs1142      8.11096     0.523122     0.294256
rs1143      7.65323     0.294256     0.588512
rs1145      8.33982     0.261561     0.392341
rs1146      8.92834     0.130780    0.0326951
rs1147      7.55514     0.196171     0.653902
rs1149      8.73216      1.37319     0.228866
rs1151      8.17635     0.490426     0.326951
rs1154      8.37252     0.196171     0.228866
rs1156      8.11096     0.621207     0.326951
rs1157      8.76486      1.40589     0.196171
rs1159      7.75131     0.294256     0.555817
rs1163      8.76486      1.40589     0.196171
rs1164      7.35897      0.00000     0.751987
rs1165      7.58784     0.228866     0.653902
rs1166      8.11096     0.751987     0.850073
rs1169      8.63408     0.163476     0.130780
rs1170      8.24174     0.523122     0.261561
rs1171      8.33982     0.228866     0.326951
rs1172      8.01287     0.653902     0.294256
rs1174      8.33982     0.686597     0.425036
rs1176      7.35897      0.00000     0.490426
rs1178      8.60138    0.0980853     0.130780
rs1179      7.75131     0.130780     0.523122
rs1182      8.56869     0.130780    0.0980853
rs1183      8.69947     0.130780     0.130780
rs1184      8.11096     0.588512     0.326951
rs1185      8.40521     0.130780    0.0980853
rs1187      8.20904     0.850073     0.425036
rs1188      7.62053     0.261561     0.392341
rs1191      8.76486     0.130780    0.0980853
rs1192      7.55514     0.196171     0.686597
rs1193      7.98018     0.621207     0.359646
rs1195      8.33982     0.228866     0.359646
rs1198      8.60138     0.425036     0.130780
rs1200      7.78401     0.392341     0.457731
rs1202      7.91479     0.555817     0.392341
rs1205      8.60138     0.163476    0.0326952
rs1206      7.52245     0.163476      1.24241
rs1207      8.40521     0.163476     0.490427
rs1208      7.65323     0.294256     0.588512
rs1209      8.17635     0.490426     0.196171
rs1210      8.60138     0.163476    0.0980853
rs1211      8.53599    0.0980854    0.0326951
rs1212      8.33982     0.228866     0.457731
rs1213      8.76486     0.130780    0.0980853
rs1217      8.89564     0.130780    0.0653901
rs1220      8.69947     0.196171     0.130780
rs1229      8.79755      1.43858     0.163476
rs1236      8.07826     0.490426     0.326951
rs1238      8.79755     0.130780    0.0980854
rs1245      7.81670     0.457731     0.425036
rs1248      8.56869     0.130780    0.0653902
rs1257      8.11096     0.719292     0.196171
rs1258      8.53599     0.130780    0.0980853
rs1259      8.24174     0.425036     0.228866
rs1260      8.01287     0.555817     0.392341
rs1261      8.17635     0.555817     0.555817
rs1262      7.98018     0.490426     0.392341
rs1263      7.62053     0.261561     0.555817
rs1264      8.07826     0.588512     0.228866
rs1265      8.33982     0.228866     0.392341
rs1266      8.56869     0.326951     0.163476
rs1267      8.60138     0.163476     0.359646
rs1269      7.35897      0.00000     0.686597
rs1270      8.30713     0.294256     0.359646
rs1276      8.24174     0.555817     0.490427
rs1278      8.73216     0.163476    0.0980853
rs1280      7.35897      0.00000      1.04624
rs1281      7.98018     0.621207     0.294256
rs1283      8.01287     0.621207     0.392341
rs1284      8.11096     0.751987     0.196171
rs1285      8.04557     0.653902     0.392341
rs1286      8.47060     0.130780     0.130780
rs1289      8.04557     0.621207     0.294256
rs1290      8.14365     0.784682     0.425036
rs1291      8.24174     0.555817     0.228866
rs1292      8.50330     0.163476     0.130780
rs1293      8.53599    0.0980854     0.130780
rs1294      8.89564     0.130780    0.0326951
rs1295      7.35897      0.00000     0.784682
rs1296      7.39166    0.0326951     0.686597
rs1297      8.11096     0.621207     0.490426
rs1298      8.07826     0.621207     0.392341
rs1299      7.42436    0.0653902     0.751987
rs1301      8.89564     0.163476    0.0326951
rs1302      7.35897      0.00000     0.850073
rs1303      8.27443     0.621207     0.425036
rs1304      7.58784     0.228866     0.621207
rs1310      8.20904     0.490427     0.326951
rs1337      8.11096     0.751987     0.686597
rs1359      8.17635     0.523122     0.228866
rs1368      8.66677     0.882768    0.0980853
rs1437      8.53599    0.0653902     0.163475
rs1518      8.83025    0.0980853    0.0326951
