-0.156701
-0.156701
-0.124006
-0.124006
-0.189397
-0.156701
-0.189397
-0.189397
-0.124006
-0.156701
-0.124006
-0.0913112
-0.0913112
-0.0913112
-0.156701
-0.222092
-0.189397
-0.189397
-0.222092
-0.124006
-0.222092
-0.0913112
-0.124006
-0.0913112
-0.222092
-0.156701
-0.0586162
-0.0586162
-0.222092
-0.254787
-0.0586162
-0.254787
-0.0586162
-0.156701
-0.222092
-0.189397
-0.0913112
-0.189397
-0.254787
-0.254787
-0.0913112
-0.124006
-0.124006
-0.222092
-0.0586162
-0.254787
-0.0586162
-0.156701
-0.254787
-0.189397
-0.0259210
-0.0259210
-0.222092
-0.287482
-0.0913112
-0.0913112
-0.0259210
-0.0586162
-0.287482
-0.0259210
-0.254787
-0.0586162
-0.156701
-0.287482
-0.222092
-0.189397
-0.124006
-0.124006
-0.0259210
-0.287482
-0.189397
-0.0259210
-0.254787
-0.0586162
-0.287482
-0.0259210
-0.287482
-0.156701
-0.0913112
-0.0586162
-0.0913112
-0.0259210
-0.222092
-0.254787
-0.156701
0.00677407
0.00677407
0.00677407
-0.189397
0.00677407
-0.124006
-0.0259210
-0.287482
-0.124006
-0.222092
-0.320177
-0.0259210
-0.189397
-0.0586162
0.00677407
0.00677407
-0.320177
-0.320177
-0.287482
-0.0586162
-0.0913112
0.00677407
-0.254787
-0.156701
-0.0913112
0.00677407
-0.254787
-0.156701
-0.320177
-0.0259210
-0.320177
-0.0259210
-0.222092
-0.287482
0.00677407
-0.0586162
0.00677407
-0.124006
-0.320177
-0.124006
-0.189397
-0.0586162
0.0394691
0.0394691
0.0394691
-0.222092
0.00677407
-0.287482
-0.0259210
-0.189397
-0.0259210
-0.156701
0.0394691
0.0394691
-0.0913112
0.00677407
-0.320177
-0.0913112
0.0394691
0.0394691
-0.320177
-0.352872
-0.254787
-0.156701
-0.0586162
-0.287482
-0.254787
0.00677407
-0.352872
0.0394691
-0.352872
-0.0259210
0.0394691
0.00677407
-0.124006
0.0394691
-0.124006
-0.0586162
-0.0259210
-0.222092
0.00677407
-0.352872
-0.320177
-0.352872
0.0394691
0.0394691
-0.0913112
-0.189397
-0.189397
-0.0586162
0.0394691
-0.0913112
-0.156701
-0.0259210
-0.320177
-0.222092
0.00677407
-0.287482
0.00677407
-0.287482
0.0394691
0.0394691
-0.254787
-0.156701
-0.352872
-0.124006
0.0721643
0.0721643
0.0721643
0.0721643
-0.0259210
0.0721643
-0.320177
0.0721643
0.0721643
0.00677407
0.0394691
0.0721643
0.0721643
-0.124006
-0.0586162
-0.352872
-0.254787
0.0721643
-0.0259210
-0.0913112
0.0394691
-0.0586162
0.0721643
0.0721643
0.00677407
-0.385567
-0.222092
0.0394691
0.00677407
0.0721643
-0.352872
-0.385567
0.0721643
-0.385567
-0.189397
-0.0913112
0.0721643
0.0394691
-0.0259210
0.0394691
-0.189397
-0.287482
-0.156701
0.00677407
-0.156701
-0.0259210
0.0721643
-0.385567
-0.320177
-0.0586162
-0.320177
-0.124006
-0.222092
-0.0913112
-0.352872
-0.124006
0.00677407
-0.0586162
-0.287482
-0.385567
0.0394691
-0.254787
0.0394691
-0.0259210
-0.352872
0.104859
0.104859
0.0721643
0.104859
0.00677407
0.104859
-0.222092
0.104859
-0.0913112
-0.385567
-0.0586162
0.104859
-0.254787
-0.189397
-0.352872
-0.0259210
0.0721643
0.104859
0.0394691
-0.0913112
-0.0259210
-0.156701
-0.124006
0.00677407
0.00677407
-0.287482
-0.320177
0.104859
-0.385567
0.104859
-0.156701
0.104859
-0.189397
-0.0586162
-0.418262
-0.0586162
-0.418262
0.0721643
-0.385567
0.104859
-0.0259210
-0.124006
-0.254787
-0.352872
0.104859
0.0394691
0.00677407
-0.320177
-0.418262
-0.222092
-0.222092
-0.0913112
0.104859
-0.418262
-0.352872
-0.0913112
-0.189397
0.0721643
-0.156701
-0.124006
0.104859
-0.287482
0.00677407
-0.0586162
-0.0259210
-0.0259210
-0.385567
-0.320177
0.104859
-0.418262
-0.385567
0.0721643
0.0394691
-0.0586162
0.137554
-0.287482
-0.418262
-0.352872
-0.0913112
-0.254787
-0.0586162
-0.254787
0.137554
0.104859
-0.156701
-0.0259210
-0.222092
-0.124006
0.137554
-0.124006
-0.385567
-0.189397
0.0721643
-0.189397
-0.156701
0.00677407
0.137554
-0.0259210
-0.0913112
-0.0913112
0.104859
0.0394691
-0.0586162
0.137554
-0.418262
-0.450957
-0.320177
-0.418262
-0.450957
-0.352872
-0.320177
0.0721643
-0.0259210
-0.222092
-0.352872
-0.385567
0.137554
-0.287482
-0.0586162
-0.450957
-0.124006
-0.254787
-0.222092
0.104859
-0.287482
-0.385567
-0.450957
-0.0913112
0.137554
-0.156701
-0.189397
-0.0586162
0.00677407
0.137554
-0.418262
0.0721643
0.0394691
0.137554
-0.450957
-0.0259210
-0.156701
-0.124006
0.104859
-0.385567
0.137554
-0.124006
-0.254787
-0.0913112
-0.0913112
0.137554
-0.418262
-0.352872
-0.320177
-0.450957
-0.287482
-0.189397
-0.254787
-0.0586162
-0.156701
-0.222092
0.137554
0.0721643
0.104859
-0.418262
-0.189397
-0.0586162
-0.450957
0.137554
-0.124006
0.00677407
-0.385567
-0.352872
-0.483652
0.0394691
-0.0913112
-0.320177
0.137554
0.104859
-0.385567
-0.222092
-0.483652
-0.483652
-0.0259210
-0.0586162
0.137554
-0.156701
-0.418262
-0.287482
-0.320177
-0.352872
0.0721643
-0.450957
-0.254787
-0.287482
0.104859
0.170250
-0.124006
-0.189397
-0.222092
-0.124006
-0.450957
0.137554
-0.483652
-0.418262
-0.0913112
-0.156701
-0.0913112
-0.483652
0.170250
-0.385567
0.0394691
-0.0586162
-0.418262
0.104859
0.00677407
0.170250
-0.156701
-0.254787
0.137554
-0.124006
-0.189397
-0.287482
0.0721643
-0.320177
-0.483652
0.170250
-0.352872
-0.450957
-0.189397
-0.254787
-0.0259210
-0.0913112
-0.450957
-0.222092
-0.483652
0.104859
-0.352872
0.170250
0.137554
-0.418262
-0.516348
-0.156701
-0.385567
-0.385567
-0.320177
-0.516348
-0.124006
-0.222092
0.170250
0.0394691
-0.483652
-0.320177
-0.450957
-0.516348
0.00677407
-0.418262
-0.124006
-0.189397
-0.0913112
0.137554
-0.352872
0.0721643
-0.0913112
-0.287482
-0.516348
0.104859
-0.287482
0.170250
-0.156701
-0.0586162
0.170250
-0.156701
-0.222092
-0.418262
-0.254787
-0.385567
0.170250
-0.483652
-0.124006
-0.516348
0.137554
-0.450957
-0.0259210
0.170250
-0.450957
-0.516348
-0.483652
-0.189397
-0.254787
0.104859
0.170250
-0.352872
-0.320177
-0.189397
-0.156701
0.0394691
0.137554
0.170250
-0.385567
0.0721643
-0.222092
-0.516348
-0.287482
-0.418262
0.00677407
-0.450957
-0.124006
-0.352872
-0.254787
-0.385567
-0.549043
0.170250
-0.549043
0.137554
-0.189397
-0.483652
-0.320177
-0.549043
-0.418262
-0.0913112
0.170250
-0.352872
0.104859
-0.483652
-0.516348
-0.222092
-0.124006
-0.156701
-0.0586162
-0.385567
0.170250
-0.222092
-0.320177
-0.549043
0.137554
-0.516348
-0.450957
-0.549043
-0.287482
-0.418262
-0.0259210
-0.124006
-0.483652
0.0394691
0.170250
-0.189397
-0.156701
-0.450957
-0.254787
-0.287482
0.0721643
-0.549043
-0.156701
0.00677407
-0.385567
0.137554
-0.418262
0.170250
-0.222092
-0.352872
0.104859
-0.516348
-0.483652
-0.254787
0.202945
-0.189397
-0.516348
-0.450957
-0.549043
-0.189397
-0.549043
-0.418262
-0.254787
-0.320177
-0.483652
-0.581738
0.202945
-0.581738
0.170250
0.137554
-0.156701
-0.287482
-0.385567
-0.581738
-0.352872
-0.516348
-0.222092
0.0394691
-0.581738
-0.0913112
-0.385567
0.0721643
-0.0586162
0.202945
-0.483652
-0.418262
-0.320177
-0.581738
-0.418262
-0.124006
-0.0259210
-0.222092
-0.189397
-0.549043
-0.352872
0.170250
-0.450957
0.104859
-0.254787
0.202945
-0.516348
0.137554
-0.581738
-0.287482
-0.450957
-0.549043
0.00677407
-0.156701
-0.156701
-0.516348
-0.222092
-0.287482
-0.320177
-0.581738
-0.418262
0.202945
0.170250
-0.549043
-0.385567
-0.483652
-0.189397
-0.450957
-0.581738
-0.254787
0.202945
0.0721643
-0.516348
-0.450957
-0.254787
0.0394691
-0.483652
-0.614433
0.137554
-0.614433
-0.189397
0.202945
-0.614433
-0.450957
0.170250
-0.549043
-0.222092
-0.352872
-0.287482
0.104859
-0.614433
-0.418262
0.202945
-0.614433
0.202945
-0.189397
-0.0586162
-0.320177
-0.581738
0.170250
-0.0913112
-0.581738
-0.549043
-0.254787
0.202945
-0.0259210
-0.483652
-0.450957
-0.385567
-0.614433
-0.385567
-0.352872
-0.614433
-0.549043
0.202945
-0.418262
-0.124006
-0.222092
-0.516348
-0.222092
0.00677407
-0.516348
-0.287482
-0.320177
0.137554
0.170250
-0.581738
0.202945
0.0721643
-0.450957
-0.614433
-0.418262
-0.450957
-0.189397
-0.352872
-0.320177
-0.254787
-0.287482
-0.156701
0.202945
-0.483652
-0.647128
0.104859
0.0394691
-0.647128
-0.647128
-0.581738
-0.222092
0.170250
0.202945
-0.581738
-0.287482
-0.647128
-0.614433
-0.549043
-0.614433
-0.450957
-0.483652
-0.647128
-0.483652
-0.385567
-0.483652
-0.516348
-0.254787
-0.549043
0.202945
-0.483652
-0.189397
-0.254787
-0.647128
-0.320177
0.137554
0.202945
-0.614433
-0.647128
-0.0586162
0.170250
-0.222092
-0.418262
-0.352872
-0.0259210
-0.581738
0.0721643
-0.483652
-0.0913112
-0.287482
-0.647128
0.202945
0.104859
-0.450957
0.00677407
-0.254787
-0.516348
-0.516348
-0.679823
-0.320177
-0.124006
-0.222092
-0.679823
-0.549043
-0.385567
-0.614433
-0.483652
-0.679823
-0.614433
-0.352872
-0.418262
-0.647128
0.170250
-0.679823
-0.647128
0.202945
-0.385567
-0.581738
-0.222092
0.0394691
-0.352872
-0.287482
-0.679823
-0.320177
-0.156701
-0.450957
0.137554
-0.679823
-0.254787
-0.516348
-0.516348
-0.483652
-0.581738
-0.418262
-0.647128
-0.320177
0.202945
-0.549043
-0.287482
-0.679823
-0.549043
-0.450957
-0.516348
-0.679823
-0.287482
0.170250
0.0721643
-0.516348
-0.614433
-0.352872
-0.483652
0.104859
-0.189397
-0.254787
-0.385567
-0.712518
-0.712518
-0.483652
-0.647128
0.202945
-0.254787
-0.0586162
-0.0259210
-0.679823
-0.712518
-0.516348
-0.712518
-0.614433
-0.320177
0.235640
-0.647128
-0.581738
-0.549043
-0.0913112
-0.287482
-0.679823
0.00677407
-0.712518
-0.712518
0.137554
-0.352872
-0.418262
-0.516348
0.235640
-0.516348
0.170250
-0.614433
-0.581738
-0.679823
0.202945
-0.124006
-0.254787
-0.712518
-0.222092
0.0394691
-0.385567
-0.320177
-0.549043
-0.450957
-0.549043
-0.647128
-0.287482
-0.712518
0.235640
-0.581738
-0.483652
-0.385567
-0.516348
-0.745213
0.202945
-0.745213
-0.352872
-0.156701
-0.418262
0.104859
-0.745213
-0.712518
-0.352872
-0.549043
-0.679823
-0.745213
-0.745213
-0.679823
0.0721643
-0.549043
-0.647128
-0.614433
-0.320177
0.235640
-0.320177
-0.450957
-0.385567
-0.549043
0.202945
-0.418262
-0.581738
-0.516348
-0.287482
0.170250
-0.745213
-0.745213
-0.647128
0.137554
-0.712518
-0.712518
0.235640
-0.189397
-0.614433
-0.549043
-0.352872
-0.287482
-0.679823
-0.483652
-0.0259210
-0.320177
-0.450957
-0.0586162
-0.777908
-0.745213
0.235640
-0.777908
-0.614433
-0.777908
0.202945
-0.581738
-0.483652
-0.777908
-0.745213
0.00677407
-0.385567
0.235640
-0.0913112
-0.712518
-0.549043
-0.777908
-0.287482
-0.418262
-0.647128
-0.516348
-0.581738
0.235640
-0.777908
0.104859
-0.352872
-0.254787
-0.581738
-0.745213
0.235640
-0.124006
-0.581738
-0.320177
0.0394691
-0.679823
-0.614433
-0.712518
-0.679823
-0.516348
-0.777908
0.235640
-0.777908
0.202945
-0.549043
0.170250
-0.385567
-0.810603
-0.745213
-0.810603
-0.712518
0.235640
-0.810603
0.137554
-0.156701
-0.581738
-0.352872
-0.450957
-0.647128
-0.745213
-0.810603
-0.647128
-0.222092
-0.418262
0.0721643
-0.810603
0.235640
-0.777908
-0.614433
-0.320177
-0.777908
-0.549043
-0.385567
-0.483652
-0.810603
-0.679823
0.235640
-0.352872
-0.810603
-0.418262
-0.516348
0.202945
-0.385567
-0.581738
-0.352872
-0.614433
-0.712518
-0.549043
0.235640
-0.843299
-0.647128
-0.843299
-0.320177
-0.450957
-0.745213
-0.777908
-0.614433
-0.810603
-0.810603
-0.418262
-0.843299
-0.0259210
-0.189397
-0.450957
-0.320177
-0.745213
-0.614433
0.104859
-0.581738
-0.843299
0.235640
-0.0586162
-0.549043
-0.712518
0.00677407
-0.385567
-0.843299
-0.777908
0.170250
-0.679823
-0.352872
-0.843299
-0.0913112
-0.287482
0.235640
0.202945
-0.483652
-0.679823
0.137554
-0.647128
-0.810603
-0.810603
-0.843299
-0.843299
-0.712518
-0.777908
-0.483652
-0.581738
-0.418262
-0.124006
0.0394691
-0.745213
0.235640
-0.614433
-0.875994
-0.875994
-0.385567
-0.450957
-0.516348
-0.581738
-0.352872
-0.647128
-0.679823
-0.843299
-0.875994
-0.875994
-0.254787
-0.549043
0.235640
-0.647128
-0.843299
-0.875994
-0.581738
-0.156701
0.0721643
-0.810603
-0.614433
-0.516348
-0.418262
-0.875994
-0.777908
0.202945
-0.385567
-0.875994
-0.712518
-0.810603
-0.777908
-0.745213
-0.745213
-0.450957
0.170250
-0.483652
-0.647128
-0.352872
0.235640
-0.679823
-0.875994
-0.843299
-0.875994
-0.908689
-0.614433
-0.712518
-0.222092
-0.908689
-0.418262
-0.843299
-0.581738
0.137554
-0.385567
0.104859
-0.516348
-0.908689
-0.908689
-0.614433
-0.810603
-0.712518
-0.385567
-0.0259210
-0.875994
-0.549043
-0.908689
0.235640
-0.352872
-0.647128
-0.0586162
-0.450957
-0.418262
0.00677407
-0.777908
-0.908689
-0.745213
-0.679823
-0.679823
-0.549043
-0.483652
-0.614433
0.202945
-0.0913112
-0.418262
-0.908689
-0.320177
-0.875994
-0.810603
-0.908689
-0.385567
-0.843299
-0.450957
-0.581738
-0.189397
0.0394691
-0.124006
-0.843299
-0.647128
-0.777908
-0.712518
0.235640
-0.875994
-0.450957
-0.908689
-0.941384
-0.614433
-0.679823
0.170250
-0.418262
-0.287482
-0.810603
-0.516348
-0.941384
-0.483652
-0.745213
-0.777908
-0.941384
-0.385567
-0.647128
-0.745213
-0.483652
-0.941384
-0.908689
-0.941384
0.235640
0.0721643
-0.647128
-0.941384
-0.581738
-0.549043
0.137554
-0.908689
-0.875994
-0.450957
-0.712518
-0.418262
-0.941384
-0.679823
-0.581738
-0.614433
0.202945
-0.254787
-0.712518
-0.843299
-0.483652
-0.156701
-0.941384
-0.516348
-0.843299
-0.745213
-0.875994
0.235640
-0.810603
-0.777908
-0.647128
-0.450957
-0.941384
-0.418262
0.104859
-0.810603
-0.516348
-0.908689
-0.712518
-0.679823
-0.908689
-0.941384
-0.974079
-0.974079
-0.614433
-0.0259210
-0.483652
-0.549043
-0.0586162
-0.679823
-0.614433
-0.875994
-0.974079
0.235640
-0.745213
-0.516348
-0.450957
0.00677407
0.170250
-0.974079
-0.222092
-0.0913112
-0.647128
-0.974079
-0.974079
-0.843299
-0.777908
-0.418262
-0.777908
-0.974079
-0.581738
-0.810603
-0.679823
-0.941384
-0.712518
0.0394691
-0.483652
-0.450957
-0.941384
-0.974079
-0.974079
-0.549043
-0.875994
0.202945
-0.516348
-0.908689
-0.124006
-0.614433
-0.745213
-0.549043
0.235640
-0.908689
-0.745213
-0.647128
0.137554
-0.385567
-0.352872
-0.777908
-0.679823
-0.875994
-0.843299
-0.418262
-0.483652
-0.712518
-0.810603
-0.450957
-0.843299
-0.941384
-0.647128
-0.320177
0.0721643
-0.189397
-0.974079
0.268335
-0.516348
-0.581738
-1.00677
-0.712518
-0.450957
-1.00677
-0.549043
-0.974079
-0.483652
-1.00677
-0.647128
-1.00677
-0.745213
-1.00677
0.235640
-1.00677
-0.450957
-1.00677
-0.679823
-0.287482
-0.941384
-0.712518
-0.614433
-0.581738
-0.810603
-0.810603
-0.777908
0.170250
-0.908689
0.268335
-1.00677
-0.843299
-0.974079
-0.875994
-0.516348
-0.483652
-1.00677
-0.908689
-0.549043
0.104859
-0.581738
-0.941384
-0.483652
0.202945
-0.745213
-0.712518
-0.647128
-0.679823
-0.0259210
-0.0586162
-0.777908
-0.254787
-0.875994
-0.679823
0.268335
-0.516348
-0.483652
-0.156701
-0.843299
0.00677407
-1.00677
-0.974079
0.235640
-0.810603
-0.614433
-0.549043
-0.0913112
-0.974079
-0.777908
-0.875994
-0.941384
-0.581738
-0.614433
-0.908689
-1.00677
-0.745213
-0.516348
-0.712518
0.268335
-0.483652
-0.679823
-0.516348
-1.03947
-0.745213
0.0394691
-0.647128
-1.03947
-1.03947
-1.03947
-1.03947
-1.03947
-0.549043
-1.03947
0.137554
-0.843299
-1.03947
-0.516348
-0.875994
0.268335
-0.843299
-0.222092
-0.777908
-0.581738
-0.614433
-0.745213
-0.712518
0.170250
-0.941384
-1.00677
-1.00677
-0.908689
-1.03947
0.268335
-0.679823
-0.810603
-0.974079
0.235640
-0.549043
-0.941384
-0.974079
0.0721643
-1.03947
-0.516348
-0.647128
-0.908689
-0.124006
-0.581738
0.268335
-0.712518
0.202945
-0.777908
-0.549043
-0.647128
-0.614433
-0.745213
-0.810603
-0.875994
0.268335
-0.549043
-0.712518
-0.908689
-0.516348
0.268335
-0.679823
-0.581738
-1.00677
-0.810603
0.268335
-1.03947
-0.941384
-0.647128
-0.777908
-0.549043
-0.614433
-0.189397
-0.843299
-1.03947
-0.745213
0.268335
-1.00677
-0.974079
-1.07216
-0.875994
0.104859
-1.07216
-0.777908
-1.07216
-1.07216
-1.07216
-0.908689
-0.712518
-1.07216
-0.581738
-1.07216
-0.352872
-0.385567
0.268335
-1.07216
-0.0259210
-0.549043
-0.810603
0.235640
-0.679823
-0.0586162
-0.581738
-0.941384
-0.614433
-0.320177
-0.418262
-1.07216
0.268335
-0.777908
-0.647128
0.00677407
-0.974079
-0.745213
-0.581738
-1.03947
0.268335
-0.679823
-0.549043
-0.843299
-0.941384
-1.07216
-0.712518
-1.00677
0.170250
-0.875994
-0.974079
-0.614433
-0.941384
-0.810603
-0.287482
-0.450957
-0.745213
-0.679823
0.268335
-1.00677
-0.777908
-1.03947
-0.581738
-0.647128
-1.07216
-0.0913112
0.0394691
-0.745213
0.202945
-0.843299
-0.614433
-0.843299
0.268335
0.137554
-0.974079
-0.712518
-0.581738
-0.810603
-0.156701
-0.647128
-1.07216
-0.679823
-1.03947
-0.777908
-0.908689
-0.614433
-0.875994
-0.908689
-0.614433
-0.483652
-1.10486
-0.974079
-1.10486
-0.254787
0.268335
-1.10486
-0.745213
-0.843299
-1.00677
0.235640
-1.10486
-0.581738
-1.10486
-1.10486
-1.10486
-0.647128
-0.712518
0.0721643
-0.810603
-1.10486
-0.810603
-1.03947
-0.614433
-1.07216
-0.679823
-0.875994
-0.777908
-1.10486
0.268335
-0.647128
-0.843299
-1.00677
-0.745213
-0.712518
-1.00677
-1.10486
-0.941384
-0.974079
-0.614433
-0.908689
-0.810603
-1.00677
-0.679823
-0.712518
-0.875994
-0.516348
-0.647128
-1.07216
-0.777908
-1.10486
-1.03947
-1.03947
-0.222092
-0.843299
-0.614433
-0.777908
0.268335
-0.745213
-0.679823
-0.908689
-0.647128
-0.647128
-0.810603
-1.07216
0.104859
-0.875994
-0.712518
-0.875994
-0.974079
-1.10486
-0.777908
-0.679823
-1.03947
-0.941384
-1.13755
-0.941384
-1.13755
-0.124006
0.202945
-0.843299
-0.908689
-0.0259210
-1.13755
-0.647128
-1.13755
0.170250
-1.03947
-0.745213
0.00677407
-0.712518
-1.13755
-0.810603
-1.10486
-0.679823
-0.875994
0.268335
-1.13755
-1.07216
-0.941384
-0.549043
-1.13755
-1.07216
-0.908689
-1.13755
-0.0586162
-0.647128
0.235640
-0.777908
-0.843299
-1.00677
-0.712518
-0.679823
-1.13755
-0.745213
-1.10486
-0.810603
-0.941384
-0.875994
-0.974079
-0.843299
-0.712518
-1.07216
-0.908689
0.0394691
-0.745213
-0.679823
-1.13755
-0.843299
-1.13755
-0.189397
-0.777908
-1.07216
-0.745213
-0.941384
-0.974079
-0.712518
-1.00677
-1.03947
0.268335
-0.875994
-1.03947
-0.810603
-0.679823
-0.679823
-0.908689
0.137554
-1.10486
-0.745213
-0.974079
-0.712518
-1.00677
-0.843299
-1.10486
-0.777908
-0.941384
-1.13755
-1.17025
-0.875994
-1.17025
-1.17025
-0.745213
-0.908689
-0.974079
-1.13755
-1.07216
-0.712518
-0.810603
-0.810603
-1.10486
-1.17025
-0.581738
-1.00677
-0.908689
-1.17025
-1.07216
-0.777908
-0.974079
-0.745213
-1.10486
-0.941384
-0.843299
-1.17025
0.268335
-1.00677
-0.974079
-1.03947
-0.712518
-0.875994
-1.17025
0.0721643
-0.745213
-0.777908
-1.17025
-0.908689
-0.810603
-1.00677
-1.13755
-0.0913112
-0.941384
-1.03947
-0.777908
-0.843299
-0.974079
-0.352872
-1.17025
-0.745213
-1.10486
-0.385567
-1.00677
0.202945
-0.875994
-1.13755
-0.810603
-1.13755
-1.03947
-0.777908
-0.908689
-1.07216
-1.17025
-0.320177
-0.941384
-1.13755
-0.745213
-0.974079
0.235640
-1.03947
0.268335
-1.17025
-1.10486
-0.777908
-0.843299
-1.00677
-0.810603
-0.418262
-1.07216
-0.875994
-1.03947
-0.908689
-0.156701
-0.810603
-0.777908
-0.941384
-1.13755
-1.17025
-1.07216
-0.974079
-1.20294
-1.00677
-1.10486
-0.777908
-0.843299
-1.20294
-0.810603
-1.20294
-1.03947
-1.07216
-0.875994
-0.287482
-1.17025
-1.20294
-0.777908
-0.875994
-1.20294
-1.17025
-0.712518
-0.810603
-0.908689
-1.07216
-0.843299
-0.614433
-1.10486
-0.941384
-0.974079
-1.00677
-1.17025
-1.20294
-1.03947
-1.03947
0.104859
-0.450957
-0.843299
-0.810603
-1.10486
-1.07216
-1.20294
-0.875994
-1.13755
-1.07216
-1.17025
-0.843299
-0.941384
-1.10486
-0.908689
0.268335
-0.941384
-1.20294
-0.974079
-1.00677
-1.03947
-0.810603
-1.10486
-1.07216
-0.843299
0.170250
-1.13755
-0.875994
-1.13755
-1.20294
-1.10486
0.00677407
-1.13755
-0.875994
-0.843299
-0.908689
-0.941384
-1.03947
-1.00677
-0.974079
-1.07216
-1.17025
-1.20294
-0.875994
-1.13755
-1.20294
-1.17025
-1.10486
-1.00677
-0.0259210
-1.20294
-0.843299
-1.13755
-0.875994
-0.908689
-1.17025
-1.03947
-1.07216
-0.941384
-1.00677
-1.13755
-0.974079
-1.10486
-1.20294
-0.254787
-0.875994
-0.908689
-0.843299
-1.17025
-1.13755
-1.10486
-0.908689
-1.17025
-1.07216
-1.03947
-0.941384
-1.00677
-1.10486
-0.974079
-0.875994
-0.908689
-0.483652
-1.20294
-1.17025
-1.13755
-1.20294
-1.23564
-1.23564
-0.941384
-0.908689
-1.17025
-1.23564
-1.23564
-1.07216
-1.03947
-1.10486
-1.20294
-1.00677
-0.941384
-0.974079
-1.17025
-1.13755
0.0394691
-0.941384
-1.23564
-0.908689
-1.20294
-1.23564
-1.17025
-1.23564
-1.07216
-0.974079
-1.03947
-1.10486
-0.941384
-1.20294
-1.00677
-1.13755
-1.23564
-0.974079
0.268335
-1.20294
-1.17025
-0.974079
-1.23564
-1.07216
-1.10486
-0.941384
-1.20294
-1.03947
-1.00677
-1.13755
-1.23564
-0.974079
-1.20294
-1.17025
-1.00677
-1.23564
-1.10486
-1.07216
-1.20294
-1.03947
-1.13755
-1.00677
-1.20294
-0.974079
-1.23564
-1.17025
-1.00677
-1.10486
-1.20294
-1.03947
-1.07216
-1.23564
-1.13755
-1.03947
-1.17025
-1.23564
-1.17025
-1.00677
-1.10486
-1.20294
-1.03947
-1.13755
-1.07216
-1.23564
-1.17025
-1.23564
-1.07216
-1.23564
-1.20294
-1.13755
-0.647128
-1.10486
-1.03947
-1.23564
-1.07216
-1.17025
-1.20294
-1.23564
-1.10486
-1.13755
-1.17025
-1.07216
-1.10486
-1.23564
-1.20294
0.137554
-1.13755
-1.17025
-1.23564
-1.20294
-1.10486
-1.13755
0.202945
-1.20294
-1.23564
-1.17025
-0.0586162
-1.13755
-1.20294
-1.23564
-1.17025
-1.23564
-1.20294
-1.13755
-1.17025
-1.23564
0.235640
-1.26833
-1.26833
-1.26833
-1.20294
-1.26833
-1.23564
-1.26833
-1.26833
-1.26833
-1.23564
-1.26833
-1.20294
-0.124006
-1.26833
-1.23564
-1.26833
-1.26833
-1.26833
-1.23564
-1.23564
-1.26833
-1.26833
-1.23564
-0.745213
-1.26833
-1.26833
-1.26833
-1.26833
-1.26833
-1.26833
-1.26833
-1.26833
-1.26833
-0.810603
-1.26833
-0.516348
-0.222092
-1.20294
-1.26833
-1.30103
-1.30103
-1.30103
-1.30103
-1.30103
-0.974079
-1.30103
-1.30103
-0.908689
-1.30103
-1.30103
-1.30103
-1.26833
-1.30103
-1.30103
-1.30103
-1.30103
-1.30103
-1.30103
-1.30103
-1.30103
-1.23564
-1.26833
-1.30103
0.268335
-1.07216
0.0721643
-1.30103
-1.30103
-1.26833
-1.30103
-1.10486
-1.17025
-1.03947
-1.30103
-1.26833
-1.23564
-1.20294
-1.30103
-1.30103
-1.26833
-0.875994
-0.549043
-1.13755
-0.679823
-1.30103
-1.23564
-1.26833
-0.189397
-1.30103
0.268335
-1.20294
0.104859
-0.777908
-1.30103
-1.00677
-1.26833
0.170250
-1.23564
-1.17025
-0.843299
-0.941384
0.235640
-1.30103
-0.0913112
0.202945
0.00677407
-0.581738
0.0394691
-1.26833
-1.10486
-1.30103
-1.07216
-0.712518
0.268335
-1.23564
-1.20294
-0.0259210
-1.13755
-1.30103
0.137554
-0.908689
-1.26833
-0.156701
-1.17025
0.0721643
-1.03947
-0.810603
-1.30103
-0.974079
-0.614433
-1.23564
-1.26833
-0.875994
-1.20294
0.235640
0.268335
-1.30103
-0.745213
-0.0586162
-1.13755
-1.10486
0.104859
-1.26833
-1.17025
-1.23564
0.202945
-0.647128
-0.124006
0.170250
-0.941384
-1.30103
-1.00677
-1.07216
-0.843299
0.301030
0.301030
0.301030
0.301030
0.301030
0.301030
0.301030
0.301030
0.301030
0.301030
0.301030
0.301030
0.301030
0.301030
0.301030
0.301030
0.301030
0.301030
0.301030
0.301030
0.301030
0.301030
0.301030
0.301030
0.301030
0.301030
0.301030
0.301030
0.301030
0.301030
0.301030
0.301030
0.301030
0.301030
0.301030
0.301030
0.301030
0.301030
0.301030
0.301030
0.301030
0.301030
0.301030
0.301030
0.301030
0.301030
0.301030
0.301030
0.301030
0.301030
0.268335
0.268335
0.268335
0.268335
0.268335
0.268335
0.268335
0.268335
0.268335
0.268335
0.268335
0.268335
0.268335
0.268335
0.268335
0.268335
0.268335
0.268335
0.268335
0.268335
0.268335
0.235640
0.235640
0.235640
0.235640
0.235640
0.235640
0.235640
0.235640
0.235640
0.235640
0.235640
0.235640
0.235640
0.235640
0.235640
0.202945
0.202945
0.202945
0.202945
0.202945
0.202945
0.202945
0.202945
0.202945
0.202945
0.202945
0.170250
0.170250
0.170250
0.170250
0.170250
0.170250
0.170250
0.170250
0.170250
0.137554
0.137554
0.137554
0.137554
0.137554
0.137554
0.137554
0.137554
0.104859
0.104859
0.104859
0.104859
0.104859
0.104859
0.0721643
0.0721643
0.0721643
0.0721643
0.0721643
0.0394691
0.0394691
0.0394691
0.0394691
0.00677407
0.00677407
0.00677407
-0.0259210
-0.0259210
-0.0586162
-0.0913112
-0.679823
-0.712518
-0.745213
-0.777908
-0.777908
-0.810603
-0.810603
-0.843299
-0.843299
-0.875994
-0.875994
-0.875994
-0.908689
-0.908689
-0.908689
-0.908689
-0.941384
-0.941384
-0.941384
-0.941384
-0.974079
-0.974079
-0.974079
-0.974079
-0.974079
-1.00677
-1.00677
-1.00677
-1.00677
-1.00677
-1.03947
-1.03947
-1.03947
-1.03947
-1.03947
-1.03947
-1.07216
-1.07216
-1.07216
-1.07216
-1.07216
-1.07216
-1.10486
-1.10486
-1.10486
-1.10486
-1.10486
-1.10486
-1.10486
-1.13755
-1.13755
-1.13755
-1.13755
-1.13755
-1.13755
-1.13755
-1.13755
-1.17025
-1.17025
-1.17025
-1.17025
-1.17025
-1.17025
-1.17025
-1.17025
-1.17025
-1.20294
-1.20294
-1.20294
-1.20294
-1.20294
-1.20294
-1.20294
-1.20294
-1.20294
-1.20294
-1.20294
-1.23564
-1.23564
-1.23564
-1.23564
-1.23564
-1.23564
-1.23564
-1.23564
-1.23564
-1.23564
-1.23564
-1.23564
-1.26833
-1.26833
-1.26833
-1.26833
-1.26833
-1.26833
-1.26833
-1.26833
-1.26833
-1.26833
-1.26833
-1.26833
-1.26833
-1.26833
-1.30103
-1.30103
-1.30103
-1.30103
-1.30103
-1.30103
-1.30103
-1.30103
-1.30103
-1.30103
-1.30103
-1.30103
-1.30103
-1.30103
-1.30103
-1.30103
