7.85007
7.88277
7.91546
7.88277
7.81738
7.81738
7.85007
7.78468
7.94816
7.91546
7.85007
7.94816
7.91546
7.98085
7.78468
7.78468
7.88277
7.75199
7.75199
7.98085
7.81738
8.01355
7.81738
7.88277
7.71929
7.94816
8.01355
7.98085
7.68660
7.68660
8.04624
7.71929
7.94816
7.75199
7.85007
7.91546
8.04624
7.71929
7.75199
7.65390
7.85007
8.01355
7.78468
7.65390
8.07894
7.78468
7.91546
7.98085
7.62121
7.68660
8.04624
8.07894
7.88277
7.65390
8.07894
7.81738
8.01355
8.11163
7.68660
8.11163
7.81738
7.88277
7.71929
7.62121
7.62121
7.94816
8.04624
7.75199
7.98085
7.71929
7.65390
8.14433
7.58851
8.14433
7.58851
7.94816
7.75199
8.01355
7.78468
7.85007
8.11163
8.17702
7.91546
7.85007
7.68660
8.14433
8.11163
8.17702
7.62121
8.07894
8.07894
7.91546
7.78468
7.71929
7.58851
7.62121
8.20972
7.98085
8.17702
8.20972
8.04624
7.58851
7.65390
7.55582
7.81738
7.75199
8.24241
7.55582
7.65390
8.14433
8.01355
7.88277
8.04624
7.68660
7.88277
7.55582
8.24241
7.94816
7.81738
8.27511
8.20972
7.98085
8.11163
7.71929
7.68660
7.58851
7.78468
8.20972
8.17702
8.24241
7.55582
8.30780
7.52312
8.27511
8.01355
7.85007
7.62121
8.14433
8.27511
8.17702
7.94816
7.52312
7.71929
8.30780
8.11163
7.75199
7.58851
7.91546
8.07894
8.24241
7.85007
7.52312
8.34050
7.55582
8.34050
7.62121
8.30780
8.07894
7.91546
7.65390
8.37319
8.14433
7.75199
7.81738
7.98085
8.37319
7.52312
7.78468
7.65390
8.40589
8.04624
8.20972
7.55582
8.04624
8.27511
8.43858
7.68660
7.58851
8.34050
7.49043
7.52312
8.40589
7.49043
7.88277
7.88277
8.47128
8.01355
7.94816
8.11163
7.68660
7.62121
8.30780
8.27511
8.34050
8.37319
7.78468
8.40589
7.81738
8.24241
8.43858
8.43858
8.50397
8.47128
8.20972
8.17702
7.71929
7.49043
7.49043
8.50397
8.37319
8.24241
7.98085
8.30780
8.17702
8.53667
7.85007
7.55582
8.01355
8.53667
8.47128
8.56937
7.71929
7.58851
8.14433
7.52312
8.07894
7.65390
8.60206
7.94816
8.40589
8.56937
7.52312
7.91546
7.55582
8.50397
8.14433
7.75199
8.11163
7.62121
7.85007
8.34050
7.45773
8.20972
7.49043
8.27511
7.75199
7.58851
7.81738
7.68660
7.45773
7.49043
8.60206
7.98085
7.91546
8.43858
7.45773
8.60206
8.56937
8.07894
8.53667
8.53667
8.50397
8.04624
8.47128
7.62121
7.65390
8.37319
8.43858
7.45773
8.11163
7.78468
8.47128
8.04624
8.40589
7.88277
8.30780
7.71929
8.17702
8.24241
8.56937
7.78468
7.94816
7.88277
8.37319
7.45773
8.34050
7.52312
8.30780
7.49043
7.65390
7.52312
8.40589
7.55582
8.01355
7.68660
8.27511
8.50397
7.55582
8.01355
7.81738
8.24241
7.85007
8.60206
7.42504
7.49043
8.07894
7.45773
8.34050
8.20972
7.58851
7.42504
7.58851
8.14433
7.98085
8.20972
8.27511
8.17702
7.42504
7.75199
8.43858
7.68660
8.53667
7.71929
7.91546
8.14433
7.45773
7.42504
7.94816
7.81738
7.62121
8.60206
7.98085
7.62121
7.85007
8.37319
7.42504
8.47128
8.04624
8.56937
8.11163
7.49043
8.56937
8.11163
8.30780
8.53667
7.52312
7.75199
8.17702
7.91546
7.45773
8.24241
7.71929
8.50397
7.65390
7.55582
8.40589
8.07894
7.78468
8.50397
8.47128
7.65390
7.52312
7.94816
7.42504
7.49043
7.39234
7.39234
7.88277
8.60206
7.42504
7.88277
7.78468
8.43858
8.01355
7.58851
7.55582
8.34050
8.07894
8.14433
8.04624
7.39234
7.39234
7.45773
8.43858
8.40589
8.27511
8.20972
8.53667
7.68660
8.37319
7.68660
7.85007
7.75199
8.34050
7.58851
7.62121
7.45773
7.49043
8.01355
7.81738
8.30780
8.37319
7.39234
8.47128
7.52312
8.27511
7.39234
7.91546
7.98085
7.42504
8.04624
7.42504
8.11163
8.56937
8.30780
8.17702
8.24241
7.81738
7.98085
7.71929
8.24241
7.55582
7.62121
8.20972
8.40589
7.65390
7.85007
7.35965
7.49043
7.71929
8.50397
7.35965
8.17702
7.94816
7.35965
7.39234
7.45773
7.52312
7.58851
8.60206
8.14433
8.34050
7.75199
8.07894
8.01355
7.94816
7.78468
7.39234
8.14433
7.35965
7.91546
8.60206
8.43858
8.27511
8.20972
7.45773
7.65390
8.11163
7.55582
7.35965
7.49043
7.42504
8.53667
7.42504
8.56937
7.88277
7.68660
7.52312
7.78468
7.88277
7.62121
8.53667
8.37319
7.35965
8.07894
8.47128
7.39234
8.11163
7.75199
8.04624
7.58851
8.50397
7.98085
7.68660
8.30780
8.17702
7.55582
8.56937
7.35965
8.24241
7.39234
7.85007
7.32695
8.47128
8.04624
7.81738
7.45773
8.40589
7.91546
7.32695
7.32695
7.49043
8.50397
7.35965
8.43858
7.65390
7.62121
8.07894
7.71929
7.42504
7.58851
7.32695
7.42504
8.34050
7.45773
8.01355
8.01355
7.71929
8.60206
8.14433
7.52312
7.81738
7.32695
8.40589
8.43858
7.49043
8.37319
7.39234
8.27511
7.85007
8.20972
7.94816
8.34050
7.35965
8.53667
7.55582
7.98085
7.75199
7.52312
8.30780
7.32695
7.39234
7.65390
8.37319
7.32695
7.78468
8.27511
8.04624
8.11163
7.35965
8.47128
7.62121
7.94816
8.24241
7.98085
7.68660
8.30780
7.58851
8.17702
7.88277
7.55582
7.78468
8.56937
7.29426
8.24241
7.29426
7.45773
8.20972
7.42504
7.91546
8.40589
7.68660
7.29426
7.49043
7.29426
7.42504
8.17702
8.07894
7.75199
7.32695
7.35965
7.32695
7.39234
8.50397
7.45773
8.01355
8.14433
8.34050
8.14433
7.52312
7.88277
7.62121
7.81738
7.39234
7.29426
7.91546
7.49043
8.60206
7.71929
7.58851
8.11163
8.43858
7.35965
7.29426
8.27511
8.20972
7.65390
7.55582
8.53667
7.52312
8.04624
7.85007
7.94816
8.07894
8.37319
8.11163
7.71929
7.65390
7.75199
7.29426
8.60206
7.32695
7.32695
7.85007
7.35965
8.47128
7.58851
7.98085
8.30780
8.17702
7.29426
7.42504
8.56937
7.45773
8.04624
7.81738
8.56937
8.24241
7.26156
7.49043
7.26156
7.68660
8.40589
7.55582
7.39234
7.39234
8.07894
7.62121
7.42504
8.53667
7.78468
7.26156
7.26156
7.52312
8.01355
7.35965
7.45773
7.29426
8.50397
7.62121
8.14433
8.01355
7.88277
7.68660
8.34050
8.50397
7.71929
7.78468
7.55582
7.26156
7.26156
7.32695
7.49043
8.60206
7.32695
7.29426
8.43858
8.27511
8.20972
7.35965
8.04624
8.47128
7.98085
7.65390
8.11163
7.81738
8.53667
7.91546
7.58851
8.37319
8.43858
7.58851
7.75199
7.94816
7.26156
7.52312
7.26156
7.45773
7.75199
7.42504
7.29426
8.40589
7.49043
7.98085
7.94816
7.68660
8.47128
8.17702
8.30780
7.65390
7.39234
8.07894
8.37319
7.52312
8.34050
8.56937
7.39234
8.24241
7.62121
7.91546
7.35965
7.32695
7.29426
8.40589
8.30780
7.42504
7.85007
8.01355
7.22887
7.55582
8.14433
7.22887
7.35965
7.71929
8.27511
7.22887
7.32695
8.50397
7.78468
7.26156
7.45773
7.26156
8.34050
7.22887
7.71929
7.88277
7.65390
8.24241
7.55582
8.04624
7.58851
8.11163
7.22887
8.60206
8.20972
8.27511
8.43858
7.22887
7.29426
8.20972
7.88277
7.45773
7.62121
7.49043
7.49043
7.42504
7.68660
8.53667
7.85007
8.17702
7.29426
8.37319
7.52312
7.32695
7.75199
7.62121
8.07894
7.94816
7.39234
7.22887
8.17702
7.98085
7.81738
7.22887
7.26156
8.14433
7.91546
7.26156
8.47128
7.55582
8.30780
7.68660
8.11163
7.65390
7.35965
7.35965
7.81738
8.56937
8.14433
8.24241
7.39234
7.71929
7.52312
8.01355
7.32695
8.40589
7.58851
8.07894
7.58851
8.11163
7.42504
8.50397
7.22887
7.85007
7.45773
8.34050
7.29426
7.22887
7.49043
7.78468
7.19617
7.29426
8.04624
7.42504
7.68660
7.19617
7.19617
7.62121
7.78468
7.52312
7.32695
8.04624
8.20972
7.26156
8.60206
7.45773
8.27511
8.43858
7.39234
7.19617
7.26156
7.19617
7.65390
7.55582
8.53667
7.88277
7.94816
8.07894
7.75199
8.17702
7.65390
8.37319
8.01355
7.22887
7.19617
7.35965
7.81738
8.14433
7.98085
7.58851
8.47128
7.75199
7.49043
7.91546
7.71929
8.30780
7.19617
7.55582
7.22887
8.56937
8.24241
7.45773
7.49043
8.11163
7.29426
7.98085
7.19617
7.32695
7.35965
7.62121
7.42504
8.01355
7.52312
7.26156
8.40589
8.60206
7.68660
7.78468
7.85007
7.29426
8.50397
7.32695
7.39234
7.55582
7.39234
7.62121
8.34050
8.20972
8.04624
8.56937
7.19617
7.71929
7.75199
7.22887
7.65390
7.94816
7.26156
8.60206
7.58851
7.19617
7.42504
8.27511
8.43858
7.94816
8.17702
7.88277
7.71929
8.53667
7.35965
8.53667
7.81738
8.14433
7.16348
8.07894
7.49043
7.91546
7.45773
7.16348
7.22887
7.16348
7.52312
7.52312
7.62121
8.37319
7.91546
7.68660
7.42504
7.55582
7.29426
7.45773
7.98085
7.26156
7.78468
8.47128
8.50397
7.16348
7.16348
8.30780
7.19617
7.88277
8.24241
7.85007
8.11163
8.56937
7.68660
7.39234
7.58851
7.75199
7.58851
7.65390
7.32695
8.47128
7.19617
7.22887
8.01355
8.40589
7.16348
7.71929
7.16348
7.32695
8.50397
8.20972
7.29426
7.49043
7.62121
8.43858
7.52312
7.81738
7.45773
7.85007
7.88277
8.17702
7.55582
7.35965
7.35965
8.34050
8.40589
7.26156
7.68660
8.04624
7.42504
8.60206
8.27511
7.78468
8.14433
7.94816
8.37319
7.58851
7.49043
8.43858
7.16348
7.91546
7.65390
8.34050
7.22887
7.19617
8.53667
7.39234
7.75199
7.85007
7.29426
7.26156
7.16348
7.39234
8.30780
7.62121
7.81738
8.07894
7.65390
8.37319
7.52312
7.32695
7.55582
7.71929
8.27511
7.49043
7.55582
7.19617
7.98085
8.47128
8.24241
7.22887
7.68660
7.45773
7.81738
7.16348
8.30780
7.42504
7.58851
8.24241
7.65390
7.88277
8.56937
7.35965
8.11163
7.13078
8.20972
7.42504
7.78468
8.20972
7.13078
7.62121
7.13078
8.17702
7.78468
8.40589
8.01355
8.50397
7.91546
7.75199
7.16348
8.17702
7.55582
7.85007
7.52312
7.13078
7.13078
7.71929
7.68660
7.19617
7.39234
7.65390
8.34050
7.49043
7.29426
7.16348
8.27511
8.60206
7.29426
7.94816
7.45773
8.04624
7.58851
8.14433
7.26156
8.14433
7.26156
7.32695
8.43858
7.45773
7.32695
7.62121
7.81738
8.53667
7.62121
7.22887
7.13078
8.11163
7.75199
7.13078
7.22887
7.52312
7.88277
7.68660
7.35965
7.42504
7.65390
7.78468
7.71929
8.24241
8.07894
8.37319
7.19617
7.35965
7.75199
8.07894
7.98085
7.52312
7.55582
8.47128
8.30780
8.20972
7.16348
8.56937
7.91546
7.85007
7.39234
7.58851
7.49043
7.13078
8.17702
8.04624
7.19617
7.68660
7.62121
8.11163
7.16348
7.39234
7.71929
8.01355
7.13078
8.40589
7.45773
7.29426
7.71929
8.50397
7.65390
7.81738
7.32695
7.75199
7.26156
7.78468
8.34050
7.58851
8.27511
7.94816
8.60206
8.01355
7.88277
7.42504
7.35965
7.68660
7.52312
8.04624
7.22887
7.13078
7.55582
8.43858
7.71929
8.14433
7.49043
8.53667
7.42504
8.24241
7.58851
7.49043
7.16348
7.75199
7.85007
7.09809
7.26156
7.39234
8.20972
7.62121
7.98085
7.09809
7.98085
7.22887
8.37319
7.09809
7.29426
7.78468
7.65390
7.81738
7.91546
7.19617
7.13078
8.30780
8.07894
7.68660
7.19617
8.47128
7.45773
7.09809
7.71929
7.29426
7.68660
8.56937
7.32695
7.09809
8.17702
7.13078
7.32695
7.16348
7.75199
8.01355
7.26156
7.88277
7.94816
7.35965
8.40589
7.42504
7.52312
8.11163
7.94816
7.55582
8.50397
7.09809
7.78468
8.27511
7.55582
8.34050
7.85007
7.81738
7.49043
8.60206
7.16348
7.22887
7.09809
7.58851
7.71929
7.62121
7.91546
7.35965
8.04624
7.65390
7.13078
8.24241
7.45773
7.39234
7.75199
8.43858
7.91546
8.53667
7.68660
7.98085
8.20972
8.14433
7.65390
7.09809
7.19617
7.78468
8.37319
7.13078
7.45773
8.30780
7.29426
7.88277
7.32695
7.88277
7.81738
7.85007
8.07894
8.47128
7.71929
8.56937
7.39234
7.26156
7.09809
7.35965
7.94816
8.01355
7.75199
7.42504
7.52312
7.55582
8.17702
7.22887
8.40589
8.27511
7.19617
7.16348
7.13078
7.78468
7.49043
7.85007
7.91546
8.34050
8.50397
7.26156
7.52312
7.58851
7.09809
7.16348
8.11163
7.62121
7.65390
7.81738
7.22887
8.60206
7.88277
7.68660
8.24241
7.85007
8.04624
7.39234
7.98085
7.29426
8.43858
8.53667
7.75199
7.45773
7.71929
7.09809
7.29426
7.62121
8.37319
7.32695
7.13078
8.20972
7.19617
8.30780
7.81738
7.78468
7.94816
8.14433
7.42504
7.06539
7.06539
7.91546
8.07894
7.81738
7.26156
7.06539
8.47128
8.01355
7.88277
8.56937
7.85007
7.35965
7.13078
7.06539
7.32695
7.09809
7.42504
8.60206
8.40589
8.27511
7.52312
7.16348
7.06539
7.55582
8.34050
7.75199
8.50397
7.49043
8.17702
7.58851
7.98085
7.65390
7.78468
7.62121
8.60206
7.68660
8.11163
7.06539
7.78468
8.04624
8.24241
7.09809
7.91546
7.22887
7.94816
7.49043
7.81738
8.56937
7.71929
7.88277
7.39234
7.85007
8.43858
8.53667
7.45773
7.29426
8.37319
7.35965
8.30780
7.32695
7.06539
7.58851
8.01355
8.07894
8.20972
8.14433
7.19617
7.16348
7.19617
7.06539
7.26156
7.13078
8.53667
8.47128
8.56937
7.09809
7.91546
7.22887
7.75199
7.78468
7.75199
7.94816
8.27511
8.40589
7.13078
7.35965
7.98085
7.88277
7.81738
8.34050
7.09809
7.85007
7.42504
8.04624
8.50397
8.11163
8.50397
8.60206
8.17702
7.06539
7.52312
7.16348
7.26156
8.24241
7.55582
7.68660
7.65390
7.58851
7.49043
8.43858
7.62121
7.39234
7.22887
7.71929
8.53667
7.91546
8.47128
7.94816
7.06539
8.01355
8.37319
8.30780
8.07894
8.14433
7.45773
7.29426
7.39234
7.78468
7.88277
7.45773
8.43858
8.20972
7.98085
7.81738
7.71929
8.47128
7.85007
7.32695
7.29426
7.75199
8.56937
8.27511
7.26156
7.09809
8.40589
8.40589
7.13078
7.55582
8.04624
7.06539
7.09809
8.34050
8.11163
7.19617
7.94816
8.37319
8.50397
8.17702
7.91546
8.60206
8.34050
8.24241
8.43858
7.35965
8.01355
8.30780
7.42504
7.88277
8.30780
8.07894
8.53667
8.37319
7.06539
7.98085
7.78468
8.14433
8.27511
7.81738
7.85007
7.68660
7.22887
7.32695
7.65390
7.16348
7.52312
7.55582
7.71929
7.94816
8.20972
7.62121
8.47128
7.58851
7.03270
7.03270
8.24241
7.49043
7.16348
8.56937
8.04624
7.68660
8.27511
7.13078
7.06539
7.91546
8.40589
7.03270
7.03270
7.75199
8.20972
8.11163
8.34050
7.19617
7.29426
8.17702
8.50397
7.39234
8.17702
7.09809
8.60206
8.01355
7.26156
7.45773
8.24241
7.32695
7.42504
7.98085
7.88277
8.43858
7.94816
8.07894
7.03270
7.03270
7.13078
8.30780
8.14433
7.85007
8.14433
7.81738
8.53667
8.37319
7.78468
7.09809
7.22887
8.20972
7.52312
7.19617
8.47128
8.04624
8.11163
7.35965
7.91546
8.27511
8.56937
8.11163
7.06539
8.40589
7.42504
8.34050
7.35965
8.17702
7.22887
7.06539
8.01355
7.98085
8.50397
7.03270
7.68660
7.94816
7.71929
7.03270
8.07894
7.65390
8.24241
8.07894
7.88277
7.65390
7.62121
8.60206
7.58851
7.75199
7.55582
8.43858
8.30780
7.26156
8.14433
7.52312
7.16348
7.85007
8.53667
7.81738
8.37319
8.04624
8.20972
7.49043
8.04624
8.47128
8.11163
7.91546
8.27511
7.09809
7.29426
7.78468
7.98085
7.26156
8.56937
8.01355
8.17702
7.94816
8.40589
8.34050
8.07894
7.03270
8.50397
7.39234
8.24241
7.45773
7.32695
7.88277
7.03270
8.14433
8.60206
7.13078
8.01355
8.30780
8.43858
8.04624
8.53667
7.06539
8.20972
7.85007
7.29426
7.19617
8.37319
8.11163
7.98085
7.81738
8.27511
8.47128
7.91546
7.22887
7.71929
8.01355
7.68660
7.06539
7.49043
8.17702
8.07894
7.13078
7.65390
8.56937
7.75199
7.39234
7.94816
8.34050
7.16348
8.40589
7.62121
8.24241
7.42504
8.50397
8.14433
7.98085
7.58851
7.35965
8.04624
7.03270
7.78468
7.88277
8.11163
7.55582
7.09809
8.60206
7.62121
8.30780
8.20972
7.98085
8.43858
8.53667
7.52312
8.37319
7.85007
8.27511
8.07894
8.17702
8.01355
7.16348
8.47128
7.91546
8.14433
7.19617
7.09809
8.56937
7.81738
8.24241
7.49043
7.03270
8.34050
7.94816
8.40589
8.11163
8.04624
8.50397
7.26156
7.29426
7.94816
8.20972
7.98085
8.30780
8.60206
7.06539
8.17702
7.32695
7.88277
8.43858
8.07894
8.53667
8.01355
8.27511
7.39234
8.37319
8.14433
7.45773
7.71929
8.24241
7.75199
7.68660
8.47128
7.19617
8.11163
7.85007
7.32695
8.56937
7.13078
8.34050
7.91546
7.65390
7.03270
8.04624
8.20972
7.78468
7.98085
8.40589
7.22887
8.50397
7.94816
8.17702
8.30780
7.62121
7.91546
8.07894
8.14433
8.01355
8.60206
8.27511
7.81738
7.22887
8.53667
8.43858
7.58851
8.24241
8.37319
8.11163
7.88277
7.06539
8.20972
8.04624
8.47128
8.34050
8.17702
7.00000
7.55582
8.56937
7.98085
7.00000
8.14433
7.45773
8.30780
7.42504
8.40589
7.91546
8.07894
8.50397
8.27511
8.01355
7.85007
7.00000
8.24241
7.94816
8.60206
8.20972
7.58851
8.11163
7.88277
7.52312
7.35965
8.53667
8.37319
8.17702
8.43858
7.00000
8.04624
8.34050
8.14433
8.30780
7.03270
8.47128
8.56937
8.27511
7.98085
7.88277
8.07894
8.24241
7.75199
8.20972
8.01355
7.09809
8.40589
7.71929
8.50397
7.78468
8.17702
8.11163
7.16348
7.00000
7.49043
7.68660
8.60206
8.37319
7.81738
7.91546
7.06539
8.53667
8.34050
8.14433
8.43858
7.03270
8.04624
8.30780
8.27511
8.24241
7.94816
7.65390
7.26156
8.20972
7.26156
7.00000
8.47128
8.56937
8.07894
8.17702
7.85007
8.40589
8.01355
7.29426
7.98085
8.50397
7.19617
8.11163
8.37319
7.85007
8.34050
7.62121
8.30780
8.27511
8.24241
8.60206
8.14433
8.20972
8.53667
7.35965
8.04624
8.43858
7.39234
7.88277
8.17702
7.13078
8.07894
8.47128
8.56937
8.40589
8.37319
8.27511
8.30780
8.34050
8.24241
7.45773
7.91546
8.50397
8.11163
7.58851
8.01355
8.20972
7.22887
7.09809
7.94816
8.60206
8.14433
8.53667
8.43858
8.04624
8.30780
8.27511
8.40589
8.34050
8.17702
8.37319
8.24241
7.98085
7.00000
8.56937
8.47128
7.13078
8.07894
8.20972
7.32695
8.50397
8.11163
8.30780
8.34050
8.43858
8.37319
8.27511
8.40589
8.60206
8.53667
7.00000
7.55582
8.14433
8.24241
8.01355
7.81738
7.78468
8.47128
8.56937
8.17702
7.85007
7.75199
8.34050
8.37319
8.30780
8.04624
8.40589
8.50397
8.43858
8.20972
8.27511
7.16348
8.53667
7.88277
8.60206
8.07894
7.71929
8.24241
7.91546
8.37319
8.47128
8.40589
8.34050
8.56937
8.11163
8.43858
8.30780
7.94816
8.50397
7.81738
8.14433
8.27511
8.53667
7.98085
8.40589
8.37319
8.60206
8.17702
8.43858
8.47128
8.34050
7.68660
8.56937
8.20972
8.30780
8.50397
8.01355
8.40589
8.43858
8.24241
8.47128
8.37319
8.53667
7.52312
8.60206
8.04624
8.34050
8.56937
8.43858
8.27511
8.50397
8.47128
8.07894
8.40589
8.53667
7.42504
8.11163
8.37319
8.60206
8.47128
8.30780
8.56937
8.43858
8.50397
8.14433
8.40589
8.17702
8.53667
7.65390
8.34050
8.47128
7.03270
8.50397
8.60206
8.20972
8.56937
8.43858
8.37319
8.24241
8.53667
8.50397
8.47128
8.60206
8.56937
8.27511
8.40589
7.29426
8.53667
8.50397
8.30780
8.43858
8.60206
8.56937
7.42504
8.47128
8.34050
8.53667
7.06539
8.60206
8.50397
8.37319
8.56937
8.40589
8.53667
7.35965
8.60206
8.43858
7.55582
7.98085
8.01355
7.94816
8.56937
8.04624
8.47128
8.07894
8.11163
7.91546
8.50397
8.14433
8.60206
7.03270
8.17702
8.53667
8.20972
8.24241
7.88277
7.62121
8.56937
8.27511
8.30780
8.60206
7.06539
8.34050
8.37319
8.40589
8.43858
7.85007
8.47128
8.50397
8.53667
8.56937
7.09809
8.60206
7.00000
7.00000
7.49043
7.81738
8.60206
8.56937
8.53667
8.50397
8.47128
7.19617
8.43858
8.40589
7.16348
8.37319
8.34050
8.30780
7.78468
8.27511
8.24241
8.20972
8.17702
8.14433
8.11163
8.07894
8.04624
7.58851
7.75199
8.01355
7.78468
7.26156
7.19617
7.98085
7.94816
7.71929
7.91546
7.29426
7.39234
7.22887
7.88277
7.68660
7.55582
7.45773
7.85007
7.81738
7.65390
7.13078
7.00000
7.32695
7.03270
7.78468
7.52312
7.62121
7.00000
7.75199
7.75199
7.42504
7.22887
7.06539
7.71929
7.19617
7.58851
7.32695
7.49043
7.35965
7.09809
7.16348
7.52312
7.68660
7.03270
7.39234
7.09809
7.00000
7.13078
7.55582
7.26156
7.65390
7.22887
7.03270
7.71929
7.45773
7.39234
7.06539
7.29426
7.62121
7.26156
7.13078
7.52312
7.00000
7.32695
7.16348
7.19617
7.06539
7.58851
7.16348
7.00000
7.42504
7.49043
7.09809
7.35965
7.49043
7.68660
7.55582
7.03270
7.03270
7.26156
7.22887
7.19617
7.45773
7.29426
7.39234
7.35965
7.00000
7.00000
7.29426
7.13078
7.52312
7.16348
7.19617
7.06539
8.60206
8.56937
8.53667
8.50397
8.47128
8.43858
8.40589
8.37319
8.34050
8.30780
8.27511
8.24241
8.20972
8.17702
8.14433
8.11163
8.07894
8.04624
8.01355
7.98085
7.94816
7.91546
7.88277
7.85007
7.81738
7.78468
7.75199
7.71929
7.68660
7.65390
7.62121
7.58851
7.55582
7.52312
7.49043
7.45773
7.42504
7.39234
7.35965
7.32695
7.29426
7.26156
7.22887
7.19617
7.16348
7.13078
7.09809
7.06539
7.03270
7.00000
7.65390
7.62121
7.58851
7.55582
7.52312
7.49043
7.45773
7.42504
7.39234
7.35965
7.32695
7.29426
7.26156
7.22887
7.19617
7.16348
7.13078
7.09809
7.06539
7.03270
7.00000
7.45773
7.42504
7.39234
7.35965
7.32695
7.29426
7.26156
7.22887
7.19617
7.16348
7.13078
7.09809
7.06539
7.03270
7.00000
7.32695
7.29426
7.26156
7.22887
7.19617
7.16348
7.13078
7.09809
7.06539
7.03270
7.00000
7.26156
7.22887
7.19617
7.16348
7.13078
7.09809
7.06539
7.03270
7.00000
7.22887
7.19617
7.16348
7.13078
7.09809
7.06539
7.03270
7.00000
7.16348
7.13078
7.09809
7.06539
7.03270
7.00000
7.13078
7.09809
7.06539
7.03270
7.00000
7.09809
7.06539
7.03270
7.00000
7.06539
7.03270
7.00000
7.03270
7.00000
7.00000
7.00000
7.00000
7.00000
7.00000
7.03270
7.00000
7.03270
7.00000
7.03270
7.00000
7.06539
7.03270
7.00000
7.09809
7.06539
7.03270
7.00000
7.09809
7.06539
7.03270
7.00000
7.13078
7.09809
7.06539
7.03270
7.00000
7.13078
7.09809
7.06539
7.03270
7.00000
7.16348
7.13078
7.09809
7.06539
7.03270
7.00000
7.16348
7.13078
7.09809
7.06539
7.03270
7.00000
7.19617
7.16348
7.13078
7.09809
7.06539
7.03270
7.00000
7.22887
7.19617
7.16348
7.13078
7.09809
7.06539
7.03270
7.00000
7.26156
7.22887
7.19617
7.16348
7.13078
7.09809
7.06539
7.03270
7.00000
7.32695
7.29426
7.26156
7.22887
7.19617
7.16348
7.13078
7.09809
7.06539
7.03270
7.00000
7.35965
7.32695
7.29426
7.26156
7.22887
7.19617
7.16348
7.13078
7.09809
7.06539
7.03270
7.00000
7.42504
7.39234
7.35965
7.32695
7.29426
7.26156
7.22887
7.19617
7.16348
7.13078
7.09809
7.06539
7.03270
7.00000
7.49043
7.45773
7.42504
7.39234
7.35965
7.32695
7.29426
7.26156
7.22887
7.19617
7.16348
7.13078
7.09809
7.06539
7.03270
7.00000
