1.420637292682464664e-02
1.360967936532862625e-02
1.319817324330440668e-02
1.259114875204527494e-02
1.229068861626396968e-02
1.188122495938442359e-02
1.079261781844487698e-02
1.078505051423610597e-02
1.036258513664573000e-02
1.023414527373147503e-02
9.737501190068338641e-03
9.360415849041871933e-03
8.506391605262508815e-03
8.339602034580152756e-03
7.862381625055894080e-03
7.785179819418258651e-03
7.367703271359720904e-03
6.980143456216571750e-03
6.954264725995154550e-03
6.603159529720208608e-03
6.400164168246702881e-03
6.293192631622070154e-03
6.144720637215032692e-03
6.042019577698938201e-03
5.658155473604042050e-03
5.488317394799792186e-03
5.055271205453376604e-03
4.872953595731551943e-03
4.405666097316512410e-03
4.233963545661307247e-03
4.200807252903341477e-03
4.158083615482781846e-03
3.998911707229548321e-03
3.967300141867691199e-03
3.916461844727906969e-03
3.769602776981280465e-03
3.673633853768453437e-03
3.638939852761603842e-03
3.623651594843304256e-03
3.546406200163594678e-03
3.537048607609680987e-03
3.277990516872923091e-03
3.109281274398204009e-03
2.907548387723260866e-03
2.883143089347519304e-03
2.709060993995636782e-03
2.671102633655259191e-03
2.256393545603835316e-03
2.115466205435950677e-03
2.055155835341452176e-03
1.881430471986669057e-03
1.818997320988709285e-03
1.795676875303297898e-03
1.716840301386622332e-03
1.708213234723796698e-03
1.693828300041974426e-03
1.647174628211740821e-03
1.630716487354253461e-03
1.521679815705897099e-03
1.491588948071483588e-03
1.477800172515872281e-03
1.443510155008378591e-03
1.425151931897134698e-03
1.411655057623593555e-03
1.328721530397171651e-03
1.310057932262138469e-03
1.271423702734894622e-03
1.218574273855281163e-03
1.201138052418754916e-03
1.103842982678632321e-03
1.067343683854406373e-03
1.037096775585156583e-03
7.733535736041209684e-04
7.604008580620370567e-04
7.481814293711986415e-04
7.254530471558789549e-04
6.877088390215769153e-04
6.768735337279378587e-04
6.476587155276951032e-04
6.423577758810937238e-04
6.292190032168825786e-04
6.130022482132907111e-04
5.827313089172313828e-04
5.783321994286529317e-04
4.932918238503530405e-04
4.458998090730286606e-04
4.423072481220519494e-04
3.860502659029648267e-04
3.787979087532907158e-04
3.775201279789310049e-04
3.732787451262597925e-04
3.615972119647526220e-04
3.513757568880527919e-04
3.493211559906849806e-04
3.414414720032217716e-04
3.372280047603423117e-04
3.103716174774597209e-04
2.951407744903911958e-04
2.944496229981215826e-04
2.880590275950114685e-04
2.783903540109115100e-04
2.743471236211465032e-04
2.698131248054960567e-04
2.611776386520160611e-04
2.299485850570197321e-04
1.906954172231899733e-04
1.870105906821309611e-04
1.857302712243755313e-04
1.857262174115383068e-04
1.845438270510275014e-04
1.772400446339887831e-04
1.637383316522392240e-04
1.624708264389756118e-04
1.583910043040599519e-04
1.490508735375732944e-04
1.432402061390789958e-04
1.362700094954558485e-04
1.246927617502588772e-04
1.237350979373682647e-04
1.070989190605978729e-04
9.619800861337660287e-05
9.584703511019912340e-05
8.279904658417658434e-05
7.632670736800778357e-05
6.967779766972495396e-05
6.748928645018790074e-05
6.402615457783048891e-05
6.402007105064292205e-05
5.990820293073003690e-05
5.797833423290239488e-05
5.586387513767634614e-05
5.493673978256241553e-05
5.401257756876687836e-05
5.262231751387356333e-05
4.971564764570770748e-05
4.953919540051743655e-05
4.952573663111209000e-05
4.719048073001458007e-05
4.563320249166151520e-05
4.400020765055365858e-05
4.295044882631773257e-05
4.196424988928611639e-05
4.105081470161072761e-05
3.329970401572866995e-05
3.140569544060494610e-05
3.137950774939690191e-05
3.115676039406904473e-05
3.087749941004785796e-05
2.767957254198123631e-05
2.714712704256236903e-05
2.713743182187826106e-05
2.669503587492643351e-05
2.594349558844534829e-05
2.592000451347690557e-05
2.273363243917626242e-05
2.246798433896415601e-05
1.807916720237796461e-05
1.789204166966515235e-05
1.600665265107873158e-05
1.552916143264184448e-05
1.523012007351098063e-05
1.419863769986523098e-05
1.329872604676899673e-05
1.273402855198830564e-05
1.265659669380321747e-05
1.179055509161896347e-05
1.054725395150201286e-05
1.040030100503921288e-05
1.019541675770399486e-05
1.002656507386246133e-05
8.886729961613264268e-06
8.868056336748065470e-06
7.204442630579871829e-06
6.812063043210078836e-06
6.718128392241544755e-06
6.455485359651170346e-06
6.000270468584379874e-06
5.857607858952471568e-06
5.660397352571747847e-06
5.394875173459977270e-06
5.377553084058144198e-06
5.265083611951801338e-06
5.138482002464280518e-06
4.893609331356371436e-06
4.230011501698622031e-06
3.955462972383032122e-06
3.902308760640951852e-06
3.604982628392531885e-06
3.409953310950603267e-06
3.348573477521641257e-06
2.819814165142172485e-06
2.678777321578626291e-06
2.609532970300479560e-06
2.503187625114249416e-06
2.419645264744058692e-06
2.416478674759858861e-06
2.413985057328678001e-06
2.363195989185454734e-06
2.352451390218971554e-06
2.312399999838379000e-06
2.288131373216346978e-06
2.213788458652881711e-06
2.100206908838503211e-06
2.063207539062557966e-06
1.991230765570077095e-06
1.955383294148704378e-06
1.857967140618526601e-06
1.811739320991529003e-06
1.765792434190784827e-06
1.690466605220640690e-06
1.580032195828006803e-06
1.491440138167050293e-06
1.447089307640072673e-06
1.427241541975882003e-06
1.342249956826597422e-06
1.154134998591614183e-06
1.125400546018597589e-06
1.123038667535260936e-06
1.082617559364281847e-06
9.333135582729302946e-07
9.127918430575937123e-07
9.066357174904434043e-07
7.998975770021593595e-07
7.610682044185213829e-07
6.970306886491438124e-07
6.195708875719510799e-07
6.187769196037531535e-07
5.657987221043799433e-07
4.988988926006133858e-07
4.926019610849601279e-07
4.469825531877941323e-07
4.316497483227814025e-07
4.190982624259054069e-07
3.791341134307779531e-07
3.380277618425521374e-07
3.256857785452149754e-07
3.214231189471375346e-07
3.197732530037056156e-07
2.854269628660048176e-07
2.840353815924177758e-07
2.822959747661840102e-07
2.633997598119181529e-07
2.507007612510758611e-07
2.426716130644110486e-07
2.296799901451630699e-07
2.113918830322183444e-07
2.058006817322483745e-07
1.972888543268269617e-07
1.902709008020542584e-07
1.781167514454705645e-07
1.767312978661400930e-07
1.550454441748367247e-07
1.484859224141118191e-07
1.386788324664993656e-07
1.382323280730253196e-07
1.258089576886662292e-07
1.224581638287075279e-07
1.139126634785281839e-07
1.101397710397345095e-07
1.043833699541544290e-07
1.019859246223663119e-07
8.916891885651331349e-08
8.140038362022230034e-08
6.926552499435181600e-08
6.248441250697308592e-08
5.951278918426884843e-08
5.236809262915269944e-08
4.845388515601459295e-08
4.266485176943211713e-08
4.028204540092122863e-08
3.981411591318589151e-08
3.562363740019908132e-08
3.281426891457039597e-08
3.023685823038236292e-08
2.963680210960150962e-08
2.879549500552729999e-08
2.825926227452713949e-08
2.761614479010303255e-08
2.507345802734874437e-08
2.422567288340956069e-08
2.294654309759680065e-08
2.290071461874294594e-08
2.091624934591674473e-08
1.999716878461274774e-08
1.672940642805075101e-08
1.565287067969373645e-08
1.269556152620471207e-08
1.246158963842703193e-08
1.155267567277264717e-08
1.119058774480283665e-08
1.013011648819424450e-08
9.457619019493386655e-09
9.003393590426563326e-09
8.944288654865306707e-09
8.766502443964499229e-09
8.493422445473381665e-09
7.825718838336626582e-09
7.302176636725437659e-09
6.671057058291204968e-09
5.139433967540121618e-09
5.065266896341418272e-09
4.769350727922684806e-09
4.423001501252175869e-09
4.070454175230126431e-09
3.943676676408762562e-09
3.758186866067162478e-09
3.652287795768840608e-09
3.260449703361652242e-09
3.029234560432076074e-09
2.798888602566162009e-09
2.786776563547991625e-09
2.529169225436174431e-09
2.222642764155709468e-09
2.109416886953928014e-09
1.979990904571388201e-09
1.928082588994336955e-09
1.843356741927428731e-09
1.833355590854293696e-09
1.699454434103954085e-09
1.624284840222566749e-09
1.534071506094129830e-09
1.340652146345030892e-09
1.081544724352288036e-09
9.837633291567008107e-10
7.178945600281206618e-10
5.194773040335649150e-10
5.181049481833711943e-10
5.088526000430875870e-10
5.073036782116453904e-10
4.461049757122410477e-10
4.389776666652912878e-10
3.973690447947133963e-10
3.841515906763102744e-10
3.599372048318601944e-10
3.523497967333203140e-10
2.709691970511703403e-10
2.471715664912759271e-10
2.452706203622643107e-10
2.286417340029043386e-10
1.808913573053902320e-10
1.728933413963961357e-10
1.647105653408362581e-10
1.343432578271016276e-10
1.296833671068894905e-10
1.275062338867309452e-10
1.187667102585860635e-10
1.184461714683331274e-10
1.154390862743228760e-10
1.050928818157905663e-10
9.981811201990771037e-11
9.227963965771033848e-11
7.474854311948478485e-11
6.657707694578325169e-11
4.730521800456620652e-11
4.336671759015313197e-11
3.706856424900913229e-11
3.261825174638120768e-11
3.198823387270643487e-11
2.984101945779159152e-11
2.938062894971755900e-11
2.826927527294487843e-11
2.824749381467991638e-11
2.323035340866979371e-11
2.152581608974590141e-11
2.093151415122495342e-11
1.666118840045221405e-11
1.615226948851090266e-11
1.428710206485431310e-11
1.420622654231864550e-11
1.293129162835451713e-11
1.157097385196246028e-11
1.066312303709029401e-11
1.000947159459952829e-11
9.174771000620888173e-12
8.591731627959674763e-12
7.962509500037811484e-12
7.916031005003284247e-12
5.992190647606654385e-12
4.928150758151090048e-12
4.807618863769355316e-12
4.455905307631194986e-12
4.425236707907817118e-12
3.854277327564909044e-12
3.624409084655513868e-12
3.559032721204531832e-12
3.392082804231183346e-12
3.387208938825797912e-12
2.494626541361173141e-12
1.813551834019657093e-12
1.769168424432397916e-12
1.494417304991442747e-12
1.319041300863966264e-12
1.098057823576616465e-12
1.050620984476209550e-12
8.892853635205252849e-13
7.414106137086815400e-13
6.962847073577745019e-13
6.788184996658371795e-13
6.767439285688844309e-13
6.543567714058687415e-13
6.054127247977166769e-13
4.664554995916340390e-13
3.594168992490530121e-13
2.936908274948289365e-13
2.887284960674421707e-13
2.719994004602536216e-13
2.469753912678473597e-13
2.391358266127220335e-13
2.093224067501729391e-13
1.911838862958510808e-13
1.782418138471866566e-13
1.766523798053022726e-13
1.473534201213760457e-13
1.298431786886772120e-13
1.127655014059547805e-13
9.911304508130369760e-14
9.812125179211202001e-14
8.422759292871520502e-14
8.300021394635532445e-14
7.158204178726267431e-14
6.419115670356216668e-14
6.114831363470915801e-14
3.866265493363068136e-14
3.325660489174162105e-14
2.664359232357259711e-14
2.237365350606592893e-14
2.170762727596026320e-14
2.162309193297915898e-14
2.156189458159136414e-14
1.887682882414760712e-14
1.654242069446612278e-14
1.320197535045031736e-14
1.250234653678094495e-14
1.136912358557697817e-14
8.425115277829639321e-15
8.075763094525642494e-15
7.618613449302439026e-15
6.493724044589087283e-15
5.389340360331562242e-15
4.857528190654159157e-15
4.849585688301068891e-15
3.456308079428724189e-15
3.313127721490020470e-15
2.876516433514340526e-15
2.764170319023044727e-15
2.741826152513261271e-15
2.658092415740599704e-15
2.507881445500159286e-15
2.288915785784379876e-15
2.038658324638110242e-15
1.706634154621685903e-15
1.495243920363627702e-15
1.344622581983677989e-15
1.022360907624668171e-15
9.925035243886479955e-16
9.822975553002472186e-16
9.023226711132935107e-16
8.077154358944163829e-16
6.497087145483008046e-16
6.472692627382611372e-16
5.496912053019936489e-16
5.331351122384237955e-16
5.206241011234588403e-16
4.451813526899350470e-16
3.747616691164638001e-16
3.350026354871712967e-16
1.502604784635294396e-16
1.362006982475804521e-16
1.305328787610438529e-16
1.274180671745532007e-16
1.271091992749058079e-16
1.096182018587040050e-16
1.039680353755595070e-16
7.841894874711112205e-17
6.597754537835811426e-17
4.936952589800278279e-17
4.381890833731210928e-17
3.856844789873966649e-17
3.478471107983547721e-17
3.422882595877583049e-17
3.134234828455644633e-17
2.663376519451536924e-17
1.970558298605513471e-17
1.785125108370162793e-17
1.559261338687763903e-17
1.358135939085841570e-17
1.317817183521161409e-17
1.166787927092704294e-17
7.703199367378190099e-18
6.688906913160452387e-18
5.471572691177078257e-18
5.402266937349133050e-18
4.561789359180222938e-18
3.925353037941417475e-18
3.602438879265084608e-18
3.339454355991177719e-18
3.101659297449320628e-18
2.960487708962876748e-18
2.915804347862361239e-18
2.628524817985027524e-18
1.698334956117445383e-18
1.435825362846460719e-18
9.838939226842267243e-19
6.874689325192141433e-19
5.493973008014747343e-19
5.157001396489045498e-19
4.210015598292455593e-19
4.011565750174333311e-19
3.875770181166489850e-19
3.294329734238035922e-19
2.881816006130263841e-19
2.824039052416221825e-19
2.370481250799733480e-19
2.251960012977458514e-19
2.100513761854836865e-19
1.917225979747690175e-19
1.870878464905252343e-19
1.709883822451327597e-19
1.677957843851717864e-19
1.646287022955980508e-19
1.589252738328582238e-19
1.384608266878733948e-19
1.366839543433838456e-19
1.324705121185104504e-19
6.665902707256635501e-20
6.598001634564387118e-20
4.701752471553996615e-20
4.416517778370710506e-20
4.235066197945775674e-20
4.067470443961674375e-20
3.916093921984083792e-20
2.720349697473709273e-20
1.974579090824837111e-20
1.503013066667333911e-20
1.165736642516710315e-20
1.051116526904769978e-20
9.477060523450983115e-21
8.916553456464527487e-21
7.701813770739678200e-21
7.494928733142844671e-21
4.140115781963101377e-21
3.755663181017454689e-21
3.733873440685576645e-21
3.226503496661213633e-21
2.226783030411986360e-21
2.065026796338938595e-21
1.954328930023457490e-21
1.947723354686748095e-21
1.577016406869801550e-21
1.151348736756172030e-21
8.492590511175141482e-22
7.126236455269543614e-22
4.328332812768342366e-22
3.645407408887517910e-22
2.988079511408124411e-22
2.919563003448573570e-22
2.791738313370709804e-22
2.463323756116002570e-22
2.406925255216011146e-22
1.994735070697475252e-22
1.870761289398530315e-22
1.548269340469391272e-22
1.149726131614519052e-22
9.072493893357996147e-23
8.297270358326525170e-23
7.390888896388460330e-23
6.627177827261407471e-23
5.815739551252032125e-23
5.173842145050644102e-23
4.268443749811306918e-23
4.065391781735106835e-23
3.914830729374830441e-23
2.102452019602225781e-23
1.266961601805448329e-23
1.083002366424439445e-23
1.066733210053219321e-23
9.425828333495427552e-24
9.159244851394196607e-24
9.010699000855005244e-24
7.735699569883707181e-24
7.184244808029034409e-24
6.402010515868340713e-24
5.422160007988495189e-24
5.148427309644427076e-24
4.660619221824373776e-24
2.887265658633524741e-24
1.857826265818010632e-24
1.797740718542517495e-24
1.613083243945613856e-24
1.424007584880268466e-24
1.371219111291578664e-24
1.274010030206705151e-24
1.143166093928009699e-24
9.285305100220748768e-25
8.641682144750802408e-25
8.181087565635423201e-25
6.906976844928665014e-25
5.610101409409604708e-25
5.400209667178722594e-25
3.524783631453179011e-25
3.473201469484724711e-25
3.222043256199052302e-25
2.776623561620208968e-25
2.000145132807499169e-25
1.950960161073635471e-25
1.705476971446981748e-25
1.660622487027685956e-25
7.361907157179825686e-26
3.033507434615866918e-26
2.080228003320803920e-26
2.030758798149520258e-26
1.916177955968698676e-26
1.616819382127216887e-26
1.366795551301977270e-26
1.125385033993904972e-26
1.022469417738082156e-26
8.913686616890667709e-27
6.756070977970993290e-27
6.554764755354039902e-27
5.569234601853523372e-27
4.065990322032045821e-27
2.604177871360338160e-27
2.559242213464564013e-27
1.786421987282339925e-27
1.239537047931881803e-27
1.044084037241477335e-27
1.033317994955598235e-27
6.229445239192568447e-28
5.333766265578418102e-28
4.980906196659748765e-28
3.934564147065093480e-28
3.507017789554050005e-28
3.153018894625664034e-28
2.306744335942215812e-28
1.899700107599122534e-28
1.271034624176778131e-28
1.213556564445592918e-28
1.018236450162779900e-28
7.311042756279823871e-29
6.716529473801543097e-29
6.615739051117615292e-29
5.984242822233779341e-29
5.186155083123239813e-29
4.657415133126348868e-29
4.478341341725791685e-29
4.369913475309083494e-29
4.217305516584997847e-29
3.166864794376140078e-29
3.127655882728940945e-29
2.842925436777925647e-29
2.839217413192473401e-29
1.404678231351594663e-29
1.343096174320072248e-29
8.514731279654211078e-30
7.339271101778956701e-30
6.346529951959069253e-30
5.945415998161366674e-30
4.649379202054673080e-30
3.227864664667632229e-30
3.096691254881898040e-30
2.329900873854976222e-30
2.252874678575797872e-30
2.016987701950832863e-30
1.871576021765286494e-30
1.451085139832922117e-30
1.154369184076022782e-30
5.892821795334657810e-31
3.970734793881381023e-31
3.785229426449449469e-31
3.539495707700051342e-31
3.109465983533567532e-31
2.344577082837672854e-31
2.287687672463141848e-31
1.833778092532791900e-31
1.088902425252555259e-31
1.049868482027604828e-31
9.860873337981541403e-32
8.436032767586833527e-32
7.511118446577668929e-32
7.211389295516523488e-32
5.166687386690443007e-32
3.522056863620541744e-32
2.891032667639383598e-32
1.628685970923393950e-32
1.497156537889473560e-32
1.085036008707615713e-32
9.102524350751783749e-33
5.458558584386990348e-33
3.944256687965692612e-33
3.475388010615228593e-33
2.419455963069023207e-33
1.948065839519558355e-33
1.900403825703816388e-33
1.097688875948240589e-33
9.874929808946118484e-34
8.029943792176180550e-34
6.314640131365172500e-34
6.274456872978890075e-34
5.164190496637021074e-34
4.428712611987157201e-34
3.822892060207636453e-34
3.229294182949635831e-34
2.695256633538662837e-34
2.177263540435912725e-34
1.892301125639130167e-34
1.443463650401289016e-34
1.435005412217358174e-34
1.349349016603220180e-34
9.302101624450731108e-35
8.518981421289352574e-35
7.988897838309117357e-35
7.250158372831555627e-35
6.716170370219569245e-35
3.621834600593151024e-35
1.638869170240813167e-35
1.386579764446482348e-35
1.261224961055116767e-35
1.137620891199284000e-35
1.048907116298931650e-35
8.178472536821852707e-36
7.443145859947413981e-36
7.063505933891590089e-36
5.690644522023655575e-36
4.224771456070470529e-36
3.323539225629876643e-36
3.067364519164138027e-36
1.916730577117104686e-36
1.836185595407335206e-36
1.426729855903929280e-36
1.383280060682823776e-36
7.670295275017201591e-37
7.613464210637217311e-37
6.469071173438332608e-37
5.059807057797977489e-37
3.953765786248087676e-37
3.319558402777609339e-37
3.010085257982524421e-37
2.447606488258011069e-37
2.339604204972285809e-37
2.281605035135310097e-37
1.409655395720187726e-37
1.391362945923582973e-37
9.941757625190360841e-38
8.031896191474902287e-38
7.774443421457029272e-38
7.385275565710367139e-38
6.845608916327785405e-38
2.935039162774211721e-38
2.050773373811330886e-38
1.524506530994101282e-38
1.233989380387858058e-38
1.048210393786557512e-38
7.797567055328330394e-39
6.205331414055408387e-39
3.763118312290799085e-39
3.142411355728443437e-39
2.737460335040082137e-39
2.422773844251358553e-39
2.133098490921626619e-39
1.666644423026884087e-39
1.595120123375719421e-39
1.097554332353672254e-39
9.851650210922857463e-40
7.117494979616206027e-40
5.767514492146086253e-40
4.344460069405418420e-40
3.360651910893880287e-40
3.129827706422205679e-40
1.947922401094190996e-40
8.474262704913055997e-41
7.739290284430007270e-41
7.225270918983376764e-41
7.199131518966519335e-41
4.984648358265522929e-41
4.244728448974098069e-41
3.784650955550321964e-41
3.234112971892961095e-41
3.151202988871380849e-41
2.829812078538944965e-41
1.360500992506411820e-41
7.613212164410781420e-42
6.083882024838525873e-42
5.853417442568380497e-42
5.151097564232447423e-42
4.588936013374131926e-42
4.431595784625738132e-42
4.010606793104972912e-42
3.127698763969206730e-42
2.439476132395061063e-42
2.253688755013717475e-42
1.351100850414012812e-42
1.003210812927082291e-42
2.771839412505522824e-43
2.161931756731386651e-43
2.132086003642002603e-43
1.789460457562223191e-43
1.734143978458820316e-43
1.733563802275234746e-43
1.295319705299548134e-43
1.267821003181070476e-43
6.058094226628076587e-44
4.703635287052371386e-44
3.990726959319242382e-44
3.060767878849651831e-44
2.971199524236425519e-44
2.292377484952137784e-44
1.814063214761371141e-44
1.172545996468989435e-44
3.361023902371362672e-45
3.155103800079942471e-45
2.814154393645766705e-45
2.154443861109285549e-45
1.881899675403033637e-45
1.178412676067758264e-45
7.026185624687846552e-46
4.975663332916570947e-46
4.923502045859308717e-46
4.407376196148871203e-46
4.114842401139999759e-46
2.958113741698713748e-46
2.771584109797426199e-46
2.141576744426025658e-46
1.956372374647777151e-46
1.901198372298628885e-46
9.700810748824843135e-47
9.224992018189714211e-47
6.936429810014746519e-47
6.362483270345407576e-47
4.783501373736446757e-47
4.743815643645610975e-47
3.739486723470211982e-47
3.308938159517400030e-47
3.306432905522692984e-47
2.608732080994983166e-47
2.326067586176831133e-47
1.570198178804930078e-47
1.056281998311721017e-47
9.408295529648862972e-48
6.004358703624262102e-48
3.427792223802416019e-48
1.639128094464511806e-48
1.430851294601023046e-48
1.289586994434583851e-48
1.269601885499690356e-48
1.171577645329600070e-48
8.229560516463731032e-49
6.696646738827519914e-49
4.976544151293949561e-49
2.957149325953459373e-49
1.978381665643156499e-49
9.940680522915343241e-50
8.727756246795119455e-50
3.594502058470210910e-50
2.478529632423027449e-50
2.311504750670361799e-50
1.446377980883947404e-50
1.284273523584694697e-50
1.163000610806677907e-50
1.038826787348964549e-50
9.469240555546905954e-51
4.672846030762870108e-51
3.827559655297034464e-51
2.743130040425321271e-51
2.611850505371466853e-51
1.788010970298179129e-51
1.634577328851644186e-51
1.549457280633582571e-51
1.078287774438632978e-51
1.042439899181085092e-51
2.301341269463504849e-52
1.992708512668316207e-52
1.720998735072730220e-52
1.537268095966887739e-52
1.044548194677959616e-52
6.686562639780358123e-53
5.263939324144875404e-53
4.937856013081622146e-53
4.182900060864210307e-53
2.925343993808460166e-53
2.781545009535864974e-53
2.660181614972596611e-53
2.598815671098325821e-53
2.380818627891020411e-53
1.961161312215530108e-53
1.506867015854326546e-53
1.351344461084570958e-53
1.168586266296264087e-53
5.153357150186105442e-54
3.020130396279753726e-54
2.390627169106955866e-54
1.942454231783170205e-54
1.397653236476181845e-54
1.122527337569391678e-54
7.632355414118616204e-55
4.103991238921196821e-55
2.584930612133349759e-55
1.641667309455040537e-55
1.021278813753643374e-55
9.496439187104759481e-56
8.682739775834584527e-56
7.932637433401799472e-56
6.614252171975208012e-56
3.398830547523237791e-56
3.008907644440412212e-56
2.295417504207545484e-56
1.866270028254001194e-56
1.857137215332850050e-56
9.978833287412567216e-57
6.226763628137578730e-57
4.600468630642242904e-57
4.348746905483671537e-57
4.026422908477159800e-57
3.409046680217137053e-57
2.878311966044428999e-57
2.582746258986512250e-57
1.613260456283357381e-57
5.992930546739611173e-58
4.213165446471021947e-58
3.975841579287832304e-58
3.161072958801677356e-58
3.159741871895943956e-58
2.393191473204704397e-58
1.740334787165874391e-58
1.264326955460884416e-58
1.047982986523776367e-58
9.377354693910512564e-59
5.992291252853416012e-59
4.109554632962504110e-59
4.103933800744628315e-59
3.974551695424060533e-59
3.160681761878622037e-59
2.944509410925948383e-59
1.711270325680087110e-59
1.145485423047030171e-59
6.695113346031623048e-60
5.017103440775561821e-60
4.236639906247299089e-60
1.647771872900145434e-60
1.318228842365404794e-60
1.313087496761931353e-60
1.127544140983078406e-60
9.641382333872423235e-61
8.835995304050406515e-61
8.218776877513817204e-61
5.841531872353414754e-61
5.812371075668728715e-61
5.493972996148916795e-61
1.849647929871357882e-61
1.844890639466974747e-61
1.077140556594670653e-61
7.547267933534690683e-62
5.930628542664195287e-62
3.173401281712465532e-62
2.959533408121937340e-62
2.618291753380199079e-62
2.574311505758252514e-62
2.183674146488084860e-62
1.517693933279785849e-62
1.393087155129002219e-62
1.337465163964001511e-62
1.174678277800020909e-62
3.525944743680308403e-63
3.486024782433681514e-63
2.022741437156779588e-63
1.102388816647506589e-63
9.563426058592476631e-64
6.750557262499294606e-64
2.573949438930456662e-64
2.267356746196142404e-64
1.852665536577903943e-64
1.457669317974142511e-64
1.193069062169258178e-64
8.930074730608139544e-65
8.644338156316744377e-65
7.563224671578589514e-65
6.137716473266888832e-65
5.646714943837971804e-65
3.968992982554855872e-65
2.195293468627174956e-65
2.003826300334606149e-65
1.758639153506206954e-65
1.091696575643205290e-65
8.488235474431983875e-66
8.018158536664216359e-66
5.816781250206815664e-66
5.339857165881076835e-66
2.519766287191493510e-66
2.118979404994080210e-66
1.975765863449081710e-66
1.574297884005000717e-66
6.440605538219989830e-67
4.775205680724388836e-67
2.510899608039645535e-67
2.504057180569662892e-67
2.256251077713313165e-67
2.105962447932588120e-67
1.847464966897727834e-67
1.683273485171803616e-67
1.082664629603380543e-67
9.833651628913673547e-68
9.481018564949903201e-68
6.516973436014257874e-68
4.798594779738030653e-68
1.689021328383920807e-68
1.398089808203106022e-68
1.378429236708701489e-68
1.221112958948941725e-68
8.595326416479052239e-69
3.504065871422279132e-69
3.228379693107866912e-69
2.678235822231959802e-69
2.216952800821272071e-69
1.907715147711744350e-69
1.376449387942098863e-69
1.224603184867666044e-69
9.557090292265000343e-70
7.677882765356559617e-70
7.621042196225033147e-70
2.152812030707478117e-70
1.339662568370487026e-70
8.915456016501876891e-71
5.702166314341295754e-71
5.224376045758593276e-71
4.837585593885086124e-71
4.426246754384919198e-71
4.140799131937712695e-71
3.247375108757395076e-71
1.285127335783186258e-71
1.144024738570312335e-71
1.019854913155937439e-71
7.218790605214229398e-72
5.632472926676680219e-72
4.151178196541754035e-72
3.942134672395189212e-72
3.856314635151296298e-72
2.758438374765650505e-72
2.599254662423118030e-72
1.781344670319641216e-72
9.169583362276809994e-73
8.942291327795482220e-73
8.496378114572130844e-73
3.405821472726320679e-73
3.280271507695757938e-73
1.155390704655903223e-73
7.194962509946254749e-74
4.792434160739860715e-74
4.612101918412777252e-74
4.486944693717436157e-74
1.790508529517939063e-74
1.279466986822086295e-74
9.899008640852781552e-75
9.314361451065724179e-75
7.971145193047379366e-75
6.090122008945309331e-75
4.881101005110642007e-75
4.166019945298526379e-75
3.387538334059376259e-75
7.449720979144766212e-76
4.898136496075773771e-76
2.287098912508156403e-76
2.193357040066951283e-76
1.414564628832495550e-76
7.600924563063291655e-77
7.458774291312358321e-77
7.072327175512437703e-77
6.438288893224954699e-77
4.981876126611823062e-77
4.419568673377516184e-77
4.396588341949615651e-77
3.379068140449736406e-77
3.246556386344111166e-77
2.984704847677861842e-77
1.760123104465358464e-77
5.856252325829908800e-78
4.747273953248435923e-78
3.793434664449663884e-78
2.829068820988112718e-78
2.436221344891828500e-78
1.989695204102998489e-78
1.574873008489455061e-78
1.367752635318452764e-78
1.261077228724122049e-78
1.217979576459829675e-78
1.202290639816988722e-78
7.876179115217727359e-79
7.150699222357250623e-79
6.786163214963909383e-79
2.187377387047680329e-79
1.717313735194515573e-79
1.593061530604005288e-79
1.510775811874656759e-79
1.006812810739187999e-79
5.708171659106394514e-80
2.561758699984301817e-80
2.261266688399402531e-80
1.756245158857184976e-80
1.491709233997835538e-80
7.636569697445513741e-81
4.123218007919792437e-81
3.754910092475561977e-81
3.603177598818690592e-81
2.646536632521423395e-81
1.832284374473233095e-81
1.021341646400424514e-81
6.835594011115370631e-82
6.415339952921157949e-82
3.183325364795661003e-82
3.172371882960307621e-82
1.988492156979203949e-82
1.886125047197901029e-82
1.546882494410748935e-82
1.164610217183667396e-82
1.124371841379982737e-82
7.941129287129753797e-83
7.060384136871783991e-83
3.745953524959787153e-83
2.381113071843496654e-83
1.528799009915623073e-83
9.592520313357808819e-84
7.754031226910914986e-84
6.396889885339465518e-84
4.213371716828137945e-84
4.529360296247505953e-85
3.121753210316962278e-85
2.762935197643091531e-85
1.916542628811541494e-85
1.570618599300842274e-85
1.535016087738601704e-85
1.478431207060862646e-85
1.416595208710074502e-85
9.949559004506491265e-86
4.919826354354403730e-86
3.613183516283237225e-86
2.104311405244637727e-86
5.131515469196020081e-87
4.089127378485449720e-87
3.806685427723678658e-87
3.397274273943982912e-87
1.936897930118457620e-87
1.733761035493458249e-87
1.484498285216677586e-87
1.223024532922233818e-87
7.273198864158228535e-88
5.599207571202438531e-88
3.759515051799166092e-88
2.682067856392977880e-88
2.656488626445125231e-88
2.400711308630812234e-88
1.419464287492798040e-88
1.024745566371911277e-88
2.960567767376867152e-89
2.790895826595483839e-89
1.439119175594994943e-89
1.037627799749535875e-89
7.134908130699823737e-90
4.486492606766536671e-90
1.434895037576472354e-90
1.350512473405447674e-90
9.074557460473587065e-91
8.630767735319090324e-91
8.374878528447289407e-91
1.456602595307640350e-91
1.303526485787379388e-91
1.227295090530077329e-91
1.008958359512494330e-91
6.860457163131860255e-92
4.786756930376497314e-92
2.250886508224095393e-92
1.737848344496462703e-92
1.534942783814379684e-92
1.024992078961393714e-92
4.863812675309654717e-93
4.654979534751060418e-93
1.460825197385298642e-93
8.212600202865671130e-94
5.242741370533381933e-94
4.978411527903712387e-94
3.037019915381068797e-94
1.924309973416932920e-94
1.748808397301220225e-94
1.413930135036956828e-94
7.090710856990748328e-95
4.919819628409843660e-95
4.810130800161329194e-95
4.273554704628139166e-95
4.258113749939556037e-95
2.929637559542376619e-95
2.401755196329927692e-95
2.247212323777569962e-95
1.540162156152302909e-95
1.516429028517523138e-95
1.099346996352994025e-95
7.664953356736035924e-96
5.709571378392019126e-96
5.622123669835792903e-96
4.338478994201389661e-96
4.045462912631824695e-96
3.778334727513694755e-96
3.004145550077606236e-96
1.959299043710636365e-96
9.221978015749308899e-97
5.884743735324078635e-97
2.231490314514855985e-97
1.692301055040412193e-97
6.371907614953838380e-98
4.464547514471298968e-98
3.947689105349017684e-98
3.776037571759486367e-98
2.663767023704965322e-98
2.369270931328202055e-98
5.233553913745898741e-99
2.472235690097139906e-99
2.082575925357146175e-99
1.326759395000276980e-99
7.989345676882625127e-100
4.816812690781135867e-100
3.531609906277801482e-100
2.511015856370781949e-100
1.881388585416885338e-100
1.018397946704316415e-100
7.829887930902313388e-101
5.457966815457943302e-101
1.959652112937678385e-101
1.911529788340064849e-101
1.906745418597333954e-101
1.631025887767008809e-101
1.465394484652767764e-101
1.011622548138807108e-101
8.188493375286360307e-102
5.663445421095079169e-102
4.918123543609798235e-102
3.889371020196965930e-102
1.348310999707170071e-102
5.925677943037108730e-103
1.725785436195683190e-103
1.593385771728179239e-103
1.436778802745960831e-103
1.242473091593401503e-103
1.001393700809236915e-103
9.794796172234289124e-104
4.481416464073063968e-104
9.849327910954092725e-105
8.798307027757659766e-105
6.246687687325137782e-105
6.050424453666524733e-105
4.089443167972861169e-105
4.029448807659614995e-105
3.501840059627007956e-105
1.912131440163962069e-105
1.394229392983517449e-105
8.808500304809434736e-106
7.691226886608229832e-106
4.342016015256831880e-106
2.306502950499481573e-106
1.353338476700364234e-106
5.648731857053888611e-107
2.839769900867955880e-107
2.562027102826337499e-107
1.527228184024898278e-107
8.146725553277920857e-108
6.844436196073331397e-108
5.024513009134642793e-108
4.256352726735343113e-108
3.832121392258785929e-108
3.546520801951417985e-108
8.405396569958970761e-109
6.510139771654737056e-109
6.430282854149380788e-109
5.228656844181401074e-109
2.609452760621647998e-109
1.090850846643464664e-109
4.246007450006159429e-110
3.071497130604981131e-110
1.613839309813067186e-110
2.729325336488772779e-111
1.900553060744830016e-111
1.762696037070549862e-111
1.259997026680283144e-111
9.311555127980727622e-112
5.800120231099895280e-112
3.686571227732496136e-112
2.325922375859621602e-112
2.147173690021526434e-112
9.500039776080848536e-113
3.155195318120072878e-113
6.510631866382372961e-114
6.182383927576678073e-114
4.685110675729996640e-114
4.151669156710485066e-114
2.217168443122408978e-114
2.010137424302178538e-114
1.728286116506547482e-114
1.284743850529986300e-114
1.248128286364830356e-114
5.844306336121122349e-115
5.675590720597477272e-115
5.606052898572172299e-115
4.826176430905450894e-115
4.371306842530934079e-115
3.198480585952728893e-115
2.704148007336662940e-115
1.699544447193305773e-115
7.851576400369451256e-116
6.284059994521188240e-116
5.358354092518076804e-116
2.948573283665515626e-116
2.737079207980598345e-116
1.536591418124849680e-116
1.135180310394313982e-116
1.134388321987190686e-116
8.362504062202080429e-117
4.166223311216163504e-117
2.545749808305058132e-117
2.337224463092914009e-117
7.179315074481227715e-118
6.011475782345197029e-118
2.528603446080629295e-118
3.910506773916044754e-119
1.889665084024070765e-119
9.164316502570890671e-120
6.806046219316026481e-120
3.228316295266567220e-120
1.618111580646942549e-120
1.245249022372667789e-120
1.019176461857766834e-120
5.897514076486048578e-121
5.609923436332677566e-121
5.357266798453662218e-121
2.663178200175384933e-121
2.351344991845359537e-121
1.668840080532972923e-121
1.257933871133543433e-121
1.217117651323721787e-121
7.233422487656765117e-122
6.004053553899694249e-122
3.101882851184836301e-122
2.659262095589333353e-122
2.452786582335256050e-122
1.053059767196749866e-122
6.407837617070513487e-123
1.184052975650630798e-123
8.359308649931538593e-124
7.648317703403601909e-124
7.114193428618071781e-124
3.412120519881579749e-124
3.402276873346428864e-124
2.044991626815590101e-124
1.151030774768140072e-124
9.533603625104825775e-125
7.415830683681663402e-125
4.172274027539560932e-125
3.620592926736186381e-125
9.147585203204985441e-126
8.301667397011004816e-126
3.476485653914216240e-126
1.610073566930292959e-126
8.900374759967395221e-127
7.214595739346353579e-127
4.172688810870785615e-127
1.048828945346899859e-127
9.846359353262144235e-128
9.249091968159837214e-128
5.006048524758802228e-128
1.807318885868648349e-128
1.236643846037754371e-128
1.197160180020562733e-128
6.389702651626425069e-129
3.863662561754603408e-129
2.947303486463001319e-129
2.195718748223393884e-129
1.609552155484288132e-129
1.213290545620365424e-129
1.180992579344536740e-129
1.130682035322023057e-129
9.452038414816154648e-130
7.364127312870179111e-130
6.692210364966526056e-130
5.222307889952992459e-130
4.965307148712709105e-130
3.027122654280176652e-130
1.802076960783159747e-130
1.274304882246828522e-130
8.142911418091497192e-131
6.660849906633895345e-131
1.088070586068212008e-131
5.962814618648291035e-132
4.921000431191244011e-132
3.886822843564111476e-132
3.367011067950474609e-132
1.479401369811732343e-132
1.372298140540310445e-132
4.480878129141265143e-133
1.484220978468921499e-133
9.219804782130187282e-134
6.399598314090479700e-134
5.636747126756998753e-134
2.446908150007068177e-134
1.383779628625618872e-134
1.230212443243456500e-134
2.478432128718162537e-135
1.320418831200973260e-135
6.269114641224938568e-136
5.378777888970829421e-136
3.856069090039051222e-136
1.570260069573970745e-136
1.183032669258450231e-136
9.244853301480426905e-137
6.274398302461255191e-137
5.430848054076901803e-137
2.434711074726502908e-137
1.684982512014266398e-137
1.512006053549417271e-137
1.069862090546843833e-137
9.758082317977442434e-138
4.168438024157042682e-138
2.579094767524322339e-138
2.546545207438134824e-138
8.023894298802413916e-139
7.867795622458156312e-139
6.612800320813878479e-139
3.281112942527729840e-139
2.380074387338239053e-139
1.306057309741237021e-139
1.102769216618772234e-139
1.054210620687501320e-139
2.963395525368855541e-140
2.634679629432497919e-140
8.409823884490787351e-141
7.984152222125876927e-141
5.736720083088953947e-141
3.016598274824150164e-141
1.299488646440867881e-141
6.554019213315179696e-142
5.148075505493197789e-142
3.185302222937323048e-142
2.033630000828769972e-142
9.579023606157145855e-143
5.357121929751886210e-143
5.015948017207792467e-143
4.431417243846132000e-143
3.732261942570473331e-143
2.152993585832466200e-143
1.782238721632998866e-143
4.232385272779782939e-144
3.237630191058546616e-144
1.617937648777993874e-144
1.466239861288808818e-144
1.181550549672064940e-144
1.024211530232547826e-144
6.334391849761893273e-145
4.476556144011949853e-145
1.287253978515434407e-145
4.219017718392528247e-146
4.023190947190300671e-146
3.675472979180070587e-146
1.928973685778680975e-146
1.471843291408660196e-146
1.441854608688707582e-146
1.216497680005289041e-146
1.175638166069357807e-146
1.410029720997530900e-147
2.952569049936780456e-148
2.453047952434786037e-148
2.378736251092454253e-148
1.942046585810364025e-148
1.185175445455007343e-148
6.190275710421939648e-149
3.406419066531943213e-149
2.269589589748948817e-149
1.852068383895054538e-149
1.234368238521279767e-149
1.165320915844953432e-149
8.242901612575091099e-150
5.021382001925945298e-150
4.799421705481808804e-150
4.394399462605219169e-150
4.227003280260398292e-150
3.168678750584764359e-150
2.046913465110518692e-150
3.147499763986657115e-151
2.707955078292790178e-151
1.289048639970034158e-151
8.530649483436239822e-152
6.123900014795531229e-152
3.864091151798617413e-152
3.613871331911850975e-152
1.541449543641197700e-152
1.176419676849232187e-152
8.726871743737287933e-153
4.278022544543670203e-153
1.472778980337754726e-153
1.435677434132283141e-153
1.088771092492894154e-153
5.279758923646271766e-154
1.553737641094965438e-154
1.351324345213618685e-154
1.118407761418087360e-154
7.178499346915502620e-155
9.117736922703042662e-156
3.561832658901705963e-156
1.672257991761054145e-156
1.191350466170715006e-156
4.918238289221598625e-157
1.613271691552118771e-157
1.097224419675569087e-157
3.287817148656938052e-158
2.305288964431235199e-158
1.621680745632613463e-158
1.373805795132066071e-158
7.332576467855726020e-159
5.691026194137549448e-159
4.788407263480424563e-159
2.316017206463222079e-159
1.422401422538185066e-159
1.408928037686430407e-159
1.152020456092307366e-159
9.886122410836220254e-160
6.016380270158614784e-160
5.276827972433586084e-160
2.413909403391031303e-160
2.325653752870021637e-160
1.733026367959452845e-160
9.775937728532231751e-161
9.735569278301895858e-161
8.372379508896160903e-161
6.068593424400498642e-161
5.946342736573652809e-161
4.459468073069234619e-161
3.300590932939264503e-161
2.919816045025330850e-161
1.874141480661159453e-161
1.477562127224934316e-161
7.978708228301793862e-162
1.604574822885790682e-162
1.474503938894977523e-162
1.223188758034165497e-162
1.123202753459655744e-162
1.066848480460941914e-162
7.980140917698141414e-163
1.592091253467966248e-163
1.204025398268394925e-163
8.578735698613567476e-164
8.160318290015096492e-164
7.792293930003027842e-164
6.753078633745019673e-164
4.913467394878749717e-164
3.913172122668636995e-164
2.262952930810554607e-164
1.053679452129645757e-164
9.207260695997021539e-165
8.162353611023848542e-165
1.353975802563176418e-165
4.337513448882511505e-166
1.382188722848366168e-166
1.378706582804825727e-166
9.335664860837305152e-167
7.474759293947784737e-167
5.769015277577614010e-167
4.816468063518610723e-167
3.803056080672118290e-167
2.965210611305961581e-167
9.227020090642888093e-168
6.519733150188715875e-168
6.070263906358612850e-168
5.593256641220203847e-168
4.013135511315128634e-168
1.673234179471558822e-168
1.485164052002470464e-168
6.109971422932376334e-169
4.808180589489664303e-169
2.693639238301196913e-169
2.342816623553629687e-169
2.139261294841692082e-169
7.386526783362332149e-170
3.802841571884121442e-170
3.708625988782405660e-170
3.021974212337340081e-170
2.331670842582108458e-170
6.293417810908942035e-171
5.570512014679099342e-171
5.457774682670647978e-171
1.408822254993826364e-171
1.321551771732002357e-171
1.075841293153142311e-171
3.749380915227970469e-172
3.196897577368118435e-172
8.019502021373039194e-173
2.524529139937337650e-173
2.390127594820578471e-173
1.773924170201500193e-173
3.783313204202221637e-174
2.972522232723920045e-174
1.977205862983150344e-174
3.851688382787810725e-175
1.983825113548360307e-175
1.531394367417144530e-175
8.008255635761223198e-176
7.714362504464183744e-176
6.871530501358753833e-176
4.402217634724748120e-176
2.541120427496700374e-176
2.459523874377057871e-176
2.401890730773533764e-176
2.221665031681716207e-176
1.464433144280170496e-176
1.152861673751598503e-176
6.566775911275455714e-177
5.153346759187578986e-177
4.388613029246935173e-177
3.360327629996548011e-177
1.714153771537465628e-177
1.317672524736285780e-177
5.014909760775863294e-178
4.732082168481398801e-178
3.768505999313335520e-178
3.700576685099164411e-178
7.914061238069163660e-179
5.041102096686612010e-179
4.814452311911808148e-179
3.573280016201121086e-179
1.117270639309930912e-179
9.036247720241626380e-180
8.979561793876103703e-180
8.600280021042443264e-180
6.106103473549393526e-180
3.559142463576875334e-180
8.496448322421272166e-181
6.151371780615676038e-181
5.048253768228061814e-181
3.504066783192925298e-181
1.954596930273302477e-181
3.596128637040981295e-182
2.976065862716430686e-182
8.937919224503041475e-183
4.194643350945126264e-183
4.163767549277879861e-183
2.321659356752929184e-183
2.164842502663982793e-183
1.776072771614975439e-183
8.854125583848058433e-184
3.108979650080600801e-184
1.326942265665572487e-184
9.952552492937166795e-185
4.585009903014501323e-185
3.914524939244281905e-185
1.634533976078866890e-185
1.343026711852146964e-185
1.138401091821510125e-185
9.153085237547356204e-186
8.479438127277384257e-186
2.480508730986428078e-186
2.187616769187060441e-186
6.130599395734577490e-187
3.820484052887078505e-187
8.527074619886010969e-188
4.659247661616181931e-188
2.414357896363805351e-188
2.377201388731087988e-188
1.423099514819702742e-188
1.063022671472327287e-188
8.603774986235941382e-189
2.801932894959596314e-189
2.234627724259112518e-189
1.574876716082025610e-189
3.627969329371017808e-190
3.110116362327647353e-190
2.421003503166714255e-190
2.106070369203549948e-190
1.883824024435890227e-190
1.208388760742206641e-190
6.805392685383625628e-191
6.355453282106362698e-191
1.190826871600121268e-191
7.832395355999039767e-192
2.095320963730945963e-192
1.166044253094420385e-192
9.224591789751253670e-193
5.457980265410512993e-193
3.752284326308969340e-193
3.676295311733458532e-193
3.207499169357985839e-193
3.090151469309357694e-193
2.256274186491675765e-193
2.230960365113945181e-193
2.184557269856835653e-193
1.217590116433888463e-193
4.379543291152443266e-194
3.191818645941265010e-194
2.309221496518687628e-194
1.776600424398249743e-194
1.339737351606980606e-194
4.802460135849003817e-195
4.112333182089446063e-195
3.661922539978391082e-195
2.412298055081240315e-195
1.995686532525898778e-195
1.798299619032169209e-195
8.359134287594062527e-196
7.201441185346885098e-196
1.789163558390083666e-196
1.164420666833032895e-196
4.161761410678297212e-197
3.103488151431197560e-197
3.064884680457680406e-197
2.160534177116511178e-197
9.150990616713776968e-198
8.535925534589974718e-198
7.485291535712286876e-198
6.529414009564825101e-198
6.165316348670529953e-198
6.067262167308966645e-198
5.877503577357972280e-198
3.310307089836115929e-198
1.321857343876565285e-198
1.319971958349531566e-198
4.223983784670022941e-199
1.104972268846265224e-199
5.501100624859394985e-200
2.655602392365303738e-200
1.834697328725120787e-200
1.739930141772689129e-200
1.464081491866272695e-200
1.395134994903196193e-200
2.283691466797770909e-201
1.567118125559119544e-201
5.372864900017652005e-202
2.126670212665922491e-202
2.016352491960626735e-202
1.980303215415166207e-202
1.198912785842102112e-202
8.577672627400293806e-203
7.086164310985339984e-203
4.600262434051467126e-203
2.724771587735825308e-203
2.319435428689926060e-203
1.600252081153863148e-203
6.645695698835313627e-204
6.258559686179797743e-204
2.836755627241797801e-204
2.688194326807456503e-204
2.264052906268229258e-204
1.333709568111318113e-204
1.063793862069159105e-204
5.076324536386023997e-205
3.946038069405773824e-205
1.369994144046991127e-205
3.421789084481723209e-206
1.550712412620816220e-206
9.573258096104917800e-207
8.575326494742068641e-207
6.771758906797328700e-207
5.860735979817264676e-207
4.982399253914819725e-207
3.463032936131681597e-207
2.574297790190545030e-207
1.786941839716858754e-207
1.559420302300463808e-207
4.591390741432868483e-208
4.579262186781527199e-208
7.631248358530306858e-209
6.805670128362653621e-209
2.727486427798994783e-209
2.476191024650068732e-209
2.209101842501681359e-209
1.778054576928313763e-209
1.403679052948888197e-209
1.078961933262727575e-209
9.474702249588902595e-210
3.055157461850906068e-210
2.698657057961604647e-210
2.054050289310620885e-210
1.654692767742993021e-210
1.454064692583382854e-210
1.437855542940894691e-210
1.295866149649845403e-210
1.234465968699284550e-210
7.571144605887722021e-211
5.667035909512385469e-211
2.803981106058794347e-211
1.185694953222981837e-211
1.066879411475897139e-211
7.985602173883867237e-212
6.157653179018758721e-212
4.785547123310994083e-212
3.825728245697842620e-212
2.732345916090785181e-212
1.810431725999762797e-212
5.447318052186864191e-213
4.961692372681108632e-213
2.246967164685761356e-213
2.019966442995689639e-213
1.854375755134777172e-213
4.245156597640884097e-214
3.113193234818813678e-214
2.729980370722345559e-214
2.513224966692609104e-214
1.996740290505980676e-214
9.762671132214895670e-215
5.942408057305217156e-215
4.524673963299758384e-215
2.497163109364131997e-215
9.970682195846777143e-216
8.533850425325673387e-216
2.497641214694509641e-216
1.950139572286354139e-216
1.471024137303086512e-216
1.306019293777681033e-216
1.064816890313648948e-216
7.816200469176088790e-217
5.618880579851547813e-217
3.936434612771697052e-217
1.659722582984173665e-217
1.608838961596188318e-217
1.530892507103319038e-217
1.160194512801940076e-217
9.937848690096305640e-218
2.787365673007935017e-218
2.368974312544664400e-218
2.321063988365424718e-218
2.314103992808721647e-218
1.714902563827553717e-218
8.411004602445932436e-219
8.351052072944898697e-219
5.636334085493205979e-219
2.525613135927235530e-219
1.248752379269506181e-219
1.057586386220276565e-219
5.302834040980339554e-220
5.144396178522555579e-220
5.108064776364157110e-220
4.594960454379210752e-220
4.424906939884845749e-220
2.558668268352558889e-220
2.107401475483691065e-220
1.429636991225505530e-220
1.344571830955788862e-220
1.261004610027941873e-220
5.785977649663015026e-221
2.147166974132815159e-221
1.397046528443401353e-221
8.310576691771966837e-222
3.062763694027519941e-222
2.522068434494655608e-222
2.292050738796599157e-222
1.123354553727382106e-222
1.084109051961066805e-222
8.362913066712968481e-223
4.004326731335755527e-223
3.701529805609708923e-223
3.478110952421666350e-223
1.425635759453582029e-223
1.291297639784738536e-223
1.126253726680821300e-223
9.656290653165837569e-224
9.447837316175988018e-224
6.851123662881701448e-224
6.723979043032422264e-224
4.760811471017312711e-224
3.587023644073102377e-224
1.628401051269910805e-224
1.614731056867684233e-224
1.066457840988576749e-224
6.685087860988530157e-225
6.304055939890170507e-225
4.989993754202254952e-225
4.493947057742404339e-225
2.043984462812018031e-225
1.997539826592306039e-225
1.933972932142068233e-225
1.540890263050304855e-225
1.092212723987721562e-225
7.542671111001558880e-226
7.498453281528390044e-226
7.138086617592630307e-226
6.624956875336380252e-226
5.251542850713362490e-226
3.442951956714606284e-226
1.843321203163871761e-226
1.426656807823093042e-226
1.201699527027786513e-226
9.928536782945374626e-227
8.757200960378050634e-227
8.086378605296094569e-227
4.840966323912764267e-227
2.736026189965488183e-227
1.997922989852324956e-227
1.964378158079967495e-227
1.625371713988125521e-227
9.264881471425552698e-228
4.280044085980108253e-228
4.096970221673479653e-228
2.295038532222637502e-228
1.875175924973808161e-228
1.755657011112863902e-228
1.473686619645925446e-228
1.424812441422275014e-228
1.040047970718431642e-228
5.610149461761817075e-229
5.127066227112496473e-229
4.486451473180487954e-229
4.238658152066052186e-229
3.996385855244790055e-229
2.731751767061577289e-229
1.925522175784477853e-229
1.324566511566522517e-229
1.192514498884989215e-229
9.154338820510038187e-230
7.416426780969402418e-230
5.672843654627823997e-230
4.653914943745313147e-230
3.389206269905188586e-230
1.517103359322527090e-230
8.710286815844825889e-231
5.038851473107194609e-231
2.823256728096703463e-231
2.801841319971850502e-231
2.634497873030236259e-231
2.152693248492947466e-231
1.282868710793141691e-231
1.247088947253774937e-231
1.167936337654070501e-231
1.038377446727410682e-231
8.378081114670694730e-232
5.015031839615640543e-232
4.780936277284710106e-232
3.361635723411059626e-232
3.032481935491378204e-232
2.912186517115038684e-232
2.768773042416644551e-232
2.398329797640019460e-232
1.613996079164013456e-232
1.094404237390554803e-232
6.097174089119551522e-233
5.013289958577193791e-233
4.497830078954341175e-233
3.513606854130710501e-233
2.426852859878361377e-233
9.448285587534925536e-234
8.115469943933898658e-234
7.867685350100219247e-234
6.774365615388992386e-234
6.591416821244663555e-234
6.132829927400607152e-234
6.087254218317984386e-234
4.028670222121193191e-234
3.669769930914764336e-234
3.376161147749744772e-234
2.017413024253494724e-234
1.940163878101127314e-234
1.768324034007602158e-234
8.104259352888447762e-235
5.266057340189502676e-235
4.420581097408648930e-235
3.661270634258064851e-235
1.253454281655384541e-235
1.078575974143816682e-235
9.764623723229515971e-236
8.217605850528041708e-236
8.168961448010145534e-236
7.743172278475170363e-236
7.149679727579087599e-236
6.890818683170085192e-236
6.684082910978767506e-236
6.550595291883275642e-236
3.905618665883993876e-236
2.634613895910729512e-236
2.352000065367376544e-236
2.109912055056629861e-236
1.410715844763535913e-236
1.239684238433725698e-236
6.962421891858561167e-237
6.856705638154372743e-237
5.837685314634084260e-237
4.496793147446344474e-237
2.979075328191748053e-237
2.588954647544058532e-237
2.344695147666089612e-237
2.138211751722750516e-237
1.917784410367939590e-237
1.899486681134062604e-237
1.732455973220183279e-237
1.396480529468286979e-237
1.074228747590843004e-237
9.394335792024426619e-238
6.042964047684154306e-238
4.811149845778942093e-238
4.558518958090495638e-238
3.842914975966535367e-238
3.065934845212933248e-238
1.854429298183563307e-238
1.309157612433728742e-238
1.140366230466629810e-238
1.122179493494095806e-238
9.956227446157771288e-239
9.817182852264871447e-239
9.696674363098595603e-239
7.926207629891772318e-239
7.149729431039206547e-239
7.015372542387908092e-239
5.054184076997146161e-239
4.049227716695178232e-239
2.746118427266189788e-239
2.221485531692488360e-239
2.091207597428002830e-239
1.129477377788712283e-239
1.015609811126270439e-239
9.276963421659685077e-240
7.854868082022870672e-240
7.181231739609443759e-240
6.728118590239301615e-240
6.720219184238732695e-240
6.196958758710926710e-240
4.466225743270485163e-240
4.149886667910982036e-240
2.635261548199734042e-240
2.434650898840793096e-240
2.090304401163169470e-240
1.159083007905942670e-240
1.151548835015189311e-240
9.593010732151656531e-241
7.947890377076774604e-241
7.842621819756587087e-241
5.527680435320998828e-241
5.118199646722592543e-241
5.043458876525137305e-241
5.000580948916295437e-241
3.973087845049444396e-241
2.922781954295297011e-241
2.607171436642164533e-241
1.670403554347149294e-241
1.595166064434140154e-241
1.185707309584797085e-241
1.087432278368055460e-241
1.039546201175703936e-241
9.876634294886063039e-242
8.860344223187015142e-242
8.487106271026842463e-242
4.702303801964013566e-242
4.149532934869412842e-242
3.499386056077785256e-242
3.243744239363823027e-242
2.559402712499398383e-242
2.147297662962507891e-242
2.112673832555842292e-242
1.841662743142081889e-242
1.819570255826373182e-242
1.693960389466454145e-242
1.531960619919135265e-242
8.103193967662930377e-243
7.157755733653596714e-243
7.108863582947534357e-243
6.779013942103786265e-243
5.241901719607245853e-243
4.554676286613799092e-243
4.356585292889455957e-243
4.287700939625794079e-243
3.774851835068855625e-243
3.427043908301898740e-243
3.178195127352761330e-243
2.440764202484899876e-243
1.605184349180077175e-243
1.595144251084110697e-243
1.488906905758901170e-243
1.227218087380075456e-243
8.257963560089366656e-244
8.037477595764480390e-244
7.110370772970036400e-244
6.687053144220614364e-244
5.898499802212807442e-244
3.969149687968728147e-244
3.788496625239338895e-244
2.934741150659301472e-244
2.483951439017352149e-244
2.479277594745704207e-244
2.162924425603083689e-244
1.819080002496113404e-244
1.370689961922713265e-244
1.127364747042793749e-244
1.054628759234623840e-244
1.037266492218446442e-244
9.569157151212379703e-245
6.545430752103275095e-245
5.255783357496413403e-245
5.099171940093859677e-245
4.744378582136142444e-245
2.773971772536887121e-245
2.406261003043688525e-245
2.116466785395755363e-245
2.002850353006721164e-245
1.642949141267916763e-245
1.559776235183192472e-245
1.305773767199126386e-245
1.184726631958248349e-245
1.132249461844422340e-245
1.127860666031171226e-245
1.123598987381010173e-245
1.015863368890784875e-245
9.748790857434887270e-246
7.822003849599600049e-246
6.343921358311170039e-246
6.292199349175771703e-246
5.988042819675732453e-246
5.592525850508019978e-246
4.708660226802041551e-246
4.523724299832599609e-246
3.780693057652557929e-246
3.452479385368380568e-246
2.672328044055724771e-246
2.361057183064024845e-246
2.216195495762982750e-246
2.169642720757536221e-246
2.052031720191494779e-246
1.482760112821457751e-246
1.279551615520233169e-246
1.120780376471652951e-246
1.087858595865093335e-246
8.453299433407740672e-247
6.970466322306881116e-247
5.981528369000811433e-247
5.850731493690423462e-247
5.186397890167640693e-247
4.410075522544864583e-247
3.597809214456736607e-247
2.797376002971207056e-247
2.217872203976213673e-247
2.119721888664145560e-247
1.485435726161319236e-247
7.762064021489013582e-248
7.714641730763180693e-248
6.432008426940633658e-248
2.185192251630721405e-248
2.001364532174293654e-248
1.787317998241225838e-248
1.522032273856072395e-248
1.233581572605833647e-248
1.087857702978479504e-248
9.633093708738072931e-249
7.388591185736671411e-249
7.232983496932987581e-249
5.666649101914868126e-249
4.376508475983359677e-249
3.353195563410106766e-249
2.796071819845408058e-249
2.456212463416646177e-249
1.754646141919496771e-249
1.255048819751934783e-249
8.899195193700228941e-250
5.993102211783362791e-250
3.576930558752602983e-250
1.736822446526288126e-250
6.287572502428678244e-251
6.248959420451570087e-251
4.167810964224298663e-251
1.586440122602092252e-251
9.688837303706729632e-252
5.264810811039312130e-252
5.049249612697086450e-252
2.693113400564695157e-252
2.618656055291876003e-253
1.734901415152252659e-253
1.476889742274065845e-254
6.598352710788378110e-255
1.229177040451564449e-255
5.332217507298014028e-256
4.579409722561782495e-256
1.493782764936866781e-256
1.440593382945482676e-256
6.635148076276041369e-257
6.091877528693915260e-258
3.084601978585916842e-260
1.755639171193869944e-260
7.563336606577735118e-261
8.131943268277091899e-262
2.099121009940210945e-262
1.764163190548323227e-262
5.225421172429883432e-263
1.139057570465094520e-263
1.668242173276933165e-265
4.634321165305343974e-266
2.476882754661808052e-266
1.457271643734140257e-266
6.130845221197498309e-269
1.265000811428169408e-269
4.598972425759078100e-270
2.522655044672098407e-270
1.377901405522554621e-270
7.545521698958780350e-272
1.983463172901062567e-272
9.156712809059083206e-273
8.717379316488801470e-273
1.984453689470643816e-273
1.545798841222485867e-273
2.911459928117974905e-274
3.780635006126855113e-275
2.737688846517134701e-275
1.382093679228576442e-275
9.452828068647286528e-276
1.828249285097125980e-278
1.980247991737315836e-279
1.150868536895806857e-279
1.660189076330101117e-280
5.039934684628257138e-281
1.112829447889263017e-282
2.521791698019975062e-284
2.157535976825054429e-284
1.935466663546727712e-284
1.806483287164685032e-284
1.707178014747144672e-284
1.694051137848507038e-284
3.297661146454630210e-288
2.265168522028160479e-288
2.574097207659785042e-289
2.347919981381555311e-289
1.904864521204011820e-289
1.005517142770111827e-292
8.691143097347485920e-294
5.192614131668673628e-295
1.370905556654771919e-295
5.993166220521091294e-297
2.891620109321303480e-297
2.764486940909907167e-297
2.643711033998246683e-299
1.882452343425242845e-301
5.810914465369699838e-302
7.226236788738300695e-304
1.568405179475544716e-305
8.241577911748597837e-306
1.491334156726315582e-307
1.995149919892017429e-308
3.669496458164054006e-311
1.081576979242518164e-312
4.259834608120234672e-313
2.301162276552467022e-316
1.477888141619793537e-316
7.441720511446482110e-318
6.020239301140173265e-318
4.714300282770298338e-318
3.526235446185228010e-318
9.298611894119764709e-319
4.578012274364990478e-319
1.879969188990527225e-319
1.559271178274974093e-320
1.155619545622675667e-320
6.916919041777451618e-323
4.940656458412465442e-323
0.000000000000000000e+00
0.000000000000000000e+00
0.000000000000000000e+00
0.000000000000000000e+00
0.000000000000000000e+00
0.000000000000000000e+00
0.000000000000000000e+00
0.000000000000000000e+00
0.000000000000000000e+00
0.000000000000000000e+00
0.000000000000000000e+00
0.000000000000000000e+00
0.000000000000000000e+00
0.000000000000000000e+00
0.000000000000000000e+00
0.000000000000000000e+00
0.000000000000000000e+00
0.000000000000000000e+00
0.000000000000000000e+00
0.000000000000000000e+00
0.000000000000000000e+00
0.000000000000000000e+00
0.000000000000000000e+00
0.000000000000000000e+00
0.000000000000000000e+00
0.000000000000000000e+00
0.000000000000000000e+00
0.000000000000000000e+00
0.000000000000000000e+00
0.000000000000000000e+00
0.000000000000000000e+00
0.000000000000000000e+00
0.000000000000000000e+00
0.000000000000000000e+00
0.000000000000000000e+00
0.000000000000000000e+00
0.000000000000000000e+00
0.000000000000000000e+00
0.000000000000000000e+00
0.000000000000000000e+00
0.000000000000000000e+00
0.000000000000000000e+00
0.000000000000000000e+00
0.000000000000000000e+00
0.000000000000000000e+00
0.000000000000000000e+00
0.000000000000000000e+00
0.000000000000000000e+00
0.000000000000000000e+00
0.000000000000000000e+00
0.000000000000000000e+00
0.000000000000000000e+00
0.000000000000000000e+00
0.000000000000000000e+00
0.000000000000000000e+00
0.000000000000000000e+00
0.000000000000000000e+00
0.000000000000000000e+00
0.000000000000000000e+00
0.000000000000000000e+00
0.000000000000000000e+00
0.000000000000000000e+00
0.000000000000000000e+00
0.000000000000000000e+00
0.000000000000000000e+00
0.000000000000000000e+00
0.000000000000000000e+00
0.000000000000000000e+00
0.000000000000000000e+00
0.000000000000000000e+00
0.000000000000000000e+00
0.000000000000000000e+00
0.000000000000000000e+00
0.000000000000000000e+00
0.000000000000000000e+00
0.000000000000000000e+00
0.000000000000000000e+00
0.000000000000000000e+00
0.000000000000000000e+00
0.000000000000000000e+00
0.000000000000000000e+00
0.000000000000000000e+00
0.000000000000000000e+00
0.000000000000000000e+00
0.000000000000000000e+00
0.000000000000000000e+00
0.000000000000000000e+00
0.000000000000000000e+00
0.000000000000000000e+00
0.000000000000000000e+00
0.000000000000000000e+00
0.000000000000000000e+00
0.000000000000000000e+00
0.000000000000000000e+00
0.000000000000000000e+00
0.000000000000000000e+00
0.000000000000000000e+00
0.000000000000000000e+00
0.000000000000000000e+00
0.000000000000000000e+00
0.000000000000000000e+00
0.000000000000000000e+00
0.000000000000000000e+00
0.000000000000000000e+00
0.000000000000000000e+00
0.000000000000000000e+00
0.000000000000000000e+00
0.000000000000000000e+00
0.000000000000000000e+00
0.000000000000000000e+00
0.000000000000000000e+00
0.000000000000000000e+00
0.000000000000000000e+00
0.000000000000000000e+00
0.000000000000000000e+00
0.000000000000000000e+00
0.000000000000000000e+00
0.000000000000000000e+00
0.000000000000000000e+00
0.000000000000000000e+00
0.000000000000000000e+00
0.000000000000000000e+00
0.000000000000000000e+00
0.000000000000000000e+00
0.000000000000000000e+00
0.000000000000000000e+00
0.000000000000000000e+00
0.000000000000000000e+00
0.000000000000000000e+00
0.000000000000000000e+00
0.000000000000000000e+00
0.000000000000000000e+00
0.000000000000000000e+00
0.000000000000000000e+00
0.000000000000000000e+00
0.000000000000000000e+00
0.000000000000000000e+00
0.000000000000000000e+00
0.000000000000000000e+00
0.000000000000000000e+00
0.000000000000000000e+00
0.000000000000000000e+00
0.000000000000000000e+00
0.000000000000000000e+00
0.000000000000000000e+00
0.000000000000000000e+00
0.000000000000000000e+00
0.000000000000000000e+00
0.000000000000000000e+00
0.000000000000000000e+00
0.000000000000000000e+00
0.000000000000000000e+00
0.000000000000000000e+00
0.000000000000000000e+00
0.000000000000000000e+00
0.000000000000000000e+00
0.000000000000000000e+00
0.000000000000000000e+00
0.000000000000000000e+00
0.000000000000000000e+00
0.000000000000000000e+00
0.000000000000000000e+00
0.000000000000000000e+00
0.000000000000000000e+00
0.000000000000000000e+00
0.000000000000000000e+00
0.000000000000000000e+00
0.000000000000000000e+00
0.000000000000000000e+00
0.000000000000000000e+00
0.000000000000000000e+00
0.000000000000000000e+00
0.000000000000000000e+00
0.000000000000000000e+00
0.000000000000000000e+00
0.000000000000000000e+00
0.000000000000000000e+00
0.000000000000000000e+00
0.000000000000000000e+00
0.000000000000000000e+00
0.000000000000000000e+00
0.000000000000000000e+00
0.000000000000000000e+00
0.000000000000000000e+00
0.000000000000000000e+00
0.000000000000000000e+00
0.000000000000000000e+00
0.000000000000000000e+00
0.000000000000000000e+00
0.000000000000000000e+00
0.000000000000000000e+00
0.000000000000000000e+00
0.000000000000000000e+00
0.000000000000000000e+00
0.000000000000000000e+00
0.000000000000000000e+00
0.000000000000000000e+00
0.000000000000000000e+00
0.000000000000000000e+00
0.000000000000000000e+00
0.000000000000000000e+00
0.000000000000000000e+00
0.000000000000000000e+00
0.000000000000000000e+00
0.000000000000000000e+00
0.000000000000000000e+00
0.000000000000000000e+00
0.000000000000000000e+00
0.000000000000000000e+00
0.000000000000000000e+00
0.000000000000000000e+00
0.000000000000000000e+00
0.000000000000000000e+00
0.000000000000000000e+00
0.000000000000000000e+00
0.000000000000000000e+00
0.000000000000000000e+00
0.000000000000000000e+00
0.000000000000000000e+00
0.000000000000000000e+00
0.000000000000000000e+00
0.000000000000000000e+00
0.000000000000000000e+00
0.000000000000000000e+00
0.000000000000000000e+00
0.000000000000000000e+00
0.000000000000000000e+00
0.000000000000000000e+00
0.000000000000000000e+00
0.000000000000000000e+00
0.000000000000000000e+00
0.000000000000000000e+00
0.000000000000000000e+00
0.000000000000000000e+00
0.000000000000000000e+00
0.000000000000000000e+00
0.000000000000000000e+00
0.000000000000000000e+00
0.000000000000000000e+00
0.000000000000000000e+00
0.000000000000000000e+00
0.000000000000000000e+00
0.000000000000000000e+00
0.000000000000000000e+00
0.000000000000000000e+00
0.000000000000000000e+00
0.000000000000000000e+00
0.000000000000000000e+00
0.000000000000000000e+00
0.000000000000000000e+00
0.000000000000000000e+00
0.000000000000000000e+00
0.000000000000000000e+00
0.000000000000000000e+00
0.000000000000000000e+00
