0.01418119328011284
0.01358555547206575
0.01317478007828001
0.01256882994367844
0.01226890338084539
0.01186016482628665
0.01077348641709283
0.01076593678410792
0.01034421763876115
0.01021600679527254
0.009720242450607028
0.009343826912378415
0.008491316949202436
0.008324822465496878
0.007848447726429475
0.007771379847410719
0.007354644233916087
0.006967773314550503
0.006941937822554507
0.006591457793976823
0.006388819715351128
0.006282035693786011
0.006133829969375129
0.006031311607740599
0.005648126627940172
0.005478587378383504
0.005046311256493626
0.004864316203781286
0.004397858225590237
0.004226459008376111
0.004193360845590266
0.004150713752204482
0.003991823916384848
0.003960270028508326
0.003909521500166471
0.003762922277208937
0.003667122364224094
0.003632490392262600
0.003617228221383872
0.003540120219415862
0.003530779306385153
0.003272181668653947
0.003103771036074404
0.002902394876997991
0.002878032262333739
0.002704259400029278
0.002666367521881198
0.002252394269600928
0.002111718603942106
0.002051514516104484
0.001878096581235205
0.001815773337105230
0.001792494158866060
0.001713797856864317
0.001705185616836999
0.001690826744909610
0.001644255430886050
0.001627826653297391
0.001518983242778509
0.001488945755667794
0.001475181656889589
0.001440952276291551
0.001422625562492528
0.001409153494079806
0.001326366515168432
0.001307736846431278
0.001269170113814848
0.001216414769099073
0.001199009650847690
0.001101886780940771
0.001065451587736811
0.001035258713087268
0.0007719829946056267
0.0007590535434291532
0.0007468556077652645
0.0007241674778780658
0.0006864904043464748
0.0006756741244355796
0.0006465109419949858
0.0006412194241834742
0.0006281039401848378
0.0006119160331778126
0.0005816984314117263
0.0005773073163387729
0.0004924174450568177
0.0004451095556973071
0.0004415234577666234
0.0003853661118797474
0.0003781265204904591
0.0003768513655929379
0.0003726173074334322
0.0003609565969901595
0.0003507532472046284
0.0003487021163691594
0.0003408362756386518
0.0003366304893862605
0.0003098217466257758
0.0002946177947203459
0.0002939277674306337
0.0002875486264494597
0.0002778971294075190
0.0002738611129880908
0.0002693350420583855
0.0002607148215729737
0.0002295410993357469
0.0001903575260313258
0.0001866792149097696
0.0001854012688827716
0.0001853971340266519
0.0001842169148763305
0.0001769259615372876
0.0001634481962823680
0.0001621828745932092
0.0001581102816759073
0.0001487866721292462
0.0001429863794889507
0.0001360284803615820
0.0001244718116124456
0.0001235158778610937
0.0001069091741144537
9.602753936643828e-05
9.567719101350701e-05
8.265234286088555e-05
7.619147717097075e-05
6.955432913764534e-05
6.736973315493700e-05
6.391270938639080e-05
6.390663744616911e-05
5.980206586947980e-05
5.787565246082872e-05
5.576490624990998e-05
5.483938347979694e-05
5.391688325011298e-05
5.252910798912211e-05
4.962755346371223e-05
4.945145548920827e-05
4.943799357382860e-05
4.710686977266263e-05
4.555233744371074e-05
4.392224293570326e-05
4.287435308833283e-05
4.188991185034433e-05
4.097809053737275e-05
3.324069816752042e-05
3.135004986835415e-05
3.132390834253485e-05
3.110157638845916e-05
3.082279676875252e-05
2.763051577234347e-05
2.709902566260626e-05
2.708934118158728e-05
2.664774571211697e-05
2.589752604290972e-05
2.587407067249366e-05
2.269334812545304e-05
2.242818030118959e-05
1.804714703376298e-05
1.786034638445852e-05
1.597829064044977e-05
1.550165354170110e-05
1.520313986086555e-05
1.417347752625093e-05
1.327516211405841e-05
1.271147115185710e-05
1.263417297085340e-05
1.176966905749409e-05
1.052856810749185e-05
1.038187385547357e-05
1.017735937126020e-05
1.000880688424874e-05
8.870984730886930e-06
8.852347623779022e-06
7.191682854621422e-06
6.799993954503945e-06
6.706228911800299e-06
6.444050106258721e-06
5.989642137479777e-06
5.847232143861130e-06
5.650372694969523e-06
5.385319636916815e-06
5.368027460896875e-06
5.255755279906320e-06
5.129377545267259e-06
4.884943344393122e-06
4.222518468369016e-06
3.948456813634701e-06
3.895395734445827e-06
3.598595129080363e-06
3.403911749242264e-06
3.342640766072241e-06
2.814819571390688e-06
2.674032092452597e-06
2.604909756388861e-06
2.498752094843822e-06
2.415359673475072e-06
2.412200094420913e-06
2.409709291079054e-06
2.359010166426196e-06
2.348282375904269e-06
2.308304479938838e-06
2.284076780083405e-06
2.209868379125433e-06
2.096486535632425e-06
2.059552234352104e-06
1.987702309817908e-06
1.951919486254903e-06
1.854676447058238e-06
1.808529577202769e-06
1.762664804532416e-06
1.687470776470911e-06
1.577231913378270e-06
1.488799216450930e-06
1.444525777940456e-06
1.424713565496908e-06
1.339872837637478e-06
1.152091939100701e-06
1.123407658658398e-06
1.121048980574438e-06
1.080699720357818e-06
9.316597835315558e-07
9.111750375907570e-07
9.050306524427299e-07
7.984803988800929e-07
7.597205698747126e-07
6.957957142040596e-07
6.184734398232269e-07
6.176806906472464e-07
5.647966395819168e-07
4.980155896092380e-07
4.917295787707532e-07
4.461909076159165e-07
4.308854446706128e-07
4.183559862846621e-07
3.784625645949592e-07
3.374289669783591e-07
3.251088498662077e-07
3.208537644051154e-07
3.192069681793131e-07
2.849214151344502e-07
2.835323637369357e-07
2.817957388884583e-07
2.629331396101599e-07
2.502567599478478e-07
2.422420133213064e-07
2.292732932309383e-07
2.110174239202075e-07
2.054361318949864e-07
1.969393409249454e-07
1.899339908045385e-07
1.778013861905475e-07
1.764182082653654e-07
1.547708740074632e-07
1.482230856138080e-07
1.384333110982214e-07
1.379874902892420e-07
1.255861322174275e-07
1.222413149628138e-07
1.137109878261464e-07
1.099448030376561e-07
1.041984747560009e-07
1.018052511463418e-07
8.901098405739525e-08
8.125629213660292e-08
6.914282891966246e-08
6.237371600180559e-08
5.940736207711082e-08
5.227538076654053e-08
4.836812846061465e-08
4.258931321020055e-08
4.021066446195640e-08
3.974358851493134e-08
3.556052947170697e-08
3.275619482067174e-08
3.018330513734565e-08
2.958431801879891e-08
2.874449517689379e-08
2.820925032936768e-08
2.756725040215103e-08
2.502906376152852e-08
2.418275821687232e-08
2.290592271976313e-08
2.286014165015442e-08
2.087920257514784e-08
1.996174670788765e-08
1.669979654697612e-08
1.562514161067988e-08
1.267308589662563e-08
1.243952973616499e-08
1.153221846760108e-08
1.117077115174978e-08
1.011217280658041e-08
9.440869797306562e-09
8.987445537509108e-09
8.928446689052044e-09
8.750980260650585e-09
8.478374759565349e-09
7.811854773501053e-09
7.289244441948078e-09
6.659244103059019e-09
5.130332452250778e-09
5.056293771327217e-09
4.760905998494215e-09
4.415170304681650e-09
4.063249343611616e-09
3.936692020345161e-09
3.751530459237627e-09
3.645820407064824e-09
3.254678531114777e-09
3.023870805015556e-09
2.793935548943440e-09
2.781842610911179e-09
2.524690447262628e-09
2.218707254813746e-09
2.105680404840642e-09
1.976484139670636e-09
1.924667607600153e-09
1.840092606300316e-09
1.830110869550567e-09
1.696444264477694e-09
1.621407682500958e-09
1.531355910667532e-09
1.338276523563682e-09
1.079630074495495e-09
9.820207886276442e-10
7.166241905504341e-10
5.185573189888001e-10
5.171877106943935e-10
5.079515130107789e-10
5.064058515101695e-10
4.453145772648573e-10
4.382004320521729e-10
3.966653161799950e-10
3.834718436810681e-10
3.592998480737957e-10
3.517258916655248e-10
2.704893362329946e-10
2.467341295421715e-10
2.448362767923202e-10
2.282372635844910e-10
1.805710345624717e-10
1.725876133713832e-10
1.644189702841524e-10
1.341052783109991e-10
1.294538889822564e-10
1.272806162099778e-10
1.185565581945523e-10
1.182365331462461e-10
1.152346258150294e-10
1.049068521968178e-10
9.964153784989643e-11
9.211625386258517e-11
7.461621412522684e-11
6.645922111515237e-11
4.722145010002850e-11
4.328991005351060e-11
3.700291576718780e-11
3.256048262666605e-11
3.193161872721104e-11
2.978814032181970e-11
2.932869046672203e-11
2.821920243737512e-11
2.819751641222716e-11
2.318919071105363e-11
2.148768977579021e-11
2.089447707221367e-11
1.663169152775115e-11
1.612366083013587e-11
1.426184055348145e-11
1.418110609441361e-11
1.290842349196816e-11
1.155048615208172e-11
1.064426288685591e-11
9.991750178018875e-12
9.158510229273365e-12
8.576512687439761e-12
7.948406011500639e-12
7.902029803189575e-12
5.981578420266525e-12
4.919418405838615e-12
4.799113764386174e-12
4.448020659359798e-12
4.417406616429647e-12
3.847458664000259e-12
3.617994334511865e-12
3.552743180411607e-12
3.386082232304865e-12
3.381209298473824e-12
2.490213910143639e-12
1.810345675030574e-12
1.766039239078779e-12
1.491773824641079e-12
1.316706461165184e-12
1.096115861736642e-12
1.048761330122154e-12
8.877118692905659e-13
7.400983041389200e-13
6.950532830525718e-13
6.776165635981106e-13
6.755475819188744e-13
6.531978563001777e-13
6.043420123218790e-13
4.656297617415904e-13
3.587811562840839e-13
2.931714444987211e-13
2.882172705770934e-13
2.715181658256559e-13
2.465387258182183e-13
2.387123206176303e-13
2.089516887010040e-13
1.908457146732185e-13
1.779258764294209e-13
1.763400702207309e-13
1.470928898751677e-13
1.296131961214064e-13
1.125658542073766e-13
9.893760529070783e-14
9.794777841971005e-14
8.407873267682427e-14
8.285334391390475e-14
7.145528464555493e-14
6.407767235235907e-14
6.104016528703374e-14
3.859421585999108e-14
3.319779899350695e-14
2.659642003527201e-14
2.233409953808621e-14
2.166920839656040e-14
2.158481674431761e-14
2.152373243515467e-14
1.884346154950260e-14
1.651317657878506e-14
1.317864626834927e-14
1.248024031652562e-14
1.134898669208235e-14
8.410214856466589e-15
8.061479697562983e-15
7.605135601388241e-15
6.482237299760414e-15
5.379791736036179e-15
4.848937777991494e-15
4.841001075622213e-15
3.450189591895865e-15
3.307263659065202e-15
2.871425651632063e-15
2.759275341547369e-15
2.736972081791813e-15
2.653393039687651e-15
2.503447304641308e-15
2.284866173868467e-15
2.035051252361499e-15
1.703614727514449e-15
1.492598282492369e-15
1.342242067414927e-15
1.020551980191595e-15
9.907489611446488e-16
9.805605732976748e-16
9.007265282663456e-16
8.062854702282096e-16
6.485583628323888e-16
6.461249333299420e-16
5.487182433082776e-16
5.321923990438263e-16
5.197033713296579e-16
4.443938352238701e-16
3.740986394042301e-16
3.344099429802541e-16
1.499946056222269e-16
1.359596506631756e-16
1.303020529660938e-16
1.271929113034867e-16
1.268845177456435e-16
1.094242518213935e-16
1.037840304226622e-16
7.828010754923251e-17
6.586072231582176e-17
4.928211533926986e-17
4.374142409422758e-17
3.850020745595640e-17
3.472319082411744e-17
3.416830755007561e-17
3.128693981586967e-17
2.658667977074626e-17
1.967070910525295e-17
1.781965897880024e-17
1.556503419346389e-17
1.355734857547129e-17
1.315490383082743e-17
1.164726848133136e-17
7.689593348976662e-18
6.677076129650394e-18
5.461892156454134e-18
5.392711848554881e-18
4.553721240550244e-18
3.918412540128748e-18
3.596065543219965e-18
3.333545754159686e-18
3.096171572498588e-18
2.955253986970656e-18
2.910642423670680e-18
2.623883567591689e-18
1.695335341277515e-18
1.433288056895450e-18
9.821525288696798e-19
6.862540412912590e-19
5.484268776213885e-19
5.147870335531200e-19
4.202569570775852e-19
4.004469503760746e-19
3.868920008874986e-19
3.288499627196596e-19
2.876723684848422e-19
2.819047752699802e-19
2.366297490217261e-19
2.247974760688832e-19
2.096799259391111e-19
1.913831711853365e-19
1.867566455238760e-19
1.706857311360507e-19
1.674987010157107e-19
1.643377709496533e-19
1.586444910889191e-19
1.382163366710254e-19
1.364427298068745e-19
1.322360245947176e-19
6.654100559536817e-20
6.586331276113294e-20
4.693443503433317e-20
4.408707209696525e-20
4.227572015956550e-20
4.060272905491514e-20
3.909160787378673e-20
2.715533754531106e-20
1.971087567219784e-20
1.500356386794998e-20
1.163675696649075e-20
1.049258074507621e-20
9.460325576736197e-21
8.900776094773329e-21
7.688214340683686e-21
7.481677326906881e-21
4.132803301951721e-21
3.749030471861647e-21
3.727269950559432e-21
3.220802416753708e-21
2.222844792281432e-21
2.061372111018227e-21
1.950874063868447e-21
1.944279926033130e-21
1.574227310468016e-21
1.149317039566676e-21
8.477587189862558e-22
7.113645353393866e-22
4.320683049635590e-22
3.638967970839349e-22
2.982789525941309e-22
2.914400208088407e-22
2.786795949694635e-22
2.458966958410780e-22
2.402672081500795e-22
1.991208216735362e-22
1.867450395539699e-22
1.545532366185602e-22
1.147696714308054e-22
9.056506050468275e-23
8.282620700323407e-23
7.377842811583173e-23
6.615461040023189e-23
5.805464947311876e-23
5.164717165011018e-23
4.260895409977173e-23
4.058214024448707e-23
3.907919178149315e-23
2.098733860679817e-23
1.264723100875795e-23
1.081091837748654e-23
1.064845488007471e-23
9.409197439672087e-24
9.143040627728117e-24
8.994763485126436e-24
7.722015360233748e-24
7.171546650733382e-24
6.390723074598804e-24
5.412583321736852e-24
5.139325735554060e-24
4.652374015301110e-24
2.882166311207020e-24
1.854553890930256e-24
1.794564374628458e-24
1.610227538469856e-24
1.421488895320603e-24
1.368799493773119e-24
1.271761010684234e-24
1.141144671425295e-24
9.268928208849634e-25
8.626418990533228e-25
8.166645471777802e-25
6.894766788091972e-25
5.600181427322820e-25
5.390666746425756e-25
3.518557940089209e-25
3.467070817872698e-25
3.216337973186664e-25
2.771718329529026e-25
1.996615170582095e-25
1.947503485045088e-25
1.702464040302492e-25
1.657688617129125e-25
7.348914413124703e-26
3.028149254391812e-26
2.076564674931416e-26
2.027170009163905e-26
1.912788679685975e-26
1.613963599186394e-26
1.364386405222938e-26
1.123397114233872e-26
1.020666353778923e-26
8.897917391191382e-27
6.744141503908126e-27
6.543186457864315e-27
5.559381983303131e-27
4.058815907524352e-27
2.599572487104234e-27
2.554728528330145e-27
1.783265704648782e-27
1.237350683385929e-27
1.042243364236951e-27
1.031490431870567e-27
6.218430597321960e-28
5.324333425784734e-28
4.972102741572646e-28
3.927602144867654e-28
3.500821084400642e-28
3.147442302676731e-28
2.302672989371173e-28
1.896344870959517e-28
1.268792938003855e-28
1.211415091566912e-28
1.016436891857392e-28
7.298132736826989e-29
6.704660852967713e-29
6.604070779854778e-29
5.973697376974798e-29
5.176997798333682e-29
4.649174803143888e-29
4.470442037891154e-29
4.362188241624624e-29
4.209856591009267e-29
3.161273680942941e-29
3.122131573299335e-29
2.837908251385348e-29
2.834207102395734e-29
1.402201130200701e-29
1.340725894289860e-29
8.499672227678928e-30
7.326300518207172e-30
6.335347861370893e-30
5.934932763867667e-30
4.641175597759437e-30
3.222159975750006e-30
3.091219315714880e-30
2.325787224563263e-30
2.248903423472744e-30
2.013431050140347e-30
1.868263606262719e-30
1.448518336236683e-30
1.152337536379465e-30
5.882423350987893e-31
3.963718735337131e-31
3.778551544817291e-31
3.533236188561345e-31
3.103974795593425e-31
2.340440405575934e-31
2.283656154803933e-31
1.830546252417493e-31
1.086982367056292e-31
1.048011765295315e-31
9.843469323340843e-32
8.421159675511717e-32
7.497861069965754e-32
7.198665870230800e-32
5.157558208731361e-32
3.515837547476400e-32
2.885928843449357e-32
1.625806125918148e-32
1.494505475206834e-32
1.083123360785590e-32
9.086468463660727e-33
5.448896859913380e-33
3.937293188869011e-33
3.469251132849465e-33
2.415183280080550e-33
1.944629658572432e-33
1.897050238822527e-33
1.095753520154501e-33
9.857494970071067e-34
8.015800463592148e-34
6.303498487120664e-34
6.263382758833134e-34
5.155058756281527e-34
4.420905647378717e-34
3.816140280699307e-34
3.223610118708034e-34
2.690507509023909e-34
2.173426435101123e-34
1.888965306845655e-34
1.440914448949007e-34
1.432469557603514e-34
1.346969530669665e-34
9.285643772275509e-35
8.503975649698586e-35
7.974808911230684e-35
7.237377122209953e-35
6.704332947213314e-35
3.615439692772829e-35
1.635978761154836e-35
1.384133706209041e-35
1.259001654580618e-35
1.135608405976019e-35
1.047056556574134e-35
8.164043866174784e-36
7.430029132396014e-36
7.051060287436589e-36
5.680605026650594e-36
4.217332903845476e-36
3.317699471379954e-36
3.061961763827634e-36
1.913337007020615e-36
1.832947936203698e-36
1.424207321212471e-36
1.380841190822512e-36
7.656790249526487e-37
7.600043775729711e-37
6.457662003731418e-37
5.050900495561601e-37
3.946778255828045e-37
3.313713485849651e-37
3.004788629989661e-37
2.443286069436726e-37
2.335481144882938e-37
2.277578138711234e-37
1.407176803952116e-37
1.388918095298374e-37
9.924231315471756e-38
8.017736347240189e-38
7.760746812125285e-38
7.372276035018916e-38
6.833544032921094e-38
2.929881737876019e-38
2.047162240350837e-38
1.521816402259201e-38
1.231812510698451e-38
1.046361936662056e-38
7.783848889385317e-39
6.194373903834242e-39
3.756462818766947e-39
3.136851841205552e-39
2.732632191075020e-39
2.418507237105424e-39
2.129346469365142e-39
1.663703484457487e-39
1.592313920069601e-39
1.095618840545289e-39
9.834274463785489e-40
7.104906662482074e-40
5.757353129039860e-40
4.336816412997632e-40
3.354710629013240e-40
3.124304417052313e-40
1.944497013450783e-40
8.459331759491717e-41
7.725644702082264e-41
7.212546058176600e-41
7.186411828776816e-41
4.975862938789510e-41
4.237229381383638e-41
3.777980576921909e-41
3.228399822089063e-41
3.145645923866695e-41
2.824830019877855e-41
1.358101747889722e-41
7.599802940490757e-42
6.073150567400414e-42
5.843089739287040e-42
5.142026667835423e-42
4.580849944677903e-42
4.423787243478384e-42
4.003548556280438e-42
3.122202227818346e-42
2.435186161791244e-42
2.249718180282791e-42
1.348723600923281e-42
1.001445289869808e-42
2.766957996231296e-43
2.158122293219319e-43
2.128336342230971e-43
1.786307374282410e-43
1.731085839855566e-43
1.730506936303084e-43
1.293042925538789e-43
1.265577223331326e-43
6.047449509892254e-44
4.695360427591480e-44
3.983711268736648e-44
3.055363167523597e-44
2.965960411150491e-44
2.288347817361770e-44
1.810858842161192e-44
1.170480821651540e-44
3.355124748616056e-45
3.149551327468352e-45
2.809211538855817e-45
2.150644144212288e-45
1.878578474986986e-45
1.176329516122832e-45
7.013827928082792e-46
4.966883985614947e-46
4.914817623661687e-46
4.399616969558778e-46
4.107592899878652e-46
2.952879612509467e-46
2.766706814626983e-46
2.137808356186646e-46
1.952916325819391e-46
1.897849614646995e-46
9.683693874851087e-47
9.208815147692591e-47
6.924191458991162e-47
6.351224640978944e-47
4.775101887263507e-47
4.735427205877630e-47
3.732911625107363e-47
3.303120456035694e-47
3.300607268435455e-47
2.604136483412023e-47
2.321965732647684e-47
1.567438905017101e-47
1.054417812370172e-47
9.391630103385700e-48
5.993802201204666e-48
3.421761758157442e-48
1.636246487003488e-48
1.428338440760113e-48
1.287318543480296e-48
1.267371350979386e-48
1.169516362228783e-48
8.215043861637190e-49
6.684800669600187e-49
4.967761738498033e-49
2.951928482891485e-49
1.974884726533025e-49
9.923090461163669e-50
8.712421251484795e-50
3.588165385932550e-50
2.474160068783356e-50
2.307441388256338e-50
1.443831406690535e-50
1.282013116956696e-50
1.160954986760400e-50
1.036997373900431e-50
9.452573412633627e-51
4.664583320413874e-51
3.820823798352541e-51
2.738324660542615e-51
2.607261318425033e-51
1.784869530225109e-51
1.631697649847198e-51
1.546737049457626e-51
1.076384197370560e-51
1.040610602241050e-51
2.297283223786485e-52
1.989190402820986e-52
1.717973083973061e-52
1.534560262078755e-52
1.042707663034747e-52
6.674774867567173e-53
5.254668987326998e-53
4.929187782662103e-53
4.175574826485348e-53
2.920212093317391e-53
2.776643066808356e-53
2.655492230447425e-53
2.594254185893325e-53
2.376621177771949e-53
1.957724972731296e-53
1.504220550949557e-53
1.348955237339391e-53
1.166519885859670e-53
5.144239075807509e-54
3.014801170769978e-54
2.386413050854880e-54
1.939041389325466e-54
1.395187587695995e-54
1.120558167565711e-54
7.618911251470880e-55
4.096778592469130e-55
2.580401633114463e-55
1.638756817073256e-55
1.019480306181372e-55
9.479726821229739e-56
8.667394936342264e-56
7.918693836006191e-56
6.602663424740266e-56
3.392855270479196e-56
3.003621759512330e-56
2.291360597739333e-56
1.862984144803243e-56
1.853864915562567e-56
9.961229423565549e-57
6.215774628013043e-57
4.592427072395968e-57
4.341122531305007e-57
4.019335993595808e-57
3.403057261013674e-57
2.873257299589057e-57
2.578197271610919e-57
1.610415424416512e-57
5.982357412539406e-58
4.205751282429982e-58
3.968849777211207e-58
3.155524586520446e-58
3.154158285782229e-58
2.388965872904574e-58
1.737265289804430e-58
1.262095780662904e-58
1.046135263090277e-58
9.360821058666703e-59
5.981778092487484e-59
4.102329186370996e-59
4.096744691825254e-59
3.967577778806405e-59
3.155168347676934e-59
2.939311067679361e-59
1.708267361968597e-59
1.143462450850729e-59
6.683309454443223e-60
5.008281686397670e-60
4.229184281815282e-60
1.644863980670723e-60
1.315907515908401e-60
1.310775872460008e-60
1.125554640833653e-60
9.624483999019863e-61
8.820461378413911e-61
8.204327908551861e-61
5.831290843567041e-61
5.802161720116928e-61
5.484334712409578e-61
1.846384427606368e-61
1.841660463736023e-61
1.075257028053185e-61
7.533974271936865e-62
5.920168118816145e-62
3.167822103041687e-62
2.954324146109613e-62
2.613681925620980e-62
2.569788171785815e-62
2.179825716291615e-62
1.515028988802930e-62
1.390651635224337e-62
1.335107381080727e-62
1.172613655019027e-62
3.519802347635993e-63
3.479914647431489e-63
2.019176361526414e-63
1.100448752986218e-63
9.546632824932069e-64
6.738736479386493e-64
2.569425598764930e-64
2.263376190889083e-64
1.849400767403711e-64
1.455098542345883e-64
1.190969952727946e-64
8.914377109099613e-65
8.629170348623473e-65
7.549883965268677e-65
6.126982782653385e-65
5.636825178142661e-65
3.961994668482971e-65
2.191448807809601e-65
2.000301228037596e-65
1.755544317780661e-65
1.089778722756306e-65
8.473264976458223e-66
8.004069618698502e-66
5.806560547640233e-66
5.330418425950120e-66
2.515360442407011e-66
2.115258717928261e-66
1.972280466110165e-66
1.571520460468355e-66
6.429318316784864e-67
4.766783524680531e-67
2.506485349244323e-67
2.499662954535994e-67
2.252275611474429e-67
2.102247976535727e-67
1.844226298197846e-67
1.680311035663484e-67
1.080760448270125e-67
9.816325558091681e-68
9.464424116964109e-68
6.505476692111639e-68
4.790148072661074e-68
1.686071134426612e-68
1.395641519649296e-68
1.376005359953076e-68
1.218963181748186e-68
8.580186979917651e-69
3.497892791583305e-69
3.222670987272801e-69
2.673538956428852e-69
2.213066910307502e-69
1.904366706809206e-69
1.374021367673713e-69
1.222452877059263e-69
9.540292011073251e-70
7.664411473447137e-70
7.607603074758533e-70
2.149027072866530e-70
1.337297028377475e-70
8.899793256320981e-71
5.692189967818879e-71
5.215181523041072e-71
4.829036578342552e-71
4.418506576221906e-71
4.133531691046894e-71
3.241694015213875e-71
1.282875624329692e-71
1.142012951822066e-71
1.018055034287318e-71
7.206107990427126e-72
5.622577908032198e-72
4.143864655804818e-72
3.935202888465706e-72
3.849512188661094e-72
2.753575622291745e-72
2.594684185684592e-72
1.778217646893216e-72
9.153489630700861e-73
8.926602362024869e-73
8.481430295304465e-73
3.399841583757862e-73
3.274512024277394e-73
1.153355482881154e-73
7.182280968608418e-74
4.784003675113063e-74
4.604004196346062e-74
4.479054131017808e-74
1.787349949450955e-74
1.277236458156352e-74
9.881684958644209e-75
9.297960619589056e-75
7.957185093249128e-75
6.079409082315128e-75
4.872544059218216e-75
4.158694385105185e-75
3.381570216857029e-75
7.436584073410899e-76
4.889542979164113e-76
2.283063966614816e-76
2.189531263408350e-76
1.412096372695924e-76
7.587557859590331e-77
7.445642349006545e-77
7.059873201333469e-77
6.426960008369242e-77
4.973192478364851e-77
4.411791227153526e-77
4.388875531786948e-77
3.373132351678173e-77
3.240876704391441e-77
2.979461632690451e-77
1.757011365373718e-77
5.845940117684136e-78
4.738946307974296e-78
3.786803591127424e-78
2.824087889894042e-78
2.431940335545811e-78
1.986215359878428e-78
1.572101136303695e-78
1.365360040916589e-78
1.258857193355447e-78
1.215845170687349e-78
1.200196071584106e-78
7.862437711473801e-79
7.138102547040062e-79
6.774271256010970e-79
2.183569496048385e-79
1.714299354539153e-79
1.590261785174111e-79
1.508123314677584e-79
1.005046516783220e-79
5.698114180903161e-80
2.557233399211022e-80
2.257301537429418e-80
1.753145893461586e-80
1.489106359014811e-80
7.623237366103756e-81
4.116025577890654e-81
3.748328289021959e-81
3.596854948801024e-81
2.641899712123896e-81
1.829046056329617e-81
1.019552177778192e-81
6.823566379488080e-82
6.404047289578433e-82
3.177720012294099e-82
3.166791035905355e-82
1.984987953096568e-82
1.882823157262229e-82
1.544150466492895e-82
1.162558827452243e-82
1.122396204468119e-82
7.927202174729870e-83
7.047959246476267e-83
3.739373318950742e-83
2.376915663268075e-83
1.526105346803992e-83
9.575741011620113e-84
7.740409539362307e-84
6.385666071319584e-84
4.205964746225536e-84
4.521443397854695e-85
3.116288981493144e-85
2.758058141470426e-85
1.913177142119389e-85
1.567857747902019e-85
1.532314027276972e-85
1.475824116823844e-85
1.414112770998763e-85
9.932134570243997e-86
4.911205253105629e-86
3.606846444354581e-86
2.100626440937982e-86
5.122474444361071e-87
4.081921640082199e-87
3.800035835263021e-87
3.391361230032028e-87
1.933487442679434e-87
1.730706673584462e-87
1.481917029755042e-87
1.220869177268065e-87
7.260449449050922e-88
5.589462493639791e-88
3.752926308355037e-88
2.677355005386695e-88
2.651817978026759e-88
2.396496115715045e-88
1.416984390702450e-88
1.022944999886532e-88
2.955389599212295e-89
2.785996340900216e-89
1.436579457242948e-89
1.035807720253098e-89
7.122403651067967e-90
4.478559096135212e-90
1.432357607616522e-90
1.348153316833058e-90
9.058595765282480e-91
8.615638395096588e-91
8.360233464074291e-91
1.454041707770056e-91
1.301232316793295e-91
1.225132455638230e-91
1.007191011443987e-91
6.848537223968802e-92
4.778335001534269e-92
2.246937205912638e-92
1.734786563088343e-92
1.532250021564105e-92
1.023209646038593e-92
4.855299589769479e-93
4.646828323223155e-93
1.458251224516482e-93
8.198118573740103e-94
5.233495205117027e-94
4.969676076047249e-94
3.031698900976557e-94
1.920938023845005e-94
1.745756548835610e-94
1.411462301623820e-94
7.078280837443022e-95
4.911167028373717e-95
4.801669540950722e-95
4.266076132904050e-95
4.250699623782972e-95
2.924503293217211e-95
2.397563284447617e-95
2.243248158775636e-95
1.537481561538886e-95
1.513780633132604e-95
1.097406750800844e-95
7.651508319196914e-96
5.699529920689988e-96
5.612264333029244e-96
4.330913034308458e-96
4.038411073766330e-96
3.771719275273760e-96
2.998850433277362e-96
1.955899227447761e-96
9.205926685209539e-97
5.874456359103260e-97
2.227578408885086e-97
1.689348875481760e-97
6.360643416375520e-98
4.456701958755977e-98
3.940753534091953e-98
3.769408242877597e-98
2.659113792766504e-98
2.365160168530391e-98
5.224310597394906e-99
2.467901830476295e-99
2.078932401388337e-99
1.324436080778929e-99
7.975269426001334e-100
4.808303940436586e-100
3.525454061305296e-100
2.506584708423359e-100
1.878101932691979e-100
1.016614578471152e-100
7.816138526613746e-101
5.448360788597893e-101
1.956221386279877e-101
1.908158115088471e-101
1.903408551480011e-101
1.628179404961861e-101
1.462810773782470e-101
1.009850896023583e-101
8.174088705232285e-102
5.653542295540650e-102
4.909466952297056e-102
3.882508771915017e-102
1.345940414356553e-102
5.915239070889961e-103
1.722751525268378e-103
1.590577903088174e-103
1.434273971634870e-103
1.240311352874373e-103
9.996331636601987e-104
9.777604829522390e-104
4.473512360095600e-104
9.832039523703530e-105
8.783098038656535e-105
6.235692774038400e-105
6.039815424338425e-105
4.082296274707735e-105
4.022405769275736e-105
3.495709110312812e-105
1.908810875273289e-105
1.391778784351295e-105
8.792993906402579e-106
7.677611097634413e-106
4.334351564051010e-106
2.302474228742206e-106
1.350972334405710e-106
5.638781353597193e-107
2.834805657537002e-107
2.557537696922823e-107
1.524565740234115e-107
8.132557239242049e-108
6.832503828834285e-108
5.015646478007245e-108
4.248868654471136e-108
3.825419027612184e-108
3.540326332384261e-108
8.390557138063126e-109
6.498712542708956e-109
6.419013720363921e-109
5.219446754859956e-109
2.604890588981434e-109
1.088933770133980e-109
4.238519354092792e-110
3.066090316698354e-110
1.611023340194969e-110
2.724525918487559e-111
1.897208442847773e-111
1.759620505981574e-111
1.257790561549432e-111
9.295301468248610e-112
5.789971034508648e-112
3.680113817938356e-112
2.321858032164912e-112
2.143406622746995e-112
9.483362438926918e-113
3.149645573775423e-113
6.499251452975002e-114
6.171480247597821e-114
4.676952913360472e-114
4.144367065608521e-114
2.213264073534488e-114
2.006636231257465e-114
1.725261919841720e-114
1.282516113808151e-114
1.245940048199524e-114
5.834098085335622e-115
5.665731941975894e-115
5.596239377767605e-115
4.817640983639494e-115
4.363596456764793e-115
3.192891111383282e-115
2.699437925456726e-115
1.696569245563633e-115
7.837999989701533e-116
6.273151097999300e-116
5.348919688870084e-116
2.943410478171701e-116
2.732276702222644e-116
1.533893484958267e-116
1.133205139807543e-116
1.132406686763310e-116
8.347721193745929e-117
4.158915985523441e-117
2.541271549785311e-117
2.333126858601494e-117
7.166790024583471e-118
6.000936049323656e-118
2.524167877123269e-118
3.903727033000366e-119
1.886346622110533e-119
9.148237768151541e-120
6.794146068436582e-120
3.222678678256292e-120
1.615256696034668e-120
1.243079875456426e-120
1.017393559719753e-120
5.887166980944209e-121
5.600093488768079e-121
5.347909237917783e-121
2.658554440966067e-121
2.347199649710492e-121
1.665926617787096e-121
1.255718865111282e-121
1.214984539162993e-121
7.220731146587904e-122
5.993526926190370e-122
3.096420503171612e-122
2.654653032454585e-122
2.448549304562044e-122
1.051214649811109e-122
6.396544086830997e-123
1.181957365239950e-123
8.344587208136717e-124
7.635092119296754e-124
7.101902808446500e-124
3.406125328435287e-124
3.396323023537037e-124
2.041374941814446e-124
1.149017105995839e-124
9.516910267163447e-125
7.402828258248283e-125
4.164994486850905e-125
3.614279413636410e-125
9.131712022570192e-126
8.287041145149443e-126
3.470423922472462e-126
1.607285588069495e-126
8.884812171631289e-127
7.201843958724824e-127
4.165408644935007e-127
1.046996814305923e-127
9.829234259485976e-128
9.232819075618107e-128
4.997272062323425e-128
1.804147631321592e-128
1.234455265943352e-128
1.195080516957599e-128
6.378554354915601e-129
3.856854334431485e-129
2.942156278264992e-129
2.191873409539532e-129
1.606757243749958e-129
1.211153687421555e-129
1.178911245543208e-129
1.128695291210043e-129
9.435519019707313e-130
7.351354932152051e-130
6.680526210826134e-130
5.213141658949141e-130
4.956607429809312e-130
3.021805236939599e-130
1.798912507789066e-130
1.272089571024489e-130
8.128645185332120e-131
6.649245757563416e-131
1.086168720563013e-131
5.952642885448352e-132
4.912393607189475e-132
3.879988295801146e-132
3.361096734588534e-132
1.476808595483359e-132
1.369877650655291e-132
4.472974497107903e-133
1.481633399386417e-133
9.203691745351946e-134
6.388436449146278e-134
5.626784994415973e-134
2.442590986542173e-134
1.381365616692940e-134
1.228087202109817e-134
2.474161685315324e-135
1.318092655529216e-135
6.258112475018037e-136
5.369313602728820e-136
3.849301686165130e-136
1.567514516633829e-136
1.180955498918910e-136
9.228726450762364e-137
6.263432937671968e-137
5.421465188756228e-137
2.430454611476760e-137
1.682087253573089e-137
1.509349037792881e-137
1.067973758109065e-137
9.741097397290066e-138
4.161089484685571e-138
2.574609355875432e-138
2.542078501096612e-138
8.009741643353947e-139
7.854182357796800e-139
6.601191400521641e-139
3.275348799363236e-139
2.375896001122889e-139
1.303790223004465e-139
1.100831768611244e-139
1.052348626238752e-139
2.958170659961871e-140
2.630055935096497e-140
8.394992539744345e-141
7.970265043611763e-141
5.726635198675373e-141
3.011346858183313e-141
1.297195228256506e-141
6.542528317486951e-142
5.139016088769292e-142
3.179729674910186e-142
2.030052703588841e-142
9.562188959886477e-143
5.347739823854168e-143
5.007162574618368e-143
4.423643326160894e-143
3.725757049587848e-143
2.149207707787431e-143
1.779116161439525e-143
4.224997933121886e-144
3.231927422763363e-144
1.615077062067361e-144
1.463655671121446e-144
1.179470098445104e-144
1.022398028255779e-144
6.323364743929007e-145
4.468793972015672e-145
1.284993106883674e-145
4.211613936703009e-146
4.016140614843509e-146
3.669099146701608e-146
1.925580703429328e-146
1.469262391151601e-146
1.439316577814732e-146
1.214353382855698e-146
1.173566181826050e-146
1.407558501269440e-147
2.947383995373033e-148
2.448840879697613e-148
2.374608627834024e-148
1.938674108222997e-148
1.183093706858881e-148
6.179372698081573e-149
3.400467999603441e-149
2.265639296783983e-149
1.848802315965049e-149
1.232202777080014e-149
1.163265141963717e-149
8.228803012196470e-150
5.012523643598099e-150
4.790966790164798e-150
4.386725982706129e-150
4.219753613449267e-150
3.163096534407763e-150
2.043319769983347e-150
3.141959673906394e-151
2.703246181724897e-151
1.286814270230645e-151
8.515706215915056e-152
6.113382234263347e-152
3.857426137773999e-152
3.607533278742187e-152
1.538730913680738e-152
1.174394721549310e-152
8.711684415176457e-153
4.270465416564995e-153
1.470192937463230e-153
1.433181537061872e-153
1.086851853345699e-153
5.270571325695285e-154
1.550996958788179e-154
1.348932971649749e-154
1.116442388137641e-154
7.165854263387055e-155
9.102040908752460e-156
3.555595715624631e-156
1.669306131341956e-156
1.189277873324477e-156
4.909541938765519e-157
1.610456966833574e-157
1.095314861396561e-157
3.282054391382117e-158
2.301241893611417e-158
1.618831528488808e-158
1.371382923465360e-158
7.319695990664369e-159
5.681272258058458e-159
4.779998955683011e-159
2.311934107177548e-159
1.419891095702476e-159
1.406500581791862e-159
1.149998628388200e-159
9.868666666707428e-160
6.005874156682068e-160
5.267655158291545e-160
2.409711544495199e-160
2.321569039594473e-160
1.730050927838604e-160
9.758776445272783e-161
9.718441702327959e-161
8.357663794362297e-161
6.057880805012750e-161
5.935907916413554e-161
4.451617251845187e-161
3.294800180030341e-161
2.914675392253327e-161
1.870913017148286e-161
1.475007323323870e-161
7.964795971415902e-162
1.601752539803701e-162
1.471977715212060e-162
1.221046349706066e-162
1.121229724145457e-162
1.064992720676548e-162
7.966160814301832e-163
1.589338772636334e-163
1.201904198356639e-163
8.563544061082506e-164
8.145953182621644e-164
7.778892679026920e-164
6.741332094985939e-164
4.904847412996043e-164
3.906495392225906e-164
2.258968125610011e-164
1.051818483745333e-164
9.191300900346773e-165
8.148161130402778e-165
1.351582640216842e-165
4.329906324873966e-166
1.379797824705953e-166
1.376315742839779e-166
9.319489236656428e-167
7.461582675666393e-167
5.758821026513473e-167
4.808135525108795e-167
3.796418718936309e-167
2.959997160119425e-167
9.211004545524236e-168
6.508401805222308e-168
6.059569623095660e-168
5.583426937773990e-168
4.006070351175824e-168
1.670306721637013e-168
1.482550878317679e-168
6.099403025670385e-169
4.799925908580179e-169
2.688950641706930e-169
2.338702931557981e-169
2.135578079699233e-169
7.373598066341306e-170
3.796163120806083e-170
3.702109816889251e-170
3.016644811690636e-170
2.327573221782515e-170
6.282341220079939e-171
5.560991204658373e-171
5.448313513297446e-171
1.406339116939759e-171
1.319284443374097e-171
1.073993099939440e-171
3.742763675558394e-172
3.191238189401657e-172
8.005748176652095e-173
2.520152456767591e-173
2.385910753568250e-173
1.770797190824872e-173
3.776646530411550e-174
2.967277981398207e-174
1.973766745813478e-174
3.844917636166683e-175
1.980332957659079e-175
1.528692776360953e-175
7.994219758570161e-176
7.700785730906269e-176
6.859782117300438e-176
4.394534847199114e-176
2.536641741789595e-176
2.455171949587804e-176
2.397659451373443e-176
2.217872946371882e-176
1.461861287857209e-176
1.150826643680519e-176
6.555233346447738e-177
5.144441236871604e-177
4.381080279948756e-177
3.354431809727717e-177
1.711135099017268e-177
1.315358041528730e-177
5.006113174912562e-178
4.723915678426329e-178
3.761913949732699e-178
3.694029122609002e-178
7.900250069012060e-179
5.032253409278276e-179
4.806027803241451e-179
3.566962263531719e-179
1.115302943280160e-179
9.020574731508049e-180
8.963798506142563e-180
8.585259704092862e-180
6.095431888285973e-180
3.552880898737335e-180
8.481492239090363e-181
6.140554217967673e-181
5.039312124855369e-181
3.497894859508792e-181
1.951140893157931e-181
3.589833308520982e-182
2.970949295896518e-182
8.922192362779145e-183
4.187255559108799e-183
4.156460084345155e-183
2.317568634524174e-183
2.161110998296609e-183
1.772962749616527e-183
8.838573227646700e-184
3.103501619822513e-184
1.324657844322638e-184
9.934995235659329e-185
4.576942192660995e-185
3.907658006446686e-185
1.631652272834252e-185
1.340652330474814e-185
1.136397763465907e-185
9.136904055697754e-186
8.464730739403820e-186
2.476143839074717e-186
2.183798339011832e-186
6.119789936341928e-187
3.813781787010572e-187
8.512301496978384e-188
4.651017865622092e-188
2.410158675292435e-188
2.373019547389353e-188
1.420584087565504e-188
1.061151255269550e-188
8.588949668837565e-189
2.796978729507120e-189
2.230697986141360e-189
1.572092866167136e-189
3.621556419450529e-190
3.104709358949357e-190
2.416730017073187e-190
2.102368603309372e-190
1.880582936770453e-190
1.206338014331445e-190
6.793436623638714e-191
6.344232257113829e-191
1.188721853321291e-191
7.818564909197638e-192
2.091629900396906e-192
1.163996845112185e-192
9.208368455883294e-193
5.448471507946401e-193
3.745701194824673e-193
3.669821709361045e-193
3.201873598078443e-193
3.084827319593676e-193
2.252438876312068e-193
2.227036206283161e-193
2.180701359128172e-193
1.215505663840007e-193
4.371827306704943e-194
3.186189929326949e-194
2.305165002004519e-194
1.773516328337293e-194
1.337376694912366e-194
4.793978672859635e-195
4.105300723880378e-195
3.655445227865100e-195
2.408076936597854e-195
1.992175828907094e-195
1.795166950278692e-195
8.344389203020267e-196
7.188767653179462e-196
1.786111360130119e-196
1.162389812642022e-196
4.154505839586556e-197
3.098010944657379e-197
3.059580656947913e-197
2.156742104924471e-197
9.134916457585216e-198
8.520851619271879e-198
7.472187766172195e-198
6.518216792694924e-198
6.154467274020733e-198
6.056808819813674e-198
5.867137504559829e-198
3.304461529144830e-198
1.319524256338672e-198
1.317645356323466e-198
4.216537083012963e-199
1.103050953793310e-199
5.491430274838085e-200
2.650925923827364e-200
1.831448265825328e-200
1.736863041410893e-200
1.461510056308907e-200
1.392675805993012e-200
2.279729763033375e-201
1.564359429462744e-201
5.363406473813442e-202
2.122915547691269e-202
2.012870269933759e-202
1.976889887722734e-202
1.196796377564827e-202
8.562564419390663e-203
7.073636635946151e-203
4.592232210814049e-203
2.720127565111502e-203
2.315336232525975e-203
1.597424049396818e-203
6.633958752091245e-204
6.247498903688781e-204
2.831747521321386e-204
2.683453595892662e-204
2.260153795145797e-204
1.331407105342865e-204
1.061986457985823e-204
5.067358345231468e-205
3.939066398339516e-205
1.367573212652657e-205
3.415753849177511e-206
1.548052538312990e-206
9.556345006560286e-207
8.560593313818877e-207
6.759803206535174e-207
5.850374142552338e-207
4.973598610608146e-207
3.456913132316993e-207
2.569761148446418e-207
1.783782551738888e-207
1.556697766380591e-207
4.583261547698734e-208
4.571187480017198e-208
7.617925863750067e-209
6.793692378373884e-209
2.722659984053121e-209
2.471851659955174e-209
2.205234398414302e-209
1.774909354074288e-209
1.401277647535717e-209
1.077057120801274e-209
9.458005386279850e-210
3.049899888739344e-210
2.693899867930161e-210
2.050510390355402e-210
1.651765291870776e-210
1.451500541224248e-210
1.435342037117538e-210
1.293635337968776e-210
1.232281570224473e-210
7.557743585899100e-211
5.657090976765232e-211
2.799028056660489e-211
1.183600655216173e-211
1.065044149290326e-211
7.971523486130081e-212
6.146790186996961e-212
4.777113207295132e-212
3.818959295779949e-212
2.727550815870455e-212
1.807317626724186e-212
5.437677718598447e-213
4.952915081941253e-213
2.242995082478198e-213
2.016399049097661e-213
1.851091431774211e-213
4.237683070112121e-214
3.107914070322953e-214
2.725153292056345e-214
2.508784443406361e-214
1.993229260469098e-214
9.745403767206389e-215
5.931896564867428e-215
4.516686190024500e-215
2.492757292029780e-215
9.953499441273603e-216
8.518793042855541e-216
2.493231289609543e-216
1.946692402581549e-216
1.468423168711177e-216
1.303708582082431e-216
1.062990428046146e-216
7.802534105359143e-217
5.608963132151234e-217
3.929486694508311e-217
1.656862073087109e-217
1.605992995590691e-217
1.528261882742956e-217
1.158147398111451e-217
9.920571057864848e-218
2.782443631480155e-218
2.364788721273631e-218
2.316960139472681e-218
2.310003872044689e-218
1.711872123973036e-218
8.396138896821735e-219
8.336316943522151e-219
5.626739032331703e-219
2.521154612294232e-219
1.246548362231781e-219
1.055718660424356e-219
5.293456974283530e-220
5.135607720031621e-220
5.099050692808095e-220
4.587037752039737e-220
4.417148140017575e-220
2.554240205576787e-220
2.103679964980214e-220
1.427111210753394e-220
1.342193821671602e-220
1.258775812258058e-220
5.776018247905151e-221
2.143372202912864e-221
1.394571343399448e-221
8.295868975667636e-222
3.057340409090325e-222
2.517763387547230e-222
2.288000110290159e-222
1.121364435914513e-222
1.082191440355017e-222
8.348100442050425e-223
3.997260416380242e-223
3.694991655863885e-223
3.471954804966590e-223
1.423134626538031e-223
1.289013773746642e-223
1.124265062618652e-223
9.639658284686175e-224
9.431138491576693e-224
6.839063570423193e-224
6.712065223444470e-224
4.752420264717255e-224
3.580682579091477e-224
1.625521177756891e-224
1.611924268378259e-224
1.064625043465070e-224
6.673408948239462e-225
6.292996665288720e-225
4.981176590897233e-225
4.486003356660598e-225
2.040380001527426e-225
1.994013211314791e-225
1.930620104183224e-225
1.538166491892601e-225
1.090278843578627e-225
7.529342088451675e-226
7.485191952978203e-226
7.125949554496499e-226
6.613230668604409e-226
5.242246675158078e-226
3.436859557921650e-226
1.840061677136142e-226
1.424139159796693e-226
1.199587404835214e-226
9.911637163863012e-227
8.741695237519048e-227
8.072441938682275e-227
4.832546772482325e-227
2.731187020584086e-227
1.994387989361140e-227
1.960905619196099e-227
1.622497793805144e-227
9.248554171292174e-228
4.272465968877637e-228
4.089725656630791e-228
2.291036946506856e-228
1.871860876485117e-228
1.752550282819306e-228
1.471185584635619e-228
1.422289997156949e-228
1.038206188263550e-228
5.600576787585990e-229
5.117991215852225e-229
4.478571813255088e-229
4.231161680035091e-229
3.989311692766476e-229
2.726915850826392e-229
1.922112308186748e-229
1.322225159451820e-229
1.190407196952058e-229
9.138130919065452e-230
7.403627531491712e-230
5.662819423835725e-230
4.645684020758862e-230
3.383342670296386e-230
1.514421506505253e-230
8.694890938029613e-231
5.030146634201757e-231
2.818268409272309e-231
2.796882380592197e-231
2.629832626644998e-231
2.148881442738333e-231
1.280595717142085e-231
1.244880930631089e-231
1.165868017544520e-231
1.036538320159723e-231
8.363242411019073e-232
5.006292280664061e-232
4.772481334394288e-232
3.355684441554827e-232
3.027123011838496e-232
2.907070122514593e-232
2.763873584124604e-232
2.394086287693133e-232
1.611170997556769e-232
1.092505190477707e-232
6.086399794114103e-233
5.004413990755628e-233
4.489873336899856e-233
3.507383463943767e-233
2.422554302774454e-233
9.431589386532468e-234
8.101104486849969e-234
7.853751185092302e-234
6.762369259165889e-234
6.579748165413578e-234
6.121966258598257e-234
6.076477315681268e-234
4.021542478902362e-234
3.663279539880198e-234
3.370402084080568e-234
2.013838810754602e-234
1.936726451949802e-234
1.765321705283003e-234
8.089915864736277e-235
5.256732919254784e-235
4.412874086701669e-235
3.654784813992517e-235
1.251235912552129e-235
1.076664594141008e-235
9.747331657102482e-236
8.203044900705240e-236
8.154504489487712e-236
7.729456177370508e-236
7.137021869946408e-236
6.878612552867891e-236
6.672242341248526e-236
6.539350674068060e-236
3.898822166911330e-236
2.629954042510712e-236
2.347834543478134e-236
2.106185810687996e-236
1.408225816717998e-236
1.237505880094508e-236
6.950094562905057e-237
6.844554928865964e-237
5.827348931257630e-237
4.488863817893210e-237
2.973853246506686e-237
2.584368119336826e-237
2.340542111813652e-237
2.134424318689467e-237
1.914390841382743e-237
1.896121992234771e-237
1.729387594496493e-237
1.394007453032815e-237
1.072327419173072e-237
9.377695006422874e-238
6.032682078529850e-238
4.802624910790535e-238
4.550476705426013e-238
3.836109952170746e-238
3.060510527539508e-238
1.851174064210663e-238
1.306838741292040e-238
1.138351153726557e-238
1.120191325383594e-238
9.938598427470820e-239
9.799798311096753e-239
9.679490142368033e-239
7.912165290044080e-239
7.137085302605863e-239
7.002947930461433e-239
5.045233637504090e-239
4.042063525832845e-239
2.741252908992145e-239
2.217645880744685e-239
2.087508161205898e-239
1.127477102516351e-239
1.013809911224535e-239
9.260578318185537e-240
7.840954186280961e-240
7.168512267166079e-240
6.716193242410471e-240
6.708328083472237e-240
6.185981474713092e-240
4.458313377918399e-240
4.142536816612412e-240
2.630636296398927e-240
2.430334533479877e-240
2.086602495336690e-240
1.157030208758048e-240
1.149507258326568e-240
9.576068120765546e-241
7.933807370829711e-241
7.828719455149084e-241
5.517896024647550e-241
5.109131306387824e-241
5.034518975210826e-241
4.991719070044000e-241
3.966082145591591e-241
2.917601572724264e-241
2.602562934268080e-241
1.667443786183577e-241
1.592338366201253e-241
1.183606773514823e-241
1.085505976482881e-241
1.037703455794185e-241
9.859128374094170e-242
8.844677743029089e-242
8.472063545759440e-242
4.693973265383719e-242
4.142368525676576e-242
3.493188960582013e-242
3.237998712155715e-242
2.554867553465175e-242
2.143492242618464e-242
2.108933209641846e-242
1.838398317442199e-242
1.816345798190962e-242
1.690958746643849e-242
1.529249140252603e-242
8.088839075729696e-243
7.145089188969492e-243
7.096263206820382e-243
6.767094307750068e-243
5.232617668888753e-243
4.546603765639076e-243
4.349133893729201e-243
4.280101372280295e-243
3.768161607949866e-243
3.420975558317147e-243
3.172562574043089e-243
2.436438609951398e-243
1.602338673393766e-243
1.592319792869487e-243
1.486267667839004e-243
1.225042734842476e-243
8.243327884339038e-244
8.023230581165360e-244
7.097768113018321e-244
6.675213165401528e-244
5.888050999058023e-244
3.962422842973181e-244
3.781781164748531e-244
2.929539476953967e-244
2.479549349901746e-244
2.474883630939889e-244
2.159090239293930e-244
1.815855816764744e-244
1.368363310049499e-244
1.125366608830564e-244
1.052760007140151e-244
1.035428022560678e-244
9.552742347806314e-245
6.533829234657726e-245
5.246468896061784e-245
5.090139061912404e-245
4.735970917735258e-245
2.769055348002317e-245
2.401996217801713e-245
2.112779793214159e-245
1.999300045696978e-245
1.640038132191981e-245
1.557116248466095e-245
1.303467302291331e-245
1.182632089943183e-245
1.130249616334634e-245
1.125861792803668e-245
1.121612729682344e-245
1.014063172569672e-245
9.731541042194081e-246
7.808157608034039e-246
6.332705449082240e-246
6.281049884765748e-246
5.977441383875795e-246
5.582612287435648e-246
4.700598602984116e-246
4.515715967569456e-246
3.773991227470530e-246
3.446364869145311e-246
2.667597815733562e-246
2.356892433494195e-246
2.212318241052542e-246
2.165797173902523e-246
2.048399860390202e-246
1.480133409883594e-246
1.277283495322686e-246
1.118846949630955e-246
1.085932312163093e-246
8.438328676461779e-247
6.958119204910960e-247
5.970933135128738e-247
5.840407765817501e-247
5.177210513119414e-247
4.402259764036827e-247
3.591433515489960e-247
2.792417875902363e-247
2.214127875617091e-247
2.115965606367655e-247
1.482899683777274e-247
7.748710059472852e-248
7.701184838385728e-248
6.420676271048234e-248
2.181318875669954e-248
1.997819350542288e-248
1.784151047291506e-248
1.519335254206754e-248
1.231396261510526e-248
1.085966353576770e-248
9.616037930655877e-249
7.375504669453903e-249
7.220504862770275e-249
5.656616404475624e-249
4.368754910868330e-249
3.347260936304942e-249
2.791161246605501e-249
2.451862603609805e-249
1.751540128400411e-249
1.252827716641149e-249
8.883461156807487e-250
5.982497658650202e-250
3.570607825605516e-250
1.733754552111508e-250
6.276469617929376e-251
6.238060161766203e-251
4.160479718902549e-251
1.583637979152539e-251
9.672148746123343e-252
5.255682946094962e-252
5.040685689630477e-252
2.688361036710580e-252
2.614035685437793e-253
1.731854966749447e-253
1.474285718029332e-254
6.587044443489004e-255
1.227032530240462e-255
5.323059700621340e-256
4.571353817171058e-256
1.491156051973245e-256
1.438084635002269e-256
6.623519154718858e-257
6.081147538350289e-258
3.079156051527996e-260
1.752560695862570e-260
7.550455713537760e-261
8.117962409702105e-262
2.095528893186338e-262
1.761132284540138e-262
5.216235112112211e-263
1.137061223870706e-263
1.665305300040641e-265
4.626221325075378e-266
2.472528893395746e-266
1.454820548530891e-266
6.120276720211229e-269
1.262850764632117e-269
4.591173050713896e-270
2.518218316044545e-270
1.375571695341075e-270
7.532263819441006e-272
1.980047543523139e-272
9.140765925421293e-273
8.702217290067049e-273
1.981090236785537e-273
1.543120799986662e-273
2.906523986695629e-274
3.773984659728215e-275
2.733008693636216e-275
1.379690615672086e-275
9.436624688062145e-276
1.825051569046000e-278
1.976881204854294e-279
1.148863076456278e-279
1.657354950884765e-280
5.031067891746826e-281
1.110925990617083e-282
2.517501287835113e-284
2.153915793880142e-284
1.932085357747618e-284
1.803357627316373e-284
1.704357244918133e-284
1.691112567446332e-284
3.291941478636113e-288
2.261299226342312e-288
2.569651118978919e-289
2.343829472292831e-289
1.901617488087234e-289
1.003796395232455e-292
8.676357213187697e-294
5.183836682016962e-295
1.368541494877532e-295
5.982648907285845e-297
2.886705434387590e-297
2.759887486876131e-297
2.639105866301216e-299
1.879173990140968e-301
5.800986455127034e-302
7.213693927112843e-304
1.565718367416062e-305
8.227524451410465e-306
1.488729893731155e-307
1.991724601048365e-308
3.663161131536276e-311
1.079735180414152e-312
4.252561912011634e-313
2.297224869794500e-316
1.475319296700807e-316
7.428998321066070e-318
6.009789812730631e-318
4.706187724865585e-318
3.520227607931798e-318
9.282801793452845e-319
4.570354256854451e-319
1.876856575421727e-319
1.557294915691609e-320
1.156113611268517e-320
8.893181625142438e-323
2.470328229206233e-323
0.000000000000000
0.000000000000000
0.000000000000000
0.000000000000000
0.000000000000000
0.000000000000000
0.000000000000000
0.000000000000000
0.000000000000000
0.000000000000000
0.000000000000000
0.000000000000000
0.000000000000000
0.000000000000000
0.000000000000000
0.000000000000000
0.000000000000000
0.000000000000000
0.000000000000000
0.000000000000000
0.000000000000000
0.000000000000000
0.000000000000000
0.000000000000000
0.000000000000000
0.000000000000000
0.000000000000000
0.000000000000000
0.000000000000000
0.000000000000000
0.000000000000000
0.000000000000000
0.000000000000000
0.000000000000000
0.000000000000000
0.000000000000000
0.000000000000000
0.000000000000000
0.000000000000000
0.000000000000000
0.000000000000000
0.000000000000000
0.000000000000000
0.000000000000000
0.000000000000000
0.000000000000000
0.000000000000000
0.000000000000000
0.000000000000000
0.000000000000000
0.000000000000000
0.000000000000000
0.000000000000000
0.000000000000000
0.000000000000000
0.000000000000000
0.000000000000000
0.000000000000000
0.000000000000000
0.000000000000000
0.000000000000000
0.000000000000000
0.000000000000000
0.000000000000000
0.000000000000000
0.000000000000000
0.000000000000000
0.000000000000000
0.000000000000000
0.000000000000000
0.000000000000000
0.000000000000000
0.000000000000000
0.000000000000000
0.000000000000000
0.000000000000000
0.000000000000000
0.000000000000000
0.000000000000000
0.000000000000000
0.000000000000000
0.000000000000000
0.000000000000000
0.000000000000000
0.000000000000000
0.000000000000000
0.000000000000000
0.000000000000000
0.000000000000000
0.000000000000000
0.000000000000000
0.000000000000000
0.000000000000000
0.000000000000000
0.000000000000000
0.000000000000000
0.000000000000000
0.000000000000000
0.000000000000000
0.000000000000000
0.000000000000000
0.000000000000000
0.000000000000000
0.000000000000000
0.000000000000000
0.000000000000000
0.000000000000000
0.000000000000000
0.000000000000000
0.000000000000000
0.000000000000000
0.000000000000000
0.000000000000000
0.000000000000000
0.000000000000000
0.000000000000000
0.000000000000000
0.000000000000000
0.000000000000000
0.000000000000000
0.000000000000000
0.000000000000000
0.000000000000000
0.000000000000000
0.000000000000000
0.000000000000000
0.000000000000000
0.000000000000000
0.000000000000000
0.000000000000000
0.000000000000000
0.000000000000000
0.000000000000000
0.000000000000000
0.000000000000000
0.000000000000000
0.000000000000000
0.000000000000000
0.000000000000000
0.000000000000000
0.000000000000000
0.000000000000000
0.000000000000000
0.000000000000000
0.000000000000000
0.000000000000000
0.000000000000000
0.000000000000000
0.000000000000000
0.000000000000000
0.000000000000000
0.000000000000000
0.000000000000000
0.000000000000000
0.000000000000000
0.000000000000000
0.000000000000000
0.000000000000000
0.000000000000000
0.000000000000000
0.000000000000000
0.000000000000000
0.000000000000000
0.000000000000000
0.000000000000000
0.000000000000000
0.000000000000000
0.000000000000000
0.000000000000000
0.000000000000000
0.000000000000000
0.000000000000000
0.000000000000000
0.000000000000000
0.000000000000000
0.000000000000000
0.000000000000000
0.000000000000000
0.000000000000000
0.000000000000000
0.000000000000000
0.000000000000000
0.000000000000000
0.000000000000000
0.000000000000000
0.000000000000000
0.000000000000000
0.000000000000000
0.000000000000000
0.000000000000000
0.000000000000000
0.000000000000000
0.000000000000000
0.000000000000000
0.000000000000000
0.000000000000000
0.000000000000000
0.000000000000000
0.000000000000000
0.000000000000000
0.000000000000000
0.000000000000000
0.000000000000000
0.000000000000000
0.000000000000000
0.000000000000000
0.000000000000000
0.000000000000000
0.000000000000000
0.000000000000000
0.000000000000000
0.000000000000000
0.000000000000000
0.000000000000000
0.000000000000000
0.000000000000000
0.000000000000000
0.000000000000000
0.000000000000000
0.000000000000000
0.000000000000000
0.000000000000000
0.000000000000000
0.000000000000000
0.000000000000000
0.000000000000000
0.000000000000000
0.000000000000000
0.000000000000000
0.000000000000000
0.000000000000000
0.000000000000000
0.000000000000000
0.000000000000000
0.000000000000000
0.000000000000000
0.000000000000000
0.000000000000000
0.000000000000000
0.000000000000000
0.000000000000000
0.000000000000000
0.000000000000000
0.000000000000000
0.000000000000000
0.000000000000000
0.000000000000000
0.000000000000000
0.000000000000000
0.000000000000000
0.000000000000000
0.000000000000000
0.000000000000000
0.000000000000000
0.000000000000000
