7.850072860717773438e+00
7.882767677307128906e+00
7.915462970733642578e+00
7.882767677307128906e+00
7.817377567291259766e+00
7.817377567291259766e+00
7.850072860717773438e+00
7.784682750701904297e+00
7.948158264160156250e+00
7.915462970733642578e+00
7.850072860717773438e+00
7.948158264160156250e+00
7.915462970733642578e+00
7.980853080749511719e+00
7.784682750701904297e+00
7.784682750701904297e+00
7.882767677307128906e+00
7.751987457275390625e+00
7.751987457275390625e+00
7.980853080749511719e+00
7.817377567291259766e+00
8.013547897338867188e+00
7.817377567291259766e+00
7.882767677307128906e+00
7.719292163848876953e+00
7.948158264160156250e+00
8.013547897338867188e+00
7.980853080749511719e+00
7.686597347259521484e+00
7.686597347259521484e+00
8.046243667602539062e+00
7.719292163848876953e+00
7.948158264160156250e+00
7.751987457275390625e+00
7.850072860717773438e+00
7.915462970733642578e+00
8.046243667602539062e+00
7.719292163848876953e+00
7.751987457275390625e+00
7.653902053833007812e+00
7.850072860717773438e+00
8.013547897338867188e+00
7.784682750701904297e+00
7.653902053833007812e+00
8.078938484191894531e+00
7.784682750701904297e+00
7.915462970733642578e+00
7.980853080749511719e+00
7.621207237243652344e+00
7.686597347259521484e+00
8.046243667602539062e+00
8.078938484191894531e+00
7.882767677307128906e+00
7.653902053833007812e+00
8.078938484191894531e+00
7.817377567291259766e+00
8.013547897338867188e+00
8.111633300781250000e+00
7.686597347259521484e+00
8.111633300781250000e+00
7.817377567291259766e+00
7.882767677307128906e+00
7.719292163848876953e+00
7.621207237243652344e+00
7.621207237243652344e+00
7.948158264160156250e+00
8.046243667602539062e+00
7.751987457275390625e+00
7.980853080749511719e+00
7.719292163848876953e+00
7.653902053833007812e+00
8.144329071044921875e+00
7.588511943817138672e+00
8.144329071044921875e+00
7.588511943817138672e+00
7.948158264160156250e+00
7.751987457275390625e+00
8.013547897338867188e+00
7.784682750701904297e+00
7.850072860717773438e+00
8.111633300781250000e+00
8.177023887634277344e+00
7.915462970733642578e+00
7.850072860717773438e+00
7.686597347259521484e+00
8.144329071044921875e+00
8.111633300781250000e+00
8.177023887634277344e+00
7.621207237243652344e+00
8.078938484191894531e+00
8.078938484191894531e+00
7.915462970733642578e+00
7.784682750701904297e+00
7.719292163848876953e+00
7.588511943817138672e+00
7.621207237243652344e+00
8.209718704223632812e+00
7.980853080749511719e+00
8.177023887634277344e+00
8.209718704223632812e+00
8.046243667602539062e+00
7.588511943817138672e+00
7.653902053833007812e+00
7.555816650390625000e+00
7.817377567291259766e+00
7.751987457275390625e+00
8.242414474487304688e+00
7.555816650390625000e+00
7.653902053833007812e+00
8.144329071044921875e+00
8.013547897338867188e+00
7.882767677307128906e+00
8.046243667602539062e+00
7.686597347259521484e+00
7.882767677307128906e+00
7.555816650390625000e+00
8.242414474487304688e+00
7.948158264160156250e+00
7.817377567291259766e+00
8.275109291076660156e+00
8.209718704223632812e+00
7.980853080749511719e+00
8.111633300781250000e+00
7.719292163848876953e+00
7.686597347259521484e+00
7.588511943817138672e+00
7.784682750701904297e+00
8.209718704223632812e+00
8.177023887634277344e+00
8.242414474487304688e+00
7.555816650390625000e+00
8.307804107666015625e+00
7.523121833801269531e+00
8.275109291076660156e+00
8.013547897338867188e+00
7.850072860717773438e+00
7.621207237243652344e+00
8.144329071044921875e+00
8.275109291076660156e+00
8.177023887634277344e+00
7.948158264160156250e+00
7.523121833801269531e+00
7.719292163848876953e+00
8.307804107666015625e+00
8.111633300781250000e+00
7.751987457275390625e+00
7.588511943817138672e+00
7.915462970733642578e+00
8.078938484191894531e+00
8.242414474487304688e+00
7.850072860717773438e+00
7.523121833801269531e+00
8.340499877929687500e+00
7.555816650390625000e+00
8.340499877929687500e+00
7.621207237243652344e+00
8.307804107666015625e+00
8.078938484191894531e+00
7.915462970733642578e+00
7.653902053833007812e+00
8.373194694519042969e+00
8.144329071044921875e+00
7.751987457275390625e+00
7.817377567291259766e+00
7.980853080749511719e+00
8.373194694519042969e+00
7.523121833801269531e+00
7.784682750701904297e+00
7.653902053833007812e+00
8.405889511108398438e+00
8.046243667602539062e+00
8.209718704223632812e+00
7.555816650390625000e+00
8.046243667602539062e+00
8.275109291076660156e+00
8.438584327697753906e+00
7.686597347259521484e+00
7.588511943817138672e+00
8.340499877929687500e+00
7.490426540374755859e+00
7.523121833801269531e+00
8.405889511108398438e+00
7.490426540374755859e+00
7.882767677307128906e+00
7.882767677307128906e+00
8.471280097961425781e+00
8.013547897338867188e+00
7.948158264160156250e+00
8.111633300781250000e+00
7.686597347259521484e+00
7.621207237243652344e+00
8.307804107666015625e+00
8.275109291076660156e+00
8.340499877929687500e+00
8.373194694519042969e+00
7.784682750701904297e+00
8.405889511108398438e+00
7.817377567291259766e+00
8.242414474487304688e+00
8.438584327697753906e+00
8.438584327697753906e+00
8.503974914550781250e+00
8.471280097961425781e+00
8.209718704223632812e+00
8.177023887634277344e+00
7.719292163848876953e+00
7.490426540374755859e+00
7.490426540374755859e+00
8.503974914550781250e+00
8.373194694519042969e+00
8.242414474487304688e+00
7.980853080749511719e+00
8.307804107666015625e+00
8.177023887634277344e+00
8.536669731140136719e+00
7.850072860717773438e+00
7.555816650390625000e+00
8.013547897338867188e+00
8.536669731140136719e+00
8.471280097961425781e+00
8.569365501403808594e+00
7.719292163848876953e+00
7.588511943817138672e+00
8.144329071044921875e+00
7.523121833801269531e+00
8.078938484191894531e+00
7.653902053833007812e+00
8.602060317993164062e+00
7.948158264160156250e+00
8.405889511108398438e+00
8.569365501403808594e+00
7.523121833801269531e+00
7.915462970733642578e+00
7.555816650390625000e+00
8.503974914550781250e+00
8.144329071044921875e+00
7.751987457275390625e+00
8.111633300781250000e+00
7.621207237243652344e+00
7.850072860717773438e+00
8.340499877929687500e+00
7.457731246948242188e+00
8.209718704223632812e+00
7.490426540374755859e+00
8.275109291076660156e+00
7.751987457275390625e+00
7.588511943817138672e+00
7.817377567291259766e+00
7.686597347259521484e+00
7.457731246948242188e+00
7.490426540374755859e+00
8.602060317993164062e+00
7.980853080749511719e+00
7.915462970733642578e+00
8.438584327697753906e+00
7.457731246948242188e+00
8.602060317993164062e+00
8.569365501403808594e+00
8.078938484191894531e+00
8.536669731140136719e+00
8.536669731140136719e+00
8.503974914550781250e+00
8.046243667602539062e+00
8.471280097961425781e+00
7.621207237243652344e+00
7.653902053833007812e+00
8.373194694519042969e+00
8.438584327697753906e+00
7.457731246948242188e+00
8.111633300781250000e+00
7.784682750701904297e+00
8.471280097961425781e+00
8.046243667602539062e+00
8.405889511108398438e+00
7.882767677307128906e+00
8.307804107666015625e+00
7.719292163848876953e+00
8.177023887634277344e+00
8.242414474487304688e+00
8.569365501403808594e+00
7.784682750701904297e+00
7.948158264160156250e+00
7.882767677307128906e+00
8.373194694519042969e+00
7.457731246948242188e+00
8.340499877929687500e+00
7.523121833801269531e+00
8.307804107666015625e+00
7.490426540374755859e+00
7.653902053833007812e+00
7.523121833801269531e+00
8.405889511108398438e+00
7.555816650390625000e+00
8.013547897338867188e+00
7.686597347259521484e+00
8.275109291076660156e+00
8.503974914550781250e+00
7.555816650390625000e+00
8.013547897338867188e+00
7.817377567291259766e+00
8.242414474487304688e+00
7.850072860717773438e+00
8.602060317993164062e+00
7.425036430358886719e+00
7.490426540374755859e+00
8.078938484191894531e+00
7.457731246948242188e+00
8.340499877929687500e+00
8.209718704223632812e+00
7.588511943817138672e+00
7.425036430358886719e+00
7.588511943817138672e+00
8.144329071044921875e+00
7.980853080749511719e+00
8.209718704223632812e+00
8.275109291076660156e+00
8.177023887634277344e+00
7.425036430358886719e+00
7.751987457275390625e+00
8.438584327697753906e+00
7.686597347259521484e+00
8.536669731140136719e+00
7.719292163848876953e+00
7.915462970733642578e+00
8.144329071044921875e+00
7.457731246948242188e+00
7.425036430358886719e+00
7.948158264160156250e+00
7.817377567291259766e+00
7.621207237243652344e+00
8.602060317993164062e+00
7.980853080749511719e+00
7.621207237243652344e+00
7.850072860717773438e+00
8.373194694519042969e+00
7.425036430358886719e+00
8.471280097961425781e+00
8.046243667602539062e+00
8.569365501403808594e+00
8.111633300781250000e+00
7.490426540374755859e+00
8.569365501403808594e+00
8.111633300781250000e+00
8.307804107666015625e+00
8.536669731140136719e+00
7.523121833801269531e+00
7.751987457275390625e+00
8.177023887634277344e+00
7.915462970733642578e+00
7.457731246948242188e+00
8.242414474487304688e+00
7.719292163848876953e+00
8.503974914550781250e+00
7.653902053833007812e+00
7.555816650390625000e+00
8.405889511108398438e+00
8.078938484191894531e+00
7.784682750701904297e+00
8.503974914550781250e+00
8.471280097961425781e+00
7.653902053833007812e+00
7.523121833801269531e+00
7.948158264160156250e+00
7.425036430358886719e+00
7.490426540374755859e+00
7.392341136932373047e+00
7.392341136932373047e+00
7.882767677307128906e+00
8.602060317993164062e+00
7.425036430358886719e+00
7.882767677307128906e+00
7.784682750701904297e+00
8.438584327697753906e+00
8.013547897338867188e+00
7.588511943817138672e+00
7.555816650390625000e+00
8.340499877929687500e+00
8.078938484191894531e+00
8.144329071044921875e+00
8.046243667602539062e+00
7.392341136932373047e+00
7.392341136932373047e+00
7.457731246948242188e+00
8.438584327697753906e+00
8.405889511108398438e+00
8.275109291076660156e+00
8.209718704223632812e+00
8.536669731140136719e+00
7.686597347259521484e+00
8.373194694519042969e+00
7.686597347259521484e+00
7.850072860717773438e+00
7.751987457275390625e+00
8.340499877929687500e+00
7.588511943817138672e+00
7.621207237243652344e+00
7.457731246948242188e+00
7.490426540374755859e+00
8.013547897338867188e+00
7.817377567291259766e+00
8.307804107666015625e+00
8.373194694519042969e+00
7.392341136932373047e+00
8.471280097961425781e+00
7.523121833801269531e+00
8.275109291076660156e+00
7.392341136932373047e+00
7.915462970733642578e+00
7.980853080749511719e+00
7.425036430358886719e+00
8.046243667602539062e+00
7.425036430358886719e+00
8.111633300781250000e+00
8.569365501403808594e+00
8.307804107666015625e+00
8.177023887634277344e+00
8.242414474487304688e+00
7.817377567291259766e+00
7.980853080749511719e+00
7.719292163848876953e+00
8.242414474487304688e+00
7.555816650390625000e+00
7.621207237243652344e+00
8.209718704223632812e+00
8.405889511108398438e+00
7.653902053833007812e+00
7.850072860717773438e+00
7.359646320343017578e+00
7.490426540374755859e+00
7.719292163848876953e+00
8.503974914550781250e+00
7.359646320343017578e+00
8.177023887634277344e+00
7.948158264160156250e+00
7.359646320343017578e+00
7.392341136932373047e+00
7.457731246948242188e+00
7.523121833801269531e+00
7.588511943817138672e+00
8.602060317993164062e+00
8.144329071044921875e+00
8.340499877929687500e+00
7.751987457275390625e+00
8.078938484191894531e+00
8.013547897338867188e+00
7.948158264160156250e+00
7.784682750701904297e+00
7.392341136932373047e+00
8.144329071044921875e+00
7.359646320343017578e+00
7.915462970733642578e+00
8.602060317993164062e+00
8.438584327697753906e+00
8.275109291076660156e+00
8.209718704223632812e+00
7.457731246948242188e+00
7.653902053833007812e+00
8.111633300781250000e+00
7.555816650390625000e+00
7.359646320343017578e+00
7.490426540374755859e+00
7.425036430358886719e+00
8.536669731140136719e+00
7.425036430358886719e+00
8.569365501403808594e+00
7.882767677307128906e+00
7.686597347259521484e+00
7.523121833801269531e+00
7.784682750701904297e+00
7.882767677307128906e+00
7.621207237243652344e+00
8.536669731140136719e+00
8.373194694519042969e+00
7.359646320343017578e+00
8.078938484191894531e+00
8.471280097961425781e+00
7.392341136932373047e+00
8.111633300781250000e+00
7.751987457275390625e+00
8.046243667602539062e+00
7.588511943817138672e+00
8.503974914550781250e+00
7.980853080749511719e+00
7.686597347259521484e+00
8.307804107666015625e+00
8.177023887634277344e+00
7.555816650390625000e+00
8.569365501403808594e+00
7.359646320343017578e+00
8.242414474487304688e+00
7.392341136932373047e+00
7.850072860717773438e+00
7.326951026916503906e+00
8.471280097961425781e+00
8.046243667602539062e+00
7.817377567291259766e+00
7.457731246948242188e+00
8.405889511108398438e+00
7.915462970733642578e+00
7.326951026916503906e+00
7.326951026916503906e+00
7.490426540374755859e+00
8.503974914550781250e+00
7.359646320343017578e+00
8.438584327697753906e+00
7.653902053833007812e+00
7.621207237243652344e+00
8.078938484191894531e+00
7.719292163848876953e+00
7.425036430358886719e+00
7.588511943817138672e+00
7.326951026916503906e+00
7.425036430358886719e+00
8.340499877929687500e+00
7.457731246948242188e+00
8.013547897338867188e+00
8.013547897338867188e+00
7.719292163848876953e+00
8.602060317993164062e+00
8.144329071044921875e+00
7.523121833801269531e+00
7.817377567291259766e+00
7.326951026916503906e+00
8.405889511108398438e+00
8.438584327697753906e+00
7.490426540374755859e+00
8.373194694519042969e+00
7.392341136932373047e+00
8.275109291076660156e+00
7.850072860717773438e+00
8.209718704223632812e+00
7.948158264160156250e+00
8.340499877929687500e+00
7.359646320343017578e+00
8.536669731140136719e+00
7.555816650390625000e+00
7.980853080749511719e+00
7.751987457275390625e+00
7.523121833801269531e+00
8.307804107666015625e+00
7.326951026916503906e+00
7.392341136932373047e+00
7.653902053833007812e+00
8.373194694519042969e+00
7.326951026916503906e+00
7.784682750701904297e+00
8.275109291076660156e+00
8.046243667602539062e+00
8.111633300781250000e+00
7.359646320343017578e+00
8.471280097961425781e+00
7.621207237243652344e+00
7.948158264160156250e+00
8.242414474487304688e+00
7.980853080749511719e+00
7.686597347259521484e+00
8.307804107666015625e+00
7.588511943817138672e+00
8.177023887634277344e+00
7.882767677307128906e+00
7.555816650390625000e+00
7.784682750701904297e+00
8.569365501403808594e+00
7.294256210327148438e+00
8.242414474487304688e+00
7.294256210327148438e+00
7.457731246948242188e+00
8.209718704223632812e+00
7.425036430358886719e+00
7.915462970733642578e+00
8.405889511108398438e+00
7.686597347259521484e+00
7.294256210327148438e+00
7.490426540374755859e+00
7.294256210327148438e+00
7.425036430358886719e+00
8.177023887634277344e+00
8.078938484191894531e+00
7.751987457275390625e+00
7.326951026916503906e+00
7.359646320343017578e+00
7.326951026916503906e+00
7.392341136932373047e+00
8.503974914550781250e+00
7.457731246948242188e+00
8.013547897338867188e+00
8.144329071044921875e+00
8.340499877929687500e+00
8.144329071044921875e+00
7.523121833801269531e+00
7.882767677307128906e+00
7.621207237243652344e+00
7.817377567291259766e+00
7.392341136932373047e+00
7.294256210327148438e+00
7.915462970733642578e+00
7.490426540374755859e+00
8.602060317993164062e+00
7.719292163848876953e+00
7.588511943817138672e+00
8.111633300781250000e+00
8.438584327697753906e+00
7.359646320343017578e+00
7.294256210327148438e+00
8.275109291076660156e+00
8.209718704223632812e+00
7.653902053833007812e+00
7.555816650390625000e+00
8.536669731140136719e+00
7.523121833801269531e+00
8.046243667602539062e+00
7.850072860717773438e+00
7.948158264160156250e+00
8.078938484191894531e+00
8.373194694519042969e+00
8.111633300781250000e+00
7.719292163848876953e+00
7.653902053833007812e+00
7.751987457275390625e+00
7.294256210327148438e+00
8.602060317993164062e+00
7.326951026916503906e+00
7.326951026916503906e+00
7.850072860717773438e+00
7.359646320343017578e+00
8.471280097961425781e+00
7.588511943817138672e+00
7.980853080749511719e+00
8.307804107666015625e+00
8.177023887634277344e+00
7.294256210327148438e+00
7.425036430358886719e+00
8.569365501403808594e+00
7.457731246948242188e+00
8.046243667602539062e+00
7.817377567291259766e+00
8.569365501403808594e+00
8.242414474487304688e+00
7.261560916900634766e+00
7.490426540374755859e+00
7.261560916900634766e+00
7.686597347259521484e+00
8.405889511108398438e+00
7.555816650390625000e+00
7.392341136932373047e+00
7.392341136932373047e+00
8.078938484191894531e+00
7.621207237243652344e+00
7.425036430358886719e+00
8.536669731140136719e+00
7.784682750701904297e+00
7.261560916900634766e+00
7.261560916900634766e+00
7.523121833801269531e+00
8.013547897338867188e+00
7.359646320343017578e+00
7.457731246948242188e+00
7.294256210327148438e+00
8.503974914550781250e+00
7.621207237243652344e+00
8.144329071044921875e+00
8.013547897338867188e+00
7.882767677307128906e+00
7.686597347259521484e+00
8.340499877929687500e+00
8.503974914550781250e+00
7.719292163848876953e+00
7.784682750701904297e+00
7.555816650390625000e+00
7.261560916900634766e+00
7.261560916900634766e+00
7.326951026916503906e+00
7.490426540374755859e+00
8.602060317993164062e+00
7.326951026916503906e+00
7.294256210327148438e+00
8.438584327697753906e+00
8.275109291076660156e+00
8.209718704223632812e+00
7.359646320343017578e+00
8.046243667602539062e+00
8.471280097961425781e+00
7.980853080749511719e+00
7.653902053833007812e+00
8.111633300781250000e+00
7.817377567291259766e+00
8.536669731140136719e+00
7.915462970733642578e+00
7.588511943817138672e+00
8.373194694519042969e+00
8.438584327697753906e+00
7.588511943817138672e+00
7.751987457275390625e+00
7.948158264160156250e+00
7.261560916900634766e+00
7.523121833801269531e+00
7.261560916900634766e+00
7.457731246948242188e+00
7.751987457275390625e+00
7.425036430358886719e+00
7.294256210327148438e+00
8.405889511108398438e+00
7.490426540374755859e+00
7.980853080749511719e+00
7.948158264160156250e+00
7.686597347259521484e+00
8.471280097961425781e+00
8.177023887634277344e+00
8.307804107666015625e+00
7.653902053833007812e+00
7.392341136932373047e+00
8.078938484191894531e+00
8.373194694519042969e+00
7.523121833801269531e+00
8.340499877929687500e+00
8.569365501403808594e+00
7.392341136932373047e+00
8.242414474487304688e+00
7.621207237243652344e+00
7.915462970733642578e+00
7.359646320343017578e+00
7.326951026916503906e+00
7.294256210327148438e+00
8.405889511108398438e+00
8.307804107666015625e+00
7.425036430358886719e+00
7.850072860717773438e+00
8.013547897338867188e+00
7.228865623474121094e+00
7.555816650390625000e+00
8.144329071044921875e+00
7.228865623474121094e+00
7.359646320343017578e+00
7.719292163848876953e+00
8.275109291076660156e+00
7.228865623474121094e+00
7.326951026916503906e+00
8.503974914550781250e+00
7.784682750701904297e+00
7.261560916900634766e+00
7.457731246948242188e+00
7.261560916900634766e+00
8.340499877929687500e+00
7.228865623474121094e+00
7.719292163848876953e+00
7.882767677307128906e+00
7.653902053833007812e+00
8.242414474487304688e+00
7.555816650390625000e+00
8.046243667602539062e+00
7.588511943817138672e+00
8.111633300781250000e+00
7.228865623474121094e+00
8.602060317993164062e+00
8.209718704223632812e+00
8.275109291076660156e+00
8.438584327697753906e+00
7.228865623474121094e+00
7.294256210327148438e+00
8.209718704223632812e+00
7.882767677307128906e+00
7.457731246948242188e+00
7.621207237243652344e+00
7.490426540374755859e+00
7.490426540374755859e+00
7.425036430358886719e+00
7.686597347259521484e+00
8.536669731140136719e+00
7.850072860717773438e+00
8.177023887634277344e+00
7.294256210327148438e+00
8.373194694519042969e+00
7.523121833801269531e+00
7.326951026916503906e+00
7.751987457275390625e+00
7.621207237243652344e+00
8.078938484191894531e+00
7.948158264160156250e+00
7.392341136932373047e+00
7.228865623474121094e+00
8.177023887634277344e+00
7.980853080749511719e+00
7.817377567291259766e+00
7.228865623474121094e+00
7.261560916900634766e+00
8.144329071044921875e+00
7.915462970733642578e+00
7.261560916900634766e+00
8.471280097961425781e+00
7.555816650390625000e+00
8.307804107666015625e+00
7.686597347259521484e+00
8.111633300781250000e+00
7.653902053833007812e+00
7.359646320343017578e+00
7.359646320343017578e+00
7.817377567291259766e+00
8.569365501403808594e+00
8.144329071044921875e+00
8.242414474487304688e+00
7.392341136932373047e+00
7.719292163848876953e+00
7.523121833801269531e+00
8.013547897338867188e+00
7.326951026916503906e+00
8.405889511108398438e+00
7.588511943817138672e+00
8.078938484191894531e+00
7.588511943817138672e+00
8.111633300781250000e+00
7.425036430358886719e+00
8.503974914550781250e+00
7.228865623474121094e+00
7.850072860717773438e+00
7.457731246948242188e+00
8.340499877929687500e+00
7.294256210327148438e+00
7.228865623474121094e+00
7.490426540374755859e+00
7.784682750701904297e+00
7.196170806884765625e+00
7.294256210327148438e+00
8.046243667602539062e+00
7.425036430358886719e+00
7.686597347259521484e+00
7.196170806884765625e+00
7.196170806884765625e+00
7.621207237243652344e+00
7.784682750701904297e+00
7.523121833801269531e+00
7.326951026916503906e+00
8.046243667602539062e+00
8.209718704223632812e+00
7.261560916900634766e+00
8.602060317993164062e+00
7.457731246948242188e+00
8.275109291076660156e+00
8.438584327697753906e+00
7.392341136932373047e+00
7.196170806884765625e+00
7.261560916900634766e+00
7.196170806884765625e+00
7.653902053833007812e+00
7.555816650390625000e+00
8.536669731140136719e+00
7.882767677307128906e+00
7.948158264160156250e+00
8.078938484191894531e+00
7.751987457275390625e+00
8.177023887634277344e+00
7.653902053833007812e+00
8.373194694519042969e+00
8.013547897338867188e+00
7.228865623474121094e+00
7.196170806884765625e+00
7.359646320343017578e+00
7.817377567291259766e+00
8.144329071044921875e+00
7.980853080749511719e+00
7.588511943817138672e+00
8.471280097961425781e+00
7.751987457275390625e+00
7.490426540374755859e+00
7.915462970733642578e+00
7.719292163848876953e+00
8.307804107666015625e+00
7.196170806884765625e+00
7.555816650390625000e+00
7.228865623474121094e+00
8.569365501403808594e+00
8.242414474487304688e+00
7.457731246948242188e+00
7.490426540374755859e+00
8.111633300781250000e+00
7.294256210327148438e+00
7.980853080749511719e+00
7.196170806884765625e+00
7.326951026916503906e+00
7.359646320343017578e+00
7.621207237243652344e+00
7.425036430358886719e+00
8.013547897338867188e+00
7.523121833801269531e+00
7.261560916900634766e+00
8.405889511108398438e+00
8.602060317993164062e+00
7.686597347259521484e+00
7.784682750701904297e+00
7.850072860717773438e+00
7.294256210327148438e+00
8.503974914550781250e+00
7.326951026916503906e+00
7.392341136932373047e+00
7.555816650390625000e+00
7.392341136932373047e+00
7.621207237243652344e+00
8.340499877929687500e+00
8.209718704223632812e+00
8.046243667602539062e+00
8.569365501403808594e+00
7.196170806884765625e+00
7.719292163848876953e+00
7.751987457275390625e+00
7.228865623474121094e+00
7.653902053833007812e+00
7.948158264160156250e+00
7.261560916900634766e+00
8.602060317993164062e+00
7.588511943817138672e+00
7.196170806884765625e+00
7.425036430358886719e+00
8.275109291076660156e+00
8.438584327697753906e+00
7.948158264160156250e+00
8.177023887634277344e+00
7.882767677307128906e+00
7.719292163848876953e+00
8.536669731140136719e+00
7.359646320343017578e+00
8.536669731140136719e+00
7.817377567291259766e+00
8.144329071044921875e+00
7.163475513458251953e+00
8.078938484191894531e+00
7.490426540374755859e+00
7.915462970733642578e+00
7.457731246948242188e+00
7.163475513458251953e+00
7.228865623474121094e+00
7.163475513458251953e+00
7.523121833801269531e+00
7.523121833801269531e+00
7.621207237243652344e+00
8.373194694519042969e+00
7.915462970733642578e+00
7.686597347259521484e+00
7.425036430358886719e+00
7.555816650390625000e+00
7.294256210327148438e+00
7.457731246948242188e+00
7.980853080749511719e+00
7.261560916900634766e+00
7.784682750701904297e+00
8.471280097961425781e+00
8.503974914550781250e+00
7.163475513458251953e+00
7.163475513458251953e+00
8.307804107666015625e+00
7.196170806884765625e+00
7.882767677307128906e+00
8.242414474487304688e+00
7.850072860717773438e+00
8.111633300781250000e+00
8.569365501403808594e+00
7.686597347259521484e+00
7.392341136932373047e+00
7.588511943817138672e+00
7.751987457275390625e+00
7.588511943817138672e+00
7.653902053833007812e+00
7.326951026916503906e+00
8.471280097961425781e+00
7.196170806884765625e+00
7.228865623474121094e+00
8.013547897338867188e+00
8.405889511108398438e+00
7.163475513458251953e+00
7.719292163848876953e+00
7.163475513458251953e+00
7.326951026916503906e+00
8.503974914550781250e+00
8.209718704223632812e+00
7.294256210327148438e+00
7.490426540374755859e+00
7.621207237243652344e+00
8.438584327697753906e+00
7.523121833801269531e+00
7.817377567291259766e+00
7.457731246948242188e+00
7.850072860717773438e+00
7.882767677307128906e+00
8.177023887634277344e+00
7.555816650390625000e+00
7.359646320343017578e+00
7.359646320343017578e+00
8.340499877929687500e+00
8.405889511108398438e+00
7.261560916900634766e+00
7.686597347259521484e+00
8.046243667602539062e+00
7.425036430358886719e+00
8.602060317993164062e+00
8.275109291076660156e+00
7.784682750701904297e+00
8.144329071044921875e+00
7.948158264160156250e+00
8.373194694519042969e+00
7.588511943817138672e+00
7.490426540374755859e+00
8.438584327697753906e+00
7.163475513458251953e+00
7.915462970733642578e+00
7.653902053833007812e+00
8.340499877929687500e+00
7.228865623474121094e+00
7.196170806884765625e+00
8.536669731140136719e+00
7.392341136932373047e+00
7.751987457275390625e+00
7.850072860717773438e+00
7.294256210327148438e+00
7.261560916900634766e+00
7.163475513458251953e+00
7.392341136932373047e+00
8.307804107666015625e+00
7.621207237243652344e+00
7.817377567291259766e+00
8.078938484191894531e+00
7.653902053833007812e+00
8.373194694519042969e+00
7.523121833801269531e+00
7.326951026916503906e+00
7.555816650390625000e+00
7.719292163848876953e+00
8.275109291076660156e+00
7.490426540374755859e+00
7.555816650390625000e+00
7.196170806884765625e+00
7.980853080749511719e+00
8.471280097961425781e+00
8.242414474487304688e+00
7.228865623474121094e+00
7.686597347259521484e+00
7.457731246948242188e+00
7.817377567291259766e+00
7.163475513458251953e+00
8.307804107666015625e+00
7.425036430358886719e+00
7.588511943817138672e+00
8.242414474487304688e+00
7.653902053833007812e+00
7.882767677307128906e+00
8.569365501403808594e+00
7.359646320343017578e+00
8.111633300781250000e+00
7.130780220031738281e+00
8.209718704223632812e+00
7.425036430358886719e+00
7.784682750701904297e+00
8.209718704223632812e+00
7.130780220031738281e+00
7.621207237243652344e+00
7.130780220031738281e+00
8.177023887634277344e+00
7.784682750701904297e+00
8.405889511108398438e+00
8.013547897338867188e+00
8.503974914550781250e+00
7.915462970733642578e+00
7.751987457275390625e+00
7.163475513458251953e+00
8.177023887634277344e+00
7.555816650390625000e+00
7.850072860717773438e+00
7.523121833801269531e+00
7.130780220031738281e+00
7.130780220031738281e+00
7.719292163848876953e+00
7.686597347259521484e+00
7.196170806884765625e+00
7.392341136932373047e+00
7.653902053833007812e+00
8.340499877929687500e+00
7.490426540374755859e+00
7.294256210327148438e+00
7.163475513458251953e+00
8.275109291076660156e+00
8.602060317993164062e+00
7.294256210327148438e+00
7.948158264160156250e+00
7.457731246948242188e+00
8.046243667602539062e+00
7.588511943817138672e+00
8.144329071044921875e+00
7.261560916900634766e+00
8.144329071044921875e+00
7.261560916900634766e+00
7.326951026916503906e+00
8.438584327697753906e+00
7.457731246948242188e+00
7.326951026916503906e+00
7.621207237243652344e+00
7.817377567291259766e+00
8.536669731140136719e+00
7.621207237243652344e+00
7.228865623474121094e+00
7.130780220031738281e+00
8.111633300781250000e+00
7.751987457275390625e+00
7.130780220031738281e+00
7.228865623474121094e+00
7.523121833801269531e+00
7.882767677307128906e+00
7.686597347259521484e+00
7.359646320343017578e+00
7.425036430358886719e+00
7.653902053833007812e+00
7.784682750701904297e+00
7.719292163848876953e+00
8.242414474487304688e+00
8.078938484191894531e+00
8.373194694519042969e+00
7.196170806884765625e+00
7.359646320343017578e+00
7.751987457275390625e+00
8.078938484191894531e+00
7.980853080749511719e+00
7.523121833801269531e+00
7.555816650390625000e+00
8.471280097961425781e+00
8.307804107666015625e+00
8.209718704223632812e+00
7.163475513458251953e+00
8.569365501403808594e+00
7.915462970733642578e+00
7.850072860717773438e+00
7.392341136932373047e+00
7.588511943817138672e+00
7.490426540374755859e+00
7.130780220031738281e+00
8.177023887634277344e+00
8.046243667602539062e+00
7.196170806884765625e+00
7.686597347259521484e+00
7.621207237243652344e+00
8.111633300781250000e+00
7.163475513458251953e+00
7.392341136932373047e+00
7.719292163848876953e+00
8.013547897338867188e+00
7.130780220031738281e+00
8.405889511108398438e+00
7.457731246948242188e+00
7.294256210327148438e+00
7.719292163848876953e+00
8.503974914550781250e+00
7.653902053833007812e+00
7.817377567291259766e+00
7.326951026916503906e+00
7.751987457275390625e+00
7.261560916900634766e+00
7.784682750701904297e+00
8.340499877929687500e+00
7.588511943817138672e+00
8.275109291076660156e+00
7.948158264160156250e+00
8.602060317993164062e+00
8.013547897338867188e+00
7.882767677307128906e+00
7.425036430358886719e+00
7.359646320343017578e+00
7.686597347259521484e+00
7.523121833801269531e+00
8.046243667602539062e+00
7.228865623474121094e+00
7.130780220031738281e+00
7.555816650390625000e+00
8.438584327697753906e+00
7.719292163848876953e+00
8.144329071044921875e+00
7.490426540374755859e+00
8.536669731140136719e+00
7.425036430358886719e+00
8.242414474487304688e+00
7.588511943817138672e+00
7.490426540374755859e+00
7.163475513458251953e+00
7.751987457275390625e+00
7.850072860717773438e+00
7.098085403442382812e+00
7.261560916900634766e+00
7.392341136932373047e+00
8.209718704223632812e+00
7.621207237243652344e+00
7.980853080749511719e+00
7.098085403442382812e+00
7.980853080749511719e+00
7.228865623474121094e+00
8.373194694519042969e+00
7.098085403442382812e+00
7.294256210327148438e+00
7.784682750701904297e+00
7.653902053833007812e+00
7.817377567291259766e+00
7.915462970733642578e+00
7.196170806884765625e+00
7.130780220031738281e+00
8.307804107666015625e+00
8.078938484191894531e+00
7.686597347259521484e+00
7.196170806884765625e+00
8.471280097961425781e+00
7.457731246948242188e+00
7.098085403442382812e+00
7.719292163848876953e+00
7.294256210327148438e+00
7.686597347259521484e+00
8.569365501403808594e+00
7.326951026916503906e+00
7.098085403442382812e+00
8.177023887634277344e+00
7.130780220031738281e+00
7.326951026916503906e+00
7.163475513458251953e+00
7.751987457275390625e+00
8.013547897338867188e+00
7.261560916900634766e+00
7.882767677307128906e+00
7.948158264160156250e+00
7.359646320343017578e+00
8.405889511108398438e+00
7.425036430358886719e+00
7.523121833801269531e+00
8.111633300781250000e+00
7.948158264160156250e+00
7.555816650390625000e+00
8.503974914550781250e+00
7.098085403442382812e+00
7.784682750701904297e+00
8.275109291076660156e+00
7.555816650390625000e+00
8.340499877929687500e+00
7.850072860717773438e+00
7.817377567291259766e+00
7.490426540374755859e+00
8.602060317993164062e+00
7.163475513458251953e+00
7.228865623474121094e+00
7.098085403442382812e+00
7.588511943817138672e+00
7.719292163848876953e+00
7.621207237243652344e+00
7.915462970733642578e+00
7.359646320343017578e+00
8.046243667602539062e+00
7.653902053833007812e+00
7.130780220031738281e+00
8.242414474487304688e+00
7.457731246948242188e+00
7.392341136932373047e+00
7.751987457275390625e+00
8.438584327697753906e+00
7.915462970733642578e+00
8.536669731140136719e+00
7.686597347259521484e+00
7.980853080749511719e+00
8.209718704223632812e+00
8.144329071044921875e+00
7.653902053833007812e+00
7.098085403442382812e+00
7.196170806884765625e+00
7.784682750701904297e+00
8.373194694519042969e+00
7.130780220031738281e+00
7.457731246948242188e+00
8.307804107666015625e+00
7.294256210327148438e+00
7.882767677307128906e+00
7.326951026916503906e+00
7.882767677307128906e+00
7.817377567291259766e+00
7.850072860717773438e+00
8.078938484191894531e+00
8.471280097961425781e+00
7.719292163848876953e+00
8.569365501403808594e+00
7.392341136932373047e+00
7.261560916900634766e+00
7.098085403442382812e+00
7.359646320343017578e+00
7.948158264160156250e+00
8.013547897338867188e+00
7.751987457275390625e+00
7.425036430358886719e+00
7.523121833801269531e+00
7.555816650390625000e+00
8.177023887634277344e+00
7.228865623474121094e+00
8.405889511108398438e+00
8.275109291076660156e+00
7.196170806884765625e+00
7.163475513458251953e+00
7.130780220031738281e+00
7.784682750701904297e+00
7.490426540374755859e+00
7.850072860717773438e+00
7.915462970733642578e+00
8.340499877929687500e+00
8.503974914550781250e+00
7.261560916900634766e+00
7.523121833801269531e+00
7.588511943817138672e+00
7.098085403442382812e+00
7.163475513458251953e+00
8.111633300781250000e+00
7.621207237243652344e+00
7.653902053833007812e+00
7.817377567291259766e+00
7.228865623474121094e+00
8.602060317993164062e+00
7.882767677307128906e+00
7.686597347259521484e+00
8.242414474487304688e+00
7.850072860717773438e+00
8.046243667602539062e+00
7.392341136932373047e+00
7.980853080749511719e+00
7.294256210327148438e+00
8.438584327697753906e+00
8.536669731140136719e+00
7.751987457275390625e+00
7.457731246948242188e+00
7.719292163848876953e+00
7.098085403442382812e+00
7.294256210327148438e+00
7.621207237243652344e+00
8.373194694519042969e+00
7.326951026916503906e+00
7.130780220031738281e+00
8.209718704223632812e+00
7.196170806884765625e+00
8.307804107666015625e+00
7.817377567291259766e+00
7.784682750701904297e+00
7.948158264160156250e+00
8.144329071044921875e+00
7.425036430358886719e+00
7.065390110015869141e+00
7.065390110015869141e+00
7.915462970733642578e+00
8.078938484191894531e+00
7.817377567291259766e+00
7.261560916900634766e+00
7.065390110015869141e+00
8.471280097961425781e+00
8.013547897338867188e+00
7.882767677307128906e+00
8.569365501403808594e+00
7.850072860717773438e+00
7.359646320343017578e+00
7.130780220031738281e+00
7.065390110015869141e+00
7.326951026916503906e+00
7.098085403442382812e+00
7.425036430358886719e+00
8.602060317993164062e+00
8.405889511108398438e+00
8.275109291076660156e+00
7.523121833801269531e+00
7.163475513458251953e+00
7.065390110015869141e+00
7.555816650390625000e+00
8.340499877929687500e+00
7.751987457275390625e+00
8.503974914550781250e+00
7.490426540374755859e+00
8.177023887634277344e+00
7.588511943817138672e+00
7.980853080749511719e+00
7.653902053833007812e+00
7.784682750701904297e+00
7.621207237243652344e+00
8.602060317993164062e+00
7.686597347259521484e+00
8.111633300781250000e+00
7.065390110015869141e+00
7.784682750701904297e+00
8.046243667602539062e+00
8.242414474487304688e+00
7.098085403442382812e+00
7.915462970733642578e+00
7.228865623474121094e+00
7.948158264160156250e+00
7.490426540374755859e+00
7.817377567291259766e+00
8.569365501403808594e+00
7.719292163848876953e+00
7.882767677307128906e+00
7.392341136932373047e+00
7.850072860717773438e+00
8.438584327697753906e+00
8.536669731140136719e+00
7.457731246948242188e+00
7.294256210327148438e+00
8.373194694519042969e+00
7.359646320343017578e+00
8.307804107666015625e+00
7.326951026916503906e+00
7.065390110015869141e+00
7.588511943817138672e+00
8.013547897338867188e+00
8.078938484191894531e+00
8.209718704223632812e+00
8.144329071044921875e+00
7.196170806884765625e+00
7.163475513458251953e+00
7.196170806884765625e+00
7.065390110015869141e+00
7.261560916900634766e+00
7.130780220031738281e+00
8.536669731140136719e+00
8.471280097961425781e+00
8.569365501403808594e+00
7.098085403442382812e+00
7.915462970733642578e+00
7.228865623474121094e+00
7.751987457275390625e+00
7.784682750701904297e+00
7.751987457275390625e+00
7.948158264160156250e+00
8.275109291076660156e+00
8.405889511108398438e+00
7.130780220031738281e+00
7.359646320343017578e+00
7.980853080749511719e+00
7.882767677307128906e+00
7.817377567291259766e+00
8.340499877929687500e+00
7.098085403442382812e+00
7.850072860717773438e+00
7.425036430358886719e+00
8.046243667602539062e+00
8.503974914550781250e+00
8.111633300781250000e+00
8.503974914550781250e+00
8.602060317993164062e+00
8.177023887634277344e+00
7.065390110015869141e+00
7.523121833801269531e+00
7.163475513458251953e+00
7.261560916900634766e+00
8.242414474487304688e+00
7.555816650390625000e+00
7.686597347259521484e+00
7.653902053833007812e+00
7.588511943817138672e+00
7.490426540374755859e+00
8.438584327697753906e+00
7.621207237243652344e+00
7.392341136932373047e+00
7.228865623474121094e+00
7.719292163848876953e+00
8.536669731140136719e+00
7.915462970733642578e+00
8.471280097961425781e+00
7.948158264160156250e+00
7.065390110015869141e+00
8.013547897338867188e+00
8.373194694519042969e+00
8.307804107666015625e+00
8.078938484191894531e+00
8.144329071044921875e+00
7.457731246948242188e+00
7.294256210327148438e+00
7.392341136932373047e+00
7.784682750701904297e+00
7.882767677307128906e+00
7.457731246948242188e+00
8.438584327697753906e+00
8.209718704223632812e+00
7.980853080749511719e+00
7.817377567291259766e+00
7.719292163848876953e+00
8.471280097961425781e+00
7.850072860717773438e+00
7.326951026916503906e+00
7.294256210327148438e+00
7.751987457275390625e+00
8.569365501403808594e+00
8.275109291076660156e+00
7.261560916900634766e+00
7.098085403442382812e+00
8.405889511108398438e+00
8.405889511108398438e+00
7.130780220031738281e+00
7.555816650390625000e+00
8.046243667602539062e+00
7.065390110015869141e+00
7.098085403442382812e+00
8.340499877929687500e+00
8.111633300781250000e+00
7.196170806884765625e+00
7.948158264160156250e+00
8.373194694519042969e+00
8.503974914550781250e+00
8.177023887634277344e+00
7.915462970733642578e+00
8.602060317993164062e+00
8.340499877929687500e+00
8.242414474487304688e+00
8.438584327697753906e+00
7.359646320343017578e+00
8.013547897338867188e+00
8.307804107666015625e+00
7.425036430358886719e+00
7.882767677307128906e+00
8.307804107666015625e+00
8.078938484191894531e+00
8.536669731140136719e+00
8.373194694519042969e+00
7.065390110015869141e+00
7.980853080749511719e+00
7.784682750701904297e+00
8.144329071044921875e+00
8.275109291076660156e+00
7.817377567291259766e+00
7.850072860717773438e+00
7.686597347259521484e+00
7.228865623474121094e+00
7.326951026916503906e+00
7.653902053833007812e+00
7.163475513458251953e+00
7.523121833801269531e+00
7.555816650390625000e+00
7.719292163848876953e+00
7.948158264160156250e+00
8.209718704223632812e+00
7.621207237243652344e+00
8.471280097961425781e+00
7.588511943817138672e+00
7.032695293426513672e+00
7.032695293426513672e+00
8.242414474487304688e+00
7.490426540374755859e+00
7.163475513458251953e+00
8.569365501403808594e+00
8.046243667602539062e+00
7.686597347259521484e+00
8.275109291076660156e+00
7.130780220031738281e+00
7.065390110015869141e+00
7.915462970733642578e+00
8.405889511108398438e+00
7.032695293426513672e+00
7.032695293426513672e+00
7.751987457275390625e+00
8.209718704223632812e+00
8.111633300781250000e+00
8.340499877929687500e+00
7.196170806884765625e+00
7.294256210327148438e+00
8.177023887634277344e+00
8.503974914550781250e+00
7.392341136932373047e+00
8.177023887634277344e+00
7.098085403442382812e+00
8.602060317993164062e+00
8.013547897338867188e+00
7.261560916900634766e+00
7.457731246948242188e+00
8.242414474487304688e+00
7.326951026916503906e+00
7.425036430358886719e+00
7.980853080749511719e+00
7.882767677307128906e+00
8.438584327697753906e+00
7.948158264160156250e+00
8.078938484191894531e+00
7.032695293426513672e+00
7.032695293426513672e+00
7.130780220031738281e+00
8.307804107666015625e+00
8.144329071044921875e+00
7.850072860717773438e+00
8.144329071044921875e+00
7.817377567291259766e+00
8.536669731140136719e+00
8.373194694519042969e+00
7.784682750701904297e+00
7.098085403442382812e+00
7.228865623474121094e+00
8.209718704223632812e+00
7.523121833801269531e+00
7.196170806884765625e+00
8.471280097961425781e+00
8.046243667602539062e+00
8.111633300781250000e+00
7.359646320343017578e+00
7.915462970733642578e+00
8.275109291076660156e+00
8.569365501403808594e+00
8.111633300781250000e+00
7.065390110015869141e+00
8.405889511108398438e+00
7.425036430358886719e+00
8.340499877929687500e+00
7.359646320343017578e+00
8.177023887634277344e+00
7.228865623474121094e+00
7.065390110015869141e+00
8.013547897338867188e+00
7.980853080749511719e+00
8.503974914550781250e+00
7.032695293426513672e+00
7.686597347259521484e+00
7.948158264160156250e+00
7.719292163848876953e+00
7.032695293426513672e+00
8.078938484191894531e+00
7.653902053833007812e+00
8.242414474487304688e+00
8.078938484191894531e+00
7.882767677307128906e+00
7.653902053833007812e+00
7.621207237243652344e+00
8.602060317993164062e+00
7.588511943817138672e+00
7.751987457275390625e+00
7.555816650390625000e+00
8.438584327697753906e+00
8.307804107666015625e+00
7.261560916900634766e+00
8.144329071044921875e+00
7.523121833801269531e+00
7.163475513458251953e+00
7.850072860717773438e+00
8.536669731140136719e+00
7.817377567291259766e+00
8.373194694519042969e+00
8.046243667602539062e+00
8.209718704223632812e+00
7.490426540374755859e+00
8.046243667602539062e+00
8.471280097961425781e+00
8.111633300781250000e+00
7.915462970733642578e+00
8.275109291076660156e+00
7.098085403442382812e+00
7.294256210327148438e+00
7.784682750701904297e+00
7.980853080749511719e+00
7.261560916900634766e+00
8.569365501403808594e+00
8.013547897338867188e+00
8.177023887634277344e+00
7.948158264160156250e+00
8.405889511108398438e+00
8.340499877929687500e+00
8.078938484191894531e+00
7.032695293426513672e+00
8.503974914550781250e+00
7.392341136932373047e+00
8.242414474487304688e+00
7.457731246948242188e+00
7.326951026916503906e+00
7.882767677307128906e+00
7.032695293426513672e+00
8.144329071044921875e+00
8.602060317993164062e+00
7.130780220031738281e+00
8.013547897338867188e+00
8.307804107666015625e+00
8.438584327697753906e+00
8.046243667602539062e+00
8.536669731140136719e+00
7.065390110015869141e+00
8.209718704223632812e+00
7.850072860717773438e+00
7.294256210327148438e+00
7.196170806884765625e+00
8.373194694519042969e+00
8.111633300781250000e+00
7.980853080749511719e+00
7.817377567291259766e+00
8.275109291076660156e+00
8.471280097961425781e+00
7.915462970733642578e+00
7.228865623474121094e+00
7.719292163848876953e+00
8.013547897338867188e+00
7.686597347259521484e+00
7.065390110015869141e+00
7.490426540374755859e+00
8.177023887634277344e+00
8.078938484191894531e+00
7.130780220031738281e+00
7.653902053833007812e+00
8.569365501403808594e+00
7.751987457275390625e+00
7.392341136932373047e+00
7.948158264160156250e+00
8.340499877929687500e+00
7.163475513458251953e+00
8.405889511108398438e+00
7.621207237243652344e+00
8.242414474487304688e+00
7.425036430358886719e+00
8.503974914550781250e+00
8.144329071044921875e+00
7.980853080749511719e+00
7.588511943817138672e+00
7.359646320343017578e+00
8.046243667602539062e+00
7.032695293426513672e+00
7.784682750701904297e+00
7.882767677307128906e+00
8.111633300781250000e+00
7.555816650390625000e+00
7.098085403442382812e+00
8.602060317993164062e+00
7.621207237243652344e+00
8.307804107666015625e+00
8.209718704223632812e+00
7.980853080749511719e+00
8.438584327697753906e+00
8.536669731140136719e+00
7.523121833801269531e+00
8.373194694519042969e+00
7.850072860717773438e+00
8.275109291076660156e+00
8.078938484191894531e+00
8.177023887634277344e+00
8.013547897338867188e+00
7.163475513458251953e+00
8.471280097961425781e+00
7.915462970733642578e+00
8.144329071044921875e+00
7.196170806884765625e+00
7.098085403442382812e+00
8.569365501403808594e+00
7.817377567291259766e+00
8.242414474487304688e+00
7.490426540374755859e+00
7.032695293426513672e+00
8.340499877929687500e+00
7.948158264160156250e+00
8.405889511108398438e+00
8.111633300781250000e+00
8.046243667602539062e+00
8.503974914550781250e+00
7.261560916900634766e+00
7.294256210327148438e+00
7.948158264160156250e+00
8.209718704223632812e+00
7.980853080749511719e+00
8.307804107666015625e+00
8.602060317993164062e+00
7.065390110015869141e+00
8.177023887634277344e+00
7.326951026916503906e+00
7.882767677307128906e+00
8.438584327697753906e+00
8.078938484191894531e+00
8.536669731140136719e+00
8.013547897338867188e+00
8.275109291076660156e+00
7.392341136932373047e+00
8.373194694519042969e+00
8.144329071044921875e+00
7.457731246948242188e+00
7.719292163848876953e+00
8.242414474487304688e+00
7.751987457275390625e+00
7.686597347259521484e+00
8.471280097961425781e+00
7.196170806884765625e+00
8.111633300781250000e+00
7.850072860717773438e+00
7.326951026916503906e+00
8.569365501403808594e+00
7.130780220031738281e+00
8.340499877929687500e+00
7.915462970733642578e+00
7.653902053833007812e+00
7.032695293426513672e+00
8.046243667602539062e+00
8.209718704223632812e+00
7.784682750701904297e+00
7.980853080749511719e+00
8.405889511108398438e+00
7.228865623474121094e+00
8.503974914550781250e+00
7.948158264160156250e+00
8.177023887634277344e+00
8.307804107666015625e+00
7.621207237243652344e+00
7.915462970733642578e+00
8.078938484191894531e+00
8.144329071044921875e+00
8.013547897338867188e+00
8.602060317993164062e+00
8.275109291076660156e+00
7.817377567291259766e+00
7.228865623474121094e+00
8.536669731140136719e+00
8.438584327697753906e+00
7.588511943817138672e+00
8.242414474487304688e+00
8.373194694519042969e+00
8.111633300781250000e+00
7.882767677307128906e+00
7.065390110015869141e+00
8.209718704223632812e+00
8.046243667602539062e+00
8.471280097961425781e+00
8.340499877929687500e+00
8.177023887634277344e+00
7.000000000000000000e+00
7.555816650390625000e+00
8.569365501403808594e+00
7.980853080749511719e+00
7.000000000000000000e+00
8.144329071044921875e+00
7.457731246948242188e+00
8.307804107666015625e+00
7.425036430358886719e+00
8.405889511108398438e+00
7.915462970733642578e+00
8.078938484191894531e+00
8.503974914550781250e+00
8.275109291076660156e+00
8.013547897338867188e+00
7.850072860717773438e+00
7.000000000000000000e+00
8.242414474487304688e+00
7.948158264160156250e+00
8.602060317993164062e+00
8.209718704223632812e+00
7.588511943817138672e+00
8.111633300781250000e+00
7.882767677307128906e+00
7.523121833801269531e+00
7.359646320343017578e+00
8.536669731140136719e+00
8.373194694519042969e+00
8.177023887634277344e+00
8.438584327697753906e+00
7.000000000000000000e+00
8.046243667602539062e+00
8.340499877929687500e+00
8.144329071044921875e+00
8.307804107666015625e+00
7.032695293426513672e+00
8.471280097961425781e+00
8.569365501403808594e+00
8.275109291076660156e+00
7.980853080749511719e+00
7.882767677307128906e+00
8.078938484191894531e+00
8.242414474487304688e+00
7.751987457275390625e+00
8.209718704223632812e+00
8.013547897338867188e+00
7.098085403442382812e+00
8.405889511108398438e+00
7.719292163848876953e+00
8.503974914550781250e+00
7.784682750701904297e+00
8.177023887634277344e+00
8.111633300781250000e+00
7.163475513458251953e+00
7.000000000000000000e+00
7.490426540374755859e+00
7.686597347259521484e+00
8.602060317993164062e+00
8.373194694519042969e+00
7.817377567291259766e+00
7.915462970733642578e+00
7.065390110015869141e+00
8.536669731140136719e+00
8.340499877929687500e+00
8.144329071044921875e+00
8.438584327697753906e+00
7.032695293426513672e+00
8.046243667602539062e+00
8.307804107666015625e+00
8.275109291076660156e+00
8.242414474487304688e+00
7.948158264160156250e+00
7.653902053833007812e+00
7.261560916900634766e+00
8.209718704223632812e+00
7.261560916900634766e+00
7.000000000000000000e+00
8.471280097961425781e+00
8.569365501403808594e+00
8.078938484191894531e+00
8.177023887634277344e+00
7.850072860717773438e+00
8.405889511108398438e+00
8.013547897338867188e+00
7.294256210327148438e+00
7.980853080749511719e+00
8.503974914550781250e+00
7.196170806884765625e+00
8.111633300781250000e+00
8.373194694519042969e+00
7.850072860717773438e+00
8.340499877929687500e+00
7.621207237243652344e+00
8.307804107666015625e+00
8.275109291076660156e+00
8.242414474487304688e+00
8.602060317993164062e+00
8.144329071044921875e+00
8.209718704223632812e+00
8.536669731140136719e+00
7.359646320343017578e+00
8.046243667602539062e+00
8.438584327697753906e+00
7.392341136932373047e+00
7.882767677307128906e+00
8.177023887634277344e+00
7.130780220031738281e+00
8.078938484191894531e+00
8.471280097961425781e+00
8.569365501403808594e+00
8.405889511108398438e+00
8.373194694519042969e+00
8.275109291076660156e+00
8.307804107666015625e+00
8.340499877929687500e+00
8.242414474487304688e+00
7.457731246948242188e+00
7.915462970733642578e+00
8.503974914550781250e+00
8.111633300781250000e+00
7.588511943817138672e+00
8.013547897338867188e+00
8.209718704223632812e+00
7.228865623474121094e+00
7.098085403442382812e+00
7.948158264160156250e+00
8.602060317993164062e+00
8.144329071044921875e+00
8.536669731140136719e+00
8.438584327697753906e+00
8.046243667602539062e+00
8.307804107666015625e+00
8.275109291076660156e+00
8.405889511108398438e+00
8.340499877929687500e+00
8.177023887634277344e+00
8.373194694519042969e+00
8.242414474487304688e+00
7.980853080749511719e+00
7.000000000000000000e+00
8.569365501403808594e+00
8.471280097961425781e+00
7.130780220031738281e+00
8.078938484191894531e+00
8.209718704223632812e+00
7.326951026916503906e+00
8.503974914550781250e+00
8.111633300781250000e+00
8.307804107666015625e+00
8.340499877929687500e+00
8.438584327697753906e+00
8.373194694519042969e+00
8.275109291076660156e+00
8.405889511108398438e+00
8.602060317993164062e+00
8.536669731140136719e+00
7.000000000000000000e+00
7.555816650390625000e+00
8.144329071044921875e+00
8.242414474487304688e+00
8.013547897338867188e+00
7.817377567291259766e+00
7.784682750701904297e+00
8.471280097961425781e+00
8.569365501403808594e+00
8.177023887634277344e+00
7.850072860717773438e+00
7.751987457275390625e+00
8.340499877929687500e+00
8.373194694519042969e+00
8.307804107666015625e+00
8.046243667602539062e+00
8.405889511108398438e+00
8.503974914550781250e+00
8.438584327697753906e+00
8.209718704223632812e+00
8.275109291076660156e+00
7.163475513458251953e+00
8.536669731140136719e+00
7.882767677307128906e+00
8.602060317993164062e+00
8.078938484191894531e+00
7.719292163848876953e+00
8.242414474487304688e+00
7.915462970733642578e+00
8.373194694519042969e+00
8.471280097961425781e+00
8.405889511108398438e+00
8.340499877929687500e+00
8.569365501403808594e+00
8.111633300781250000e+00
8.438584327697753906e+00
8.307804107666015625e+00
7.948158264160156250e+00
8.503974914550781250e+00
7.817377567291259766e+00
8.144329071044921875e+00
8.275109291076660156e+00
8.536669731140136719e+00
7.980853080749511719e+00
8.405889511108398438e+00
8.373194694519042969e+00
8.602060317993164062e+00
8.177023887634277344e+00
8.438584327697753906e+00
8.471280097961425781e+00
8.340499877929687500e+00
7.686597347259521484e+00
8.569365501403808594e+00
8.209718704223632812e+00
8.307804107666015625e+00
8.503974914550781250e+00
8.013547897338867188e+00
8.405889511108398438e+00
8.438584327697753906e+00
8.242414474487304688e+00
8.471280097961425781e+00
8.373194694519042969e+00
8.536669731140136719e+00
7.523121833801269531e+00
8.602060317993164062e+00
8.046243667602539062e+00
8.340499877929687500e+00
8.569365501403808594e+00
8.438584327697753906e+00
8.275109291076660156e+00
8.503974914550781250e+00
8.471280097961425781e+00
8.078938484191894531e+00
8.405889511108398438e+00
8.536669731140136719e+00
7.425036430358886719e+00
8.111633300781250000e+00
8.373194694519042969e+00
8.602060317993164062e+00
8.471280097961425781e+00
8.307804107666015625e+00
8.569365501403808594e+00
8.438584327697753906e+00
8.503974914550781250e+00
8.144329071044921875e+00
8.405889511108398438e+00
8.177023887634277344e+00
8.536669731140136719e+00
7.653902053833007812e+00
8.340499877929687500e+00
8.471280097961425781e+00
7.032695293426513672e+00
8.503974914550781250e+00
8.602060317993164062e+00
8.209718704223632812e+00
8.569365501403808594e+00
8.438584327697753906e+00
8.373194694519042969e+00
8.242414474487304688e+00
8.536669731140136719e+00
8.503974914550781250e+00
8.471280097961425781e+00
8.602060317993164062e+00
8.569365501403808594e+00
8.275109291076660156e+00
8.405889511108398438e+00
7.294256210327148438e+00
8.536669731140136719e+00
8.503974914550781250e+00
8.307804107666015625e+00
8.438584327697753906e+00
8.602060317993164062e+00
8.569365501403808594e+00
7.425036430358886719e+00
8.471280097961425781e+00
8.340499877929687500e+00
8.536669731140136719e+00
7.065390110015869141e+00
8.602060317993164062e+00
8.503974914550781250e+00
8.373194694519042969e+00
8.569365501403808594e+00
8.405889511108398438e+00
8.536669731140136719e+00
7.359646320343017578e+00
8.602060317993164062e+00
8.438584327697753906e+00
7.555816650390625000e+00
7.980853080749511719e+00
8.013547897338867188e+00
7.948158264160156250e+00
8.569365501403808594e+00
8.046243667602539062e+00
8.471280097961425781e+00
8.078938484191894531e+00
8.111633300781250000e+00
7.915462970733642578e+00
8.503974914550781250e+00
8.144329071044921875e+00
8.602060317993164062e+00
7.032695293426513672e+00
8.177023887634277344e+00
8.536669731140136719e+00
8.209718704223632812e+00
8.242414474487304688e+00
7.882767677307128906e+00
7.621207237243652344e+00
8.569365501403808594e+00
8.275109291076660156e+00
8.307804107666015625e+00
8.602060317993164062e+00
7.065390110015869141e+00
8.340499877929687500e+00
8.373194694519042969e+00
8.405889511108398438e+00
8.438584327697753906e+00
7.850072860717773438e+00
8.471280097961425781e+00
8.503974914550781250e+00
8.536669731140136719e+00
8.569365501403808594e+00
7.098085403442382812e+00
8.602060317993164062e+00
7.000000000000000000e+00
7.000000000000000000e+00
7.490426540374755859e+00
7.817377567291259766e+00
8.602060317993164062e+00
8.569365501403808594e+00
8.536669731140136719e+00
8.503974914550781250e+00
8.471280097961425781e+00
7.196170806884765625e+00
8.438584327697753906e+00
8.405889511108398438e+00
7.163475513458251953e+00
8.373194694519042969e+00
8.340499877929687500e+00
8.307804107666015625e+00
7.784682750701904297e+00
8.275109291076660156e+00
8.242414474487304688e+00
8.209718704223632812e+00
8.177023887634277344e+00
8.144329071044921875e+00
8.111633300781250000e+00
8.078938484191894531e+00
8.046243667602539062e+00
7.588511943817138672e+00
7.751987457275390625e+00
8.013547897338867188e+00
7.784682750701904297e+00
7.261560916900634766e+00
7.196170806884765625e+00
7.980853080749511719e+00
7.948158264160156250e+00
7.719292163848876953e+00
7.915462970733642578e+00
7.294256210327148438e+00
7.392341136932373047e+00
7.228865623474121094e+00
7.882767677307128906e+00
7.686597347259521484e+00
7.555816650390625000e+00
7.457731246948242188e+00
7.850072860717773438e+00
7.817377567291259766e+00
7.653902053833007812e+00
7.130780220031738281e+00
7.000000000000000000e+00
7.326951026916503906e+00
7.032695293426513672e+00
7.784682750701904297e+00
7.523121833801269531e+00
7.621207237243652344e+00
7.000000000000000000e+00
7.751987457275390625e+00
7.751987457275390625e+00
7.425036430358886719e+00
7.228865623474121094e+00
7.065390110015869141e+00
7.719292163848876953e+00
7.196170806884765625e+00
7.588511943817138672e+00
7.326951026916503906e+00
7.490426540374755859e+00
7.359646320343017578e+00
7.098085403442382812e+00
7.163475513458251953e+00
7.523121833801269531e+00
7.686597347259521484e+00
7.032695293426513672e+00
7.392341136932373047e+00
7.098085403442382812e+00
7.000000000000000000e+00
7.130780220031738281e+00
7.555816650390625000e+00
7.261560916900634766e+00
7.653902053833007812e+00
7.228865623474121094e+00
7.032695293426513672e+00
7.719292163848876953e+00
7.457731246948242188e+00
7.392341136932373047e+00
7.065390110015869141e+00
7.294256210327148438e+00
7.621207237243652344e+00
7.261560916900634766e+00
7.130780220031738281e+00
7.523121833801269531e+00
7.000000000000000000e+00
7.326951026916503906e+00
7.163475513458251953e+00
7.196170806884765625e+00
7.065390110015869141e+00
7.588511943817138672e+00
7.163475513458251953e+00
7.000000000000000000e+00
7.425036430358886719e+00
7.490426540374755859e+00
7.098085403442382812e+00
7.359646320343017578e+00
7.490426540374755859e+00
7.686597347259521484e+00
7.555816650390625000e+00
7.032695293426513672e+00
7.032695293426513672e+00
7.261560916900634766e+00
7.228865623474121094e+00
7.196170806884765625e+00
7.457731246948242188e+00
7.294256210327148438e+00
7.392341136932373047e+00
7.359646320343017578e+00
7.000000000000000000e+00
7.000000000000000000e+00
7.294256210327148438e+00
7.130780220031738281e+00
7.523121833801269531e+00
7.163475513458251953e+00
7.196170806884765625e+00
7.065390110015869141e+00
7.228865623474121094e+00
7.196170806884765625e+00
7.163475513458251953e+00
7.359646320343017578e+00
7.130780220031738281e+00
7.326951026916503906e+00
7.032695293426513672e+00
7.425036430358886719e+00
7.392341136932373047e+00
7.359646320343017578e+00
7.326951026916503906e+00
7.294256210327148438e+00
7.261560916900634766e+00
7.065390110015869141e+00
7.294256210327148438e+00
7.098085403442382812e+00
7.098085403442382812e+00
7.163475513458251953e+00
7.196170806884765625e+00
7.228865623474121094e+00
7.261560916900634766e+00
7.130780220031738281e+00
7.000000000000000000e+00
7.000000000000000000e+00
7.032695293426513672e+00
7.359646320343017578e+00
7.326951026916503906e+00
7.294256210327148438e+00
7.196170806884765625e+00
7.228865623474121094e+00
7.261560916900634766e+00
7.294256210327148438e+00
7.326951026916503906e+00
7.228865623474121094e+00
7.490426540374755859e+00
7.457731246948242188e+00
7.425036430358886719e+00
7.392341136932373047e+00
7.196170806884765625e+00
7.163475513458251953e+00
7.130780220031738281e+00
7.098085403442382812e+00
7.163475513458251953e+00
7.130780220031738281e+00
7.098085403442382812e+00
7.065390110015869141e+00
7.065390110015869141e+00
7.032695293426513672e+00
7.000000000000000000e+00
7.000000000000000000e+00
7.032695293426513672e+00
7.065390110015869141e+00
7.261560916900634766e+00
8.602060317993164062e+00
7.032695293426513672e+00
7.228865623474121094e+00
7.392341136932373047e+00
7.425036430358886719e+00
7.457731246948242188e+00
7.000000000000000000e+00
7.032695293426513672e+00
7.065390110015869141e+00
7.098085403442382812e+00
7.130780220031738281e+00
7.163475513458251953e+00
7.196170806884765625e+00
7.261560916900634766e+00
7.163475513458251953e+00
7.294256210327148438e+00
7.326951026916503906e+00
7.359646320343017578e+00
7.392341136932373047e+00
7.425036430358886719e+00
7.457731246948242188e+00
7.490426540374755859e+00
7.523121833801269531e+00
7.555816650390625000e+00
7.588511943817138672e+00
7.359646320343017578e+00
7.326951026916503906e+00
7.294256210327148438e+00
7.261560916900634766e+00
7.228865623474121094e+00
7.261560916900634766e+00
7.000000000000000000e+00
7.032695293426513672e+00
7.065390110015869141e+00
7.098085403442382812e+00
7.130780220031738281e+00
7.163475513458251953e+00
7.196170806884765625e+00
7.228865623474121094e+00
7.261560916900634766e+00
7.294256210327148438e+00
7.326951026916503906e+00
7.000000000000000000e+00
7.032695293426513672e+00
7.065390110015869141e+00
7.098085403442382812e+00
7.130780220031738281e+00
7.163475513458251953e+00
7.196170806884765625e+00
7.228865623474121094e+00
7.621207237243652344e+00
7.653902053833007812e+00
7.000000000000000000e+00
7.817377567291259766e+00
7.882767677307128906e+00
7.915462970733642578e+00
7.948158264160156250e+00
7.980853080749511719e+00
8.013547897338867188e+00
8.046243667602539062e+00
8.078938484191894531e+00
8.111633300781250000e+00
8.144329071044921875e+00
8.177023887634277344e+00
8.209718704223632812e+00
8.242414474487304688e+00
8.275109291076660156e+00
8.307804107666015625e+00
8.340499877929687500e+00
8.373194694519042969e+00
8.405889511108398438e+00
8.438584327697753906e+00
8.471280097961425781e+00
8.503974914550781250e+00
8.536669731140136719e+00
7.850072860717773438e+00
7.784682750701904297e+00
7.032695293426513672e+00
7.751987457275390625e+00
7.065390110015869141e+00
7.098085403442382812e+00
7.130780220031738281e+00
7.163475513458251953e+00
7.196170806884765625e+00
7.228865623474121094e+00
7.261560916900634766e+00
7.294256210327148438e+00
7.326951026916503906e+00
7.359646320343017578e+00
7.392341136932373047e+00
7.425036430358886719e+00
7.457731246948242188e+00
7.490426540374755859e+00
7.523121833801269531e+00
7.555816650390625000e+00
7.588511943817138672e+00
7.621207237243652344e+00
7.653902053833007812e+00
7.686597347259521484e+00
7.719292163848876953e+00
7.196170806884765625e+00
7.130780220031738281e+00
7.065390110015869141e+00
7.065390110015869141e+00
7.130780220031738281e+00
7.163475513458251953e+00
7.000000000000000000e+00
7.032695293426513672e+00
7.065390110015869141e+00
7.098085403442382812e+00
7.130780220031738281e+00
7.163475513458251953e+00
7.000000000000000000e+00
7.032695293426513672e+00
7.098085403442382812e+00
7.098085403442382812e+00
7.130780220031738281e+00
7.000000000000000000e+00
7.032695293426513672e+00
7.065390110015869141e+00
7.098085403442382812e+00
7.130780220031738281e+00
7.000000000000000000e+00
7.032695293426513672e+00
7.065390110015869141e+00
7.098085403442382812e+00
7.098085403442382812e+00
7.065390110015869141e+00
7.032695293426513672e+00
7.000000000000000000e+00
7.098085403442382812e+00
7.130780220031738281e+00
7.163475513458251953e+00
7.196170806884765625e+00
7.228865623474121094e+00
7.261560916900634766e+00
7.000000000000000000e+00
7.032695293426513672e+00
7.065390110015869141e+00
7.098085403442382812e+00
7.130780220031738281e+00
7.163475513458251953e+00
7.196170806884765625e+00
7.228865623474121094e+00
7.000000000000000000e+00
7.032695293426513672e+00
7.065390110015869141e+00
7.098085403442382812e+00
7.130780220031738281e+00
7.163475513458251953e+00
7.196170806884765625e+00
7.000000000000000000e+00
7.032695293426513672e+00
7.065390110015869141e+00
7.098085403442382812e+00
7.032695293426513672e+00
7.065390110015869141e+00
7.098085403442382812e+00
7.130780220031738281e+00
7.000000000000000000e+00
7.032695293426513672e+00
7.065390110015869141e+00
7.098085403442382812e+00
7.130780220031738281e+00
7.163475513458251953e+00
7.000000000000000000e+00
7.032695293426513672e+00
7.065390110015869141e+00
7.098085403442382812e+00
7.130780220031738281e+00
7.163475513458251953e+00
7.196170806884765625e+00
7.228865623474121094e+00
7.000000000000000000e+00
7.032695293426513672e+00
7.065390110015869141e+00
7.000000000000000000e+00
7.065390110015869141e+00
7.098085403442382812e+00
7.032695293426513672e+00
7.000000000000000000e+00
7.032695293426513672e+00
7.065390110015869141e+00
7.000000000000000000e+00
7.032695293426513672e+00
7.000000000000000000e+00
7.032695293426513672e+00
7.000000000000000000e+00
7.032695293426513672e+00
7.000000000000000000e+00
7.000000000000000000e+00
7.000000000000000000e+00
8.569365501403808594e+00
7.000000000000000000e+00
7.000000000000000000e+00
7.000000000000000000e+00
7.032695293426513672e+00
7.000000000000000000e+00
7.032695293426513672e+00
7.065390110015869141e+00
7.000000000000000000e+00
7.000000000000000000e+00
