-1.567014455795288086e-01
-1.567014455795288086e-01
-1.240062713623046875e-01
-1.240062713623046875e-01
-1.893965005874633789e-01
-1.567014455795288086e-01
-1.893965005874633789e-01
-1.893965005874633789e-01
-1.240062713623046875e-01
-1.567014455795288086e-01
-1.240062713623046875e-01
-9.131121635437011719e-02
-9.131121635437011719e-02
-9.131121635437011719e-02
-1.567014455795288086e-01
-2.220916748046875000e-01
-1.893965005874633789e-01
-1.893965005874633789e-01
-2.220916748046875000e-01
-1.240062713623046875e-01
-2.220916748046875000e-01
-9.131121635437011719e-02
-1.240062713623046875e-01
-9.131121635437011719e-02
-2.220916748046875000e-01
-1.567014455795288086e-01
-5.861616134643554688e-02
-5.861616134643554688e-02
-2.220916748046875000e-01
-2.547867298126220703e-01
-5.861616134643554688e-02
-2.547867298126220703e-01
-5.861616134643554688e-02
-1.567014455795288086e-01
-2.220916748046875000e-01
-1.893965005874633789e-01
-9.131121635437011719e-02
-1.893965005874633789e-01
-2.547867298126220703e-01
-2.547867298126220703e-01
-9.131121635437011719e-02
-1.240062713623046875e-01
-1.240062713623046875e-01
-2.220916748046875000e-01
-5.861616134643554688e-02
-2.547867298126220703e-01
-5.861616134643554688e-02
-1.567014455795288086e-01
-2.547867298126220703e-01
-1.893965005874633789e-01
-2.592098712921142578e-02
-2.592098712921142578e-02
-2.220916748046875000e-01
-2.874817848205566406e-01
-9.131121635437011719e-02
-9.131121635437011719e-02
-2.592098712921142578e-02
-5.861616134643554688e-02
-2.874817848205566406e-01
-2.592098712921142578e-02
-2.547867298126220703e-01
-5.861616134643554688e-02
-1.567014455795288086e-01
-2.874817848205566406e-01
-2.220916748046875000e-01
-1.893965005874633789e-01
-1.240062713623046875e-01
-1.240062713623046875e-01
-2.592098712921142578e-02
-2.874817848205566406e-01
-1.893965005874633789e-01
-2.592098712921142578e-02
-2.547867298126220703e-01
-5.861616134643554688e-02
-2.874817848205566406e-01
-2.592098712921142578e-02
-2.874817848205566406e-01
-1.567014455795288086e-01
-9.131121635437011719e-02
-5.861616134643554688e-02
-9.131121635437011719e-02
-2.592098712921142578e-02
-2.220916748046875000e-01
-2.547867298126220703e-01
-1.567014455795288086e-01
6.774067878723144531e-03
6.774067878723144531e-03
6.774067878723144531e-03
-1.893965005874633789e-01
6.774067878723144531e-03
-1.240062713623046875e-01
-2.592098712921142578e-02
-2.874817848205566406e-01
-1.240062713623046875e-01
-2.220916748046875000e-01
-3.201769590377807617e-01
-2.592098712921142578e-02
-1.893965005874633789e-01
-5.861616134643554688e-02
6.774067878723144531e-03
6.774067878723144531e-03
-3.201769590377807617e-01
-3.201769590377807617e-01
-2.874817848205566406e-01
-5.861616134643554688e-02
-9.131121635437011719e-02
6.774067878723144531e-03
-2.547867298126220703e-01
-1.567014455795288086e-01
-9.131121635437011719e-02
6.774067878723144531e-03
-2.547867298126220703e-01
-1.567014455795288086e-01
-3.201769590377807617e-01
-2.592098712921142578e-02
-3.201769590377807617e-01
-2.592098712921142578e-02
-2.220916748046875000e-01
-2.874817848205566406e-01
6.774067878723144531e-03
-5.861616134643554688e-02
6.774067878723144531e-03
-1.240062713623046875e-01
-3.201769590377807617e-01
-1.240062713623046875e-01
-1.893965005874633789e-01
-5.861616134643554688e-02
3.946912288665771484e-02
3.946912288665771484e-02
3.946912288665771484e-02
-2.220916748046875000e-01
6.774067878723144531e-03
-2.874817848205566406e-01
-2.592098712921142578e-02
-1.893965005874633789e-01
-2.592098712921142578e-02
-1.567014455795288086e-01
3.946912288665771484e-02
3.946912288665771484e-02
-9.131121635437011719e-02
6.774067878723144531e-03
-3.201769590377807617e-01
-9.131121635437011719e-02
3.946912288665771484e-02
3.946912288665771484e-02
-3.201769590377807617e-01
-3.528720140457153320e-01
-2.547867298126220703e-01
-1.567014455795288086e-01
-5.861616134643554688e-02
-2.874817848205566406e-01
-2.547867298126220703e-01
6.774067878723144531e-03
-3.528720140457153320e-01
3.946912288665771484e-02
-3.528720140457153320e-01
-2.592098712921142578e-02
3.946912288665771484e-02
6.774067878723144531e-03
-1.240062713623046875e-01
3.946912288665771484e-02
-1.240062713623046875e-01
-5.861616134643554688e-02
-2.592098712921142578e-02
-2.220916748046875000e-01
6.774067878723144531e-03
-3.528720140457153320e-01
-3.201769590377807617e-01
-3.528720140457153320e-01
3.946912288665771484e-02
3.946912288665771484e-02
-9.131121635437011719e-02
-1.893965005874633789e-01
-1.893965005874633789e-01
-5.861616134643554688e-02
3.946912288665771484e-02
-9.131121635437011719e-02
-1.567014455795288086e-01
-2.592098712921142578e-02
-3.201769590377807617e-01
-2.220916748046875000e-01
6.774067878723144531e-03
-2.874817848205566406e-01
6.774067878723144531e-03
-2.874817848205566406e-01
3.946912288665771484e-02
3.946912288665771484e-02
-2.547867298126220703e-01
-1.567014455795288086e-01
-3.528720140457153320e-01
-1.240062713623046875e-01
7.216429710388183594e-02
7.216429710388183594e-02
7.216429710388183594e-02
7.216429710388183594e-02
-2.592098712921142578e-02
7.216429710388183594e-02
-3.201769590377807617e-01
7.216429710388183594e-02
7.216429710388183594e-02
6.774067878723144531e-03
3.946912288665771484e-02
7.216429710388183594e-02
7.216429710388183594e-02
-1.240062713623046875e-01
-5.861616134643554688e-02
-3.528720140457153320e-01
-2.547867298126220703e-01
7.216429710388183594e-02
-2.592098712921142578e-02
-9.131121635437011719e-02
3.946912288665771484e-02
-5.861616134643554688e-02
7.216429710388183594e-02
7.216429710388183594e-02
6.774067878723144531e-03
-3.855671286582946777e-01
-2.220916748046875000e-01
3.946912288665771484e-02
6.774067878723144531e-03
7.216429710388183594e-02
-3.528720140457153320e-01
-3.855671286582946777e-01
7.216429710388183594e-02
-3.855671286582946777e-01
-1.893965005874633789e-01
-9.131121635437011719e-02
7.216429710388183594e-02
3.946912288665771484e-02
-2.592098712921142578e-02
3.946912288665771484e-02
-1.893965005874633789e-01
-2.874817848205566406e-01
-1.567014455795288086e-01
6.774067878723144531e-03
-1.567014455795288086e-01
-2.592098712921142578e-02
7.216429710388183594e-02
-3.855671286582946777e-01
-3.201769590377807617e-01
-5.861616134643554688e-02
-3.201769590377807617e-01
-1.240062713623046875e-01
-2.220916748046875000e-01
-9.131121635437011719e-02
-3.528720140457153320e-01
-1.240062713623046875e-01
6.774067878723144531e-03
-5.861616134643554688e-02
-2.874817848205566406e-01
-3.855671286582946777e-01
3.946912288665771484e-02
-2.547867298126220703e-01
3.946912288665771484e-02
-2.592098712921142578e-02
-3.528720140457153320e-01
1.048593521118164062e-01
1.048593521118164062e-01
7.216429710388183594e-02
1.048593521118164062e-01
6.774067878723144531e-03
1.048593521118164062e-01
-2.220916748046875000e-01
1.048593521118164062e-01
-9.131121635437011719e-02
-3.855671286582946777e-01
-5.861616134643554688e-02
1.048593521118164062e-01
-2.547867298126220703e-01
-1.893965005874633789e-01
-3.528720140457153320e-01
-2.592098712921142578e-02
7.216429710388183594e-02
1.048593521118164062e-01
3.946912288665771484e-02
-9.131121635437011719e-02
-2.592098712921142578e-02
-1.567014455795288086e-01
-1.240062713623046875e-01
6.774067878723144531e-03
6.774067878723144531e-03
-2.874817848205566406e-01
-3.201769590377807617e-01
1.048593521118164062e-01
-3.855671286582946777e-01
1.048593521118164062e-01
-1.567014455795288086e-01
1.048593521118164062e-01
-1.893965005874633789e-01
-5.861616134643554688e-02
-4.182622432708740234e-01
-5.861616134643554688e-02
-4.182622432708740234e-01
7.216429710388183594e-02
-3.855671286582946777e-01
1.048593521118164062e-01
-2.592098712921142578e-02
-1.240062713623046875e-01
-2.547867298126220703e-01
-3.528720140457153320e-01
1.048593521118164062e-01
3.946912288665771484e-02
6.774067878723144531e-03
-3.201769590377807617e-01
-4.182622432708740234e-01
-2.220916748046875000e-01
-2.220916748046875000e-01
-9.131121635437011719e-02
1.048593521118164062e-01
-4.182622432708740234e-01
-3.528720140457153320e-01
-9.131121635437011719e-02
-1.893965005874633789e-01
7.216429710388183594e-02
-1.567014455795288086e-01
-1.240062713623046875e-01
1.048593521118164062e-01
-2.874817848205566406e-01
6.774067878723144531e-03
-5.861616134643554688e-02
-2.592098712921142578e-02
-2.592098712921142578e-02
-3.855671286582946777e-01
-3.201769590377807617e-01
1.048593521118164062e-01
-4.182622432708740234e-01
-3.855671286582946777e-01
7.216429710388183594e-02
3.946912288665771484e-02
-5.861616134643554688e-02
1.375544071197509766e-01
-2.874817848205566406e-01
-4.182622432708740234e-01
-3.528720140457153320e-01
-9.131121635437011719e-02
-2.547867298126220703e-01
-5.861616134643554688e-02
-2.547867298126220703e-01
1.375544071197509766e-01
1.048593521118164062e-01
-1.567014455795288086e-01
-2.592098712921142578e-02
-2.220916748046875000e-01
-1.240062713623046875e-01
1.375544071197509766e-01
-1.240062713623046875e-01
-3.855671286582946777e-01
-1.893965005874633789e-01
7.216429710388183594e-02
-1.893965005874633789e-01
-1.567014455795288086e-01
6.774067878723144531e-03
1.375544071197509766e-01
-2.592098712921142578e-02
-9.131121635437011719e-02
-9.131121635437011719e-02
1.048593521118164062e-01
3.946912288665771484e-02
-5.861616134643554688e-02
1.375544071197509766e-01
-4.182622432708740234e-01
-4.509572982788085938e-01
-3.201769590377807617e-01
-4.182622432708740234e-01
-4.509572982788085938e-01
-3.528720140457153320e-01
-3.201769590377807617e-01
7.216429710388183594e-02
-2.592098712921142578e-02
-2.220916748046875000e-01
-3.528720140457153320e-01
-3.855671286582946777e-01
1.375544071197509766e-01
-2.874817848205566406e-01
-5.861616134643554688e-02
-4.509572982788085938e-01
-1.240062713623046875e-01
-2.547867298126220703e-01
-2.220916748046875000e-01
1.048593521118164062e-01
-2.874817848205566406e-01
-3.855671286582946777e-01
-4.509572982788085938e-01
-9.131121635437011719e-02
1.375544071197509766e-01
-1.567014455795288086e-01
-1.893965005874633789e-01
-5.861616134643554688e-02
6.774067878723144531e-03
1.375544071197509766e-01
-4.182622432708740234e-01
7.216429710388183594e-02
3.946912288665771484e-02
1.375544071197509766e-01
-4.509572982788085938e-01
-2.592098712921142578e-02
-1.567014455795288086e-01
-1.240062713623046875e-01
1.048593521118164062e-01
-3.855671286582946777e-01
1.375544071197509766e-01
-1.240062713623046875e-01
-2.547867298126220703e-01
-9.131121635437011719e-02
-9.131121635437011719e-02
1.375544071197509766e-01
-4.182622432708740234e-01
-3.528720140457153320e-01
-3.201769590377807617e-01
-4.509572982788085938e-01
-2.874817848205566406e-01
-1.893965005874633789e-01
-2.547867298126220703e-01
-5.861616134643554688e-02
-1.567014455795288086e-01
-2.220916748046875000e-01
1.375544071197509766e-01
7.216429710388183594e-02
1.048593521118164062e-01
-4.182622432708740234e-01
-1.893965005874633789e-01
-5.861616134643554688e-02
-4.509572982788085938e-01
1.375544071197509766e-01
-1.240062713623046875e-01
6.774067878723144531e-03
-3.855671286582946777e-01
-3.528720140457153320e-01
-4.836524128913879395e-01
3.946912288665771484e-02
-9.131121635437011719e-02
-3.201769590377807617e-01
1.375544071197509766e-01
1.048593521118164062e-01
-3.855671286582946777e-01
-2.220916748046875000e-01
-4.836524128913879395e-01
-4.836524128913879395e-01
-2.592098712921142578e-02
-5.861616134643554688e-02
1.375544071197509766e-01
-1.567014455795288086e-01
-4.182622432708740234e-01
-2.874817848205566406e-01
-3.201769590377807617e-01
-3.528720140457153320e-01
7.216429710388183594e-02
-4.509572982788085938e-01
-2.547867298126220703e-01
-2.874817848205566406e-01
1.048593521118164062e-01
1.702495813369750977e-01
-1.240062713623046875e-01
-1.893965005874633789e-01
-2.220916748046875000e-01
-1.240062713623046875e-01
-4.509572982788085938e-01
1.375544071197509766e-01
-4.836524128913879395e-01
-4.182622432708740234e-01
-9.131121635437011719e-02
-1.567014455795288086e-01
-9.131121635437011719e-02
-4.836524128913879395e-01
1.702495813369750977e-01
-3.855671286582946777e-01
3.946912288665771484e-02
-5.861616134643554688e-02
-4.182622432708740234e-01
1.048593521118164062e-01
6.774067878723144531e-03
1.702495813369750977e-01
-1.567014455795288086e-01
-2.547867298126220703e-01
1.375544071197509766e-01
-1.240062713623046875e-01
-1.893965005874633789e-01
-2.874817848205566406e-01
7.216429710388183594e-02
-3.201769590377807617e-01
-4.836524128913879395e-01
1.702495813369750977e-01
-3.528720140457153320e-01
-4.509572982788085938e-01
-1.893965005874633789e-01
-2.547867298126220703e-01
-2.592098712921142578e-02
-9.131121635437011719e-02
-4.509572982788085938e-01
-2.220916748046875000e-01
-4.836524128913879395e-01
1.048593521118164062e-01
-3.528720140457153320e-01
1.702495813369750977e-01
1.375544071197509766e-01
-4.182622432708740234e-01
-5.163475275039672852e-01
-1.567014455795288086e-01
-3.855671286582946777e-01
-3.855671286582946777e-01
-3.201769590377807617e-01
-5.163475275039672852e-01
-1.240062713623046875e-01
-2.220916748046875000e-01
1.702495813369750977e-01
3.946912288665771484e-02
-4.836524128913879395e-01
-3.201769590377807617e-01
-4.509572982788085938e-01
-5.163475275039672852e-01
6.774067878723144531e-03
-4.182622432708740234e-01
-1.240062713623046875e-01
-1.893965005874633789e-01
-9.131121635437011719e-02
1.375544071197509766e-01
-3.528720140457153320e-01
7.216429710388183594e-02
-9.131121635437011719e-02
-2.874817848205566406e-01
-5.163475275039672852e-01
1.048593521118164062e-01
-2.874817848205566406e-01
1.702495813369750977e-01
-1.567014455795288086e-01
-5.861616134643554688e-02
1.702495813369750977e-01
-1.567014455795288086e-01
-2.220916748046875000e-01
-4.182622432708740234e-01
-2.547867298126220703e-01
-3.855671286582946777e-01
1.702495813369750977e-01
-4.836524128913879395e-01
-1.240062713623046875e-01
-5.163475275039672852e-01
1.375544071197509766e-01
-4.509572982788085938e-01
-2.592098712921142578e-02
1.702495813369750977e-01
-4.509572982788085938e-01
-5.163475275039672852e-01
-4.836524128913879395e-01
-1.893965005874633789e-01
-2.547867298126220703e-01
1.048593521118164062e-01
1.702495813369750977e-01
-3.528720140457153320e-01
-3.201769590377807617e-01
-1.893965005874633789e-01
-1.567014455795288086e-01
3.946912288665771484e-02
1.375544071197509766e-01
1.702495813369750977e-01
-3.855671286582946777e-01
7.216429710388183594e-02
-2.220916748046875000e-01
-5.163475275039672852e-01
-2.874817848205566406e-01
-4.182622432708740234e-01
6.774067878723144531e-03
-4.509572982788085938e-01
-1.240062713623046875e-01
-3.528720140457153320e-01
-2.547867298126220703e-01
-3.855671286582946777e-01
-5.490426421165466309e-01
1.702495813369750977e-01
-5.490426421165466309e-01
1.375544071197509766e-01
-1.893965005874633789e-01
-4.836524128913879395e-01
-3.201769590377807617e-01
-5.490426421165466309e-01
-4.182622432708740234e-01
-9.131121635437011719e-02
1.702495813369750977e-01
-3.528720140457153320e-01
1.048593521118164062e-01
-4.836524128913879395e-01
-5.163475275039672852e-01
-2.220916748046875000e-01
-1.240062713623046875e-01
-1.567014455795288086e-01
-5.861616134643554688e-02
-3.855671286582946777e-01
1.702495813369750977e-01
-2.220916748046875000e-01
-3.201769590377807617e-01
-5.490426421165466309e-01
1.375544071197509766e-01
-5.163475275039672852e-01
-4.509572982788085938e-01
-5.490426421165466309e-01
-2.874817848205566406e-01
-4.182622432708740234e-01
-2.592098712921142578e-02
-1.240062713623046875e-01
-4.836524128913879395e-01
3.946912288665771484e-02
1.702495813369750977e-01
-1.893965005874633789e-01
-1.567014455795288086e-01
-4.509572982788085938e-01
-2.547867298126220703e-01
-2.874817848205566406e-01
7.216429710388183594e-02
-5.490426421165466309e-01
-1.567014455795288086e-01
6.774067878723144531e-03
-3.855671286582946777e-01
1.375544071197509766e-01
-4.182622432708740234e-01
1.702495813369750977e-01
-2.220916748046875000e-01
-3.528720140457153320e-01
1.048593521118164062e-01
-5.163475275039672852e-01
-4.836524128913879395e-01
-2.547867298126220703e-01
2.029446363449096680e-01
-1.893965005874633789e-01
-5.163475275039672852e-01
-4.509572982788085938e-01
-5.490426421165466309e-01
-1.893965005874633789e-01
-5.490426421165466309e-01
-4.182622432708740234e-01
-2.547867298126220703e-01
-3.201769590377807617e-01
-4.836524128913879395e-01
-5.817377567291259766e-01
2.029446363449096680e-01
-5.817377567291259766e-01
1.702495813369750977e-01
1.375544071197509766e-01
-1.567014455795288086e-01
-2.874817848205566406e-01
-3.855671286582946777e-01
-5.817377567291259766e-01
-3.528720140457153320e-01
-5.163475275039672852e-01
-2.220916748046875000e-01
3.946912288665771484e-02
-5.817377567291259766e-01
-9.131121635437011719e-02
-3.855671286582946777e-01
7.216429710388183594e-02
-5.861616134643554688e-02
2.029446363449096680e-01
-4.836524128913879395e-01
-4.182622432708740234e-01
-3.201769590377807617e-01
-5.817377567291259766e-01
-4.182622432708740234e-01
-1.240062713623046875e-01
-2.592098712921142578e-02
-2.220916748046875000e-01
-1.893965005874633789e-01
-5.490426421165466309e-01
-3.528720140457153320e-01
1.702495813369750977e-01
-4.509572982788085938e-01
1.048593521118164062e-01
-2.547867298126220703e-01
2.029446363449096680e-01
-5.163475275039672852e-01
1.375544071197509766e-01
-5.817377567291259766e-01
-2.874817848205566406e-01
-4.509572982788085938e-01
-5.490426421165466309e-01
6.774067878723144531e-03
-1.567014455795288086e-01
-1.567014455795288086e-01
-5.163475275039672852e-01
-2.220916748046875000e-01
-2.874817848205566406e-01
-3.201769590377807617e-01
-5.817377567291259766e-01
-4.182622432708740234e-01
2.029446363449096680e-01
1.702495813369750977e-01
-5.490426421165466309e-01
-3.855671286582946777e-01
-4.836524128913879395e-01
-1.893965005874633789e-01
-4.509572982788085938e-01
-5.817377567291259766e-01
-2.547867298126220703e-01
2.029446363449096680e-01
7.216429710388183594e-02
-5.163475275039672852e-01
-4.509572982788085938e-01
-2.547867298126220703e-01
3.946912288665771484e-02
-4.836524128913879395e-01
-6.144328117370605469e-01
1.375544071197509766e-01
-6.144328117370605469e-01
-1.893965005874633789e-01
2.029446363449096680e-01
-6.144328117370605469e-01
-4.509572982788085938e-01
1.702495813369750977e-01
-5.490426421165466309e-01
-2.220916748046875000e-01
-3.528720140457153320e-01
-2.874817848205566406e-01
1.048593521118164062e-01
-6.144328117370605469e-01
-4.182622432708740234e-01
2.029446363449096680e-01
-6.144328117370605469e-01
2.029446363449096680e-01
-1.893965005874633789e-01
-5.861616134643554688e-02
-3.201769590377807617e-01
-5.817377567291259766e-01
1.702495813369750977e-01
-9.131121635437011719e-02
-5.817377567291259766e-01
-5.490426421165466309e-01
-2.547867298126220703e-01
2.029446363449096680e-01
-2.592098712921142578e-02
-4.836524128913879395e-01
-4.509572982788085938e-01
-3.855671286582946777e-01
-6.144328117370605469e-01
-3.855671286582946777e-01
-3.528720140457153320e-01
-6.144328117370605469e-01
-5.490426421165466309e-01
2.029446363449096680e-01
-4.182622432708740234e-01
-1.240062713623046875e-01
-2.220916748046875000e-01
-5.163475275039672852e-01
-2.220916748046875000e-01
6.774067878723144531e-03
-5.163475275039672852e-01
-2.874817848205566406e-01
-3.201769590377807617e-01
1.375544071197509766e-01
1.702495813369750977e-01
-5.817377567291259766e-01
2.029446363449096680e-01
7.216429710388183594e-02
-4.509572982788085938e-01
-6.144328117370605469e-01
-4.182622432708740234e-01
-4.509572982788085938e-01
-1.893965005874633789e-01
-3.528720140457153320e-01
-3.201769590377807617e-01
-2.547867298126220703e-01
-2.874817848205566406e-01
-1.567014455795288086e-01
2.029446363449096680e-01
-4.836524128913879395e-01
-6.471279263496398926e-01
1.048593521118164062e-01
3.946912288665771484e-02
-6.471279263496398926e-01
-6.471279263496398926e-01
-5.817377567291259766e-01
-2.220916748046875000e-01
1.702495813369750977e-01
2.029446363449096680e-01
-5.817377567291259766e-01
-2.874817848205566406e-01
-6.471279263496398926e-01
-6.144328117370605469e-01
-5.490426421165466309e-01
-6.144328117370605469e-01
-4.509572982788085938e-01
-4.836524128913879395e-01
-6.471279263496398926e-01
-4.836524128913879395e-01
-3.855671286582946777e-01
-4.836524128913879395e-01
-5.163475275039672852e-01
-2.547867298126220703e-01
-5.490426421165466309e-01
2.029446363449096680e-01
-4.836524128913879395e-01
-1.893965005874633789e-01
-2.547867298126220703e-01
-6.471279263496398926e-01
-3.201769590377807617e-01
1.375544071197509766e-01
2.029446363449096680e-01
-6.144328117370605469e-01
-6.471279263496398926e-01
-5.861616134643554688e-02
1.702495813369750977e-01
-2.220916748046875000e-01
-4.182622432708740234e-01
-3.528720140457153320e-01
-2.592098712921142578e-02
-5.817377567291259766e-01
7.216429710388183594e-02
-4.836524128913879395e-01
-9.131121635437011719e-02
-2.874817848205566406e-01
-6.471279263496398926e-01
2.029446363449096680e-01
1.048593521118164062e-01
-4.509572982788085938e-01
6.774067878723144531e-03
-2.547867298126220703e-01
-5.163475275039672852e-01
-5.163475275039672852e-01
-6.798230409622192383e-01
-3.201769590377807617e-01
-1.240062713623046875e-01
-2.220916748046875000e-01
-6.798230409622192383e-01
-5.490426421165466309e-01
-3.855671286582946777e-01
-6.144328117370605469e-01
-4.836524128913879395e-01
-6.798230409622192383e-01
-6.144328117370605469e-01
-3.528720140457153320e-01
-4.182622432708740234e-01
-6.471279263496398926e-01
1.702495813369750977e-01
-6.798230409622192383e-01
-6.471279263496398926e-01
2.029446363449096680e-01
-3.855671286582946777e-01
-5.817377567291259766e-01
-2.220916748046875000e-01
3.946912288665771484e-02
-3.528720140457153320e-01
-2.874817848205566406e-01
-6.798230409622192383e-01
-3.201769590377807617e-01
-1.567014455795288086e-01
-4.509572982788085938e-01
1.375544071197509766e-01
-6.798230409622192383e-01
-2.547867298126220703e-01
-5.163475275039672852e-01
-5.163475275039672852e-01
-4.836524128913879395e-01
-5.817377567291259766e-01
-4.182622432708740234e-01
-6.471279263496398926e-01
-3.201769590377807617e-01
2.029446363449096680e-01
-5.490426421165466309e-01
-2.874817848205566406e-01
-6.798230409622192383e-01
-5.490426421165466309e-01
-4.509572982788085938e-01
-5.163475275039672852e-01
-6.798230409622192383e-01
-2.874817848205566406e-01
1.702495813369750977e-01
7.216429710388183594e-02
-5.163475275039672852e-01
-6.144328117370605469e-01
-3.528720140457153320e-01
-4.836524128913879395e-01
1.048593521118164062e-01
-1.893965005874633789e-01
-2.547867298126220703e-01
-3.855671286582946777e-01
-7.125180959701538086e-01
-7.125180959701538086e-01
-4.836524128913879395e-01
-6.471279263496398926e-01
2.029446363449096680e-01
-2.547867298126220703e-01
-5.861616134643554688e-02
-2.592098712921142578e-02
-6.798230409622192383e-01
-7.125180959701538086e-01
-5.163475275039672852e-01
-7.125180959701538086e-01
-6.144328117370605469e-01
-3.201769590377807617e-01
2.356398105621337891e-01
-6.471279263496398926e-01
-5.817377567291259766e-01
-5.490426421165466309e-01
-9.131121635437011719e-02
-2.874817848205566406e-01
-6.798230409622192383e-01
6.774067878723144531e-03
-7.125180959701538086e-01
-7.125180959701538086e-01
1.375544071197509766e-01
-3.528720140457153320e-01
-4.182622432708740234e-01
-5.163475275039672852e-01
2.356398105621337891e-01
-5.163475275039672852e-01
1.702495813369750977e-01
-6.144328117370605469e-01
-5.817377567291259766e-01
-6.798230409622192383e-01
2.029446363449096680e-01
-1.240062713623046875e-01
-2.547867298126220703e-01
-7.125180959701538086e-01
-2.220916748046875000e-01
3.946912288665771484e-02
-3.855671286582946777e-01
-3.201769590377807617e-01
-5.490426421165466309e-01
-4.509572982788085938e-01
-5.490426421165466309e-01
-6.471279263496398926e-01
-2.874817848205566406e-01
-7.125180959701538086e-01
2.356398105621337891e-01
-5.817377567291259766e-01
-4.836524128913879395e-01
-3.855671286582946777e-01
-5.163475275039672852e-01
-7.452132105827331543e-01
2.029446363449096680e-01
-7.452132105827331543e-01
-3.528720140457153320e-01
-1.567014455795288086e-01
-4.182622432708740234e-01
1.048593521118164062e-01
-7.452132105827331543e-01
-7.125180959701538086e-01
-3.528720140457153320e-01
-5.490426421165466309e-01
-6.798230409622192383e-01
-7.452132105827331543e-01
-7.452132105827331543e-01
-6.798230409622192383e-01
7.216429710388183594e-02
-5.490426421165466309e-01
-6.471279263496398926e-01
-6.144328117370605469e-01
-3.201769590377807617e-01
2.356398105621337891e-01
-3.201769590377807617e-01
-4.509572982788085938e-01
-3.855671286582946777e-01
-5.490426421165466309e-01
2.029446363449096680e-01
-4.182622432708740234e-01
-5.817377567291259766e-01
-5.163475275039672852e-01
-2.874817848205566406e-01
1.702495813369750977e-01
-7.452132105827331543e-01
-7.452132105827331543e-01
-6.471279263496398926e-01
1.375544071197509766e-01
-7.125180959701538086e-01
-7.125180959701538086e-01
2.356398105621337891e-01
-1.893965005874633789e-01
-6.144328117370605469e-01
-5.490426421165466309e-01
-3.528720140457153320e-01
-2.874817848205566406e-01
-6.798230409622192383e-01
-4.836524128913879395e-01
-2.592098712921142578e-02
-3.201769590377807617e-01
-4.509572982788085938e-01
-5.861616134643554688e-02
-7.779083251953125000e-01
-7.452132105827331543e-01
2.356398105621337891e-01
-7.779083251953125000e-01
-6.144328117370605469e-01
-7.779083251953125000e-01
2.029446363449096680e-01
-5.817377567291259766e-01
-4.836524128913879395e-01
-7.779083251953125000e-01
-7.452132105827331543e-01
6.774067878723144531e-03
-3.855671286582946777e-01
2.356398105621337891e-01
-9.131121635437011719e-02
-7.125180959701538086e-01
-5.490426421165466309e-01
-7.779083251953125000e-01
-2.874817848205566406e-01
-4.182622432708740234e-01
-6.471279263496398926e-01
-5.163475275039672852e-01
-5.817377567291259766e-01
2.356398105621337891e-01
-7.779083251953125000e-01
1.048593521118164062e-01
-3.528720140457153320e-01
-2.547867298126220703e-01
-5.817377567291259766e-01
-7.452132105827331543e-01
2.356398105621337891e-01
-1.240062713623046875e-01
-5.817377567291259766e-01
-3.201769590377807617e-01
3.946912288665771484e-02
-6.798230409622192383e-01
-6.144328117370605469e-01
-7.125180959701538086e-01
-6.798230409622192383e-01
-5.163475275039672852e-01
-7.779083251953125000e-01
2.356398105621337891e-01
-7.779083251953125000e-01
2.029446363449096680e-01
-5.490426421165466309e-01
1.702495813369750977e-01
-3.855671286582946777e-01
-8.106034398078918457e-01
-7.452132105827331543e-01
-8.106034398078918457e-01
-7.125180959701538086e-01
2.356398105621337891e-01
-8.106034398078918457e-01
1.375544071197509766e-01
-1.567014455795288086e-01
-5.817377567291259766e-01
-3.528720140457153320e-01
-4.509572982788085938e-01
-6.471279263496398926e-01
-7.452132105827331543e-01
-8.106034398078918457e-01
-6.471279263496398926e-01
-2.220916748046875000e-01
-4.182622432708740234e-01
7.216429710388183594e-02
-8.106034398078918457e-01
2.356398105621337891e-01
-7.779083251953125000e-01
-6.144328117370605469e-01
-3.201769590377807617e-01
-7.779083251953125000e-01
-5.490426421165466309e-01
-3.855671286582946777e-01
-4.836524128913879395e-01
-8.106034398078918457e-01
-6.798230409622192383e-01
2.356398105621337891e-01
-3.528720140457153320e-01
-8.106034398078918457e-01
-4.182622432708740234e-01
-5.163475275039672852e-01
2.029446363449096680e-01
-3.855671286582946777e-01
-5.817377567291259766e-01
-3.528720140457153320e-01
-6.144328117370605469e-01
-7.125180959701538086e-01
-5.490426421165466309e-01
2.356398105621337891e-01
-8.432985544204711914e-01
-6.471279263496398926e-01
-8.432985544204711914e-01
-3.201769590377807617e-01
-4.509572982788085938e-01
-7.452132105827331543e-01
-7.779083251953125000e-01
-6.144328117370605469e-01
-8.106034398078918457e-01
-8.106034398078918457e-01
-4.182622432708740234e-01
-8.432985544204711914e-01
-2.592098712921142578e-02
-1.893965005874633789e-01
-4.509572982788085938e-01
-3.201769590377807617e-01
-7.452132105827331543e-01
-6.144328117370605469e-01
1.048593521118164062e-01
-5.817377567291259766e-01
-8.432985544204711914e-01
2.356398105621337891e-01
-5.861616134643554688e-02
-5.490426421165466309e-01
-7.125180959701538086e-01
6.774067878723144531e-03
-3.855671286582946777e-01
-8.432985544204711914e-01
-7.779083251953125000e-01
1.702495813369750977e-01
-6.798230409622192383e-01
-3.528720140457153320e-01
-8.432985544204711914e-01
-9.131121635437011719e-02
-2.874817848205566406e-01
2.356398105621337891e-01
2.029446363449096680e-01
-4.836524128913879395e-01
-6.798230409622192383e-01
1.375544071197509766e-01
-6.471279263496398926e-01
-8.106034398078918457e-01
-8.106034398078918457e-01
-8.432985544204711914e-01
-8.432985544204711914e-01
-7.125180959701538086e-01
-7.779083251953125000e-01
-4.836524128913879395e-01
-5.817377567291259766e-01
-4.182622432708740234e-01
-1.240062713623046875e-01
3.946912288665771484e-02
-7.452132105827331543e-01
2.356398105621337891e-01
-6.144328117370605469e-01
-8.759936094284057617e-01
-8.759936094284057617e-01
-3.855671286582946777e-01
-4.509572982788085938e-01
-5.163475275039672852e-01
-5.817377567291259766e-01
-3.528720140457153320e-01
-6.471279263496398926e-01
-6.798230409622192383e-01
-8.432985544204711914e-01
-8.759936094284057617e-01
-8.759936094284057617e-01
-2.547867298126220703e-01
-5.490426421165466309e-01
2.356398105621337891e-01
-6.471279263496398926e-01
-8.432985544204711914e-01
-8.759936094284057617e-01
-5.817377567291259766e-01
-1.567014455795288086e-01
7.216429710388183594e-02
-8.106034398078918457e-01
-6.144328117370605469e-01
-5.163475275039672852e-01
-4.182622432708740234e-01
-8.759936094284057617e-01
-7.779083251953125000e-01
2.029446363449096680e-01
-3.855671286582946777e-01
-8.759936094284057617e-01
-7.125180959701538086e-01
-8.106034398078918457e-01
-7.779083251953125000e-01
-7.452132105827331543e-01
-7.452132105827331543e-01
-4.509572982788085938e-01
1.702495813369750977e-01
-4.836524128913879395e-01
-6.471279263496398926e-01
-3.528720140457153320e-01
2.356398105621337891e-01
-6.798230409622192383e-01
-8.759936094284057617e-01
-8.432985544204711914e-01
-8.759936094284057617e-01
-9.086887240409851074e-01
-6.144328117370605469e-01
-7.125180959701538086e-01
-2.220916748046875000e-01
-9.086887240409851074e-01
-4.182622432708740234e-01
-8.432985544204711914e-01
-5.817377567291259766e-01
1.375544071197509766e-01
-3.855671286582946777e-01
1.048593521118164062e-01
-5.163475275039672852e-01
-9.086887240409851074e-01
-9.086887240409851074e-01
-6.144328117370605469e-01
-8.106034398078918457e-01
-7.125180959701538086e-01
-3.855671286582946777e-01
-2.592098712921142578e-02
-8.759936094284057617e-01
-5.490426421165466309e-01
-9.086887240409851074e-01
2.356398105621337891e-01
-3.528720140457153320e-01
-6.471279263496398926e-01
-5.861616134643554688e-02
-4.509572982788085938e-01
-4.182622432708740234e-01
6.774067878723144531e-03
-7.779083251953125000e-01
-9.086887240409851074e-01
-7.452132105827331543e-01
-6.798230409622192383e-01
-6.798230409622192383e-01
-5.490426421165466309e-01
-4.836524128913879395e-01
-6.144328117370605469e-01
2.029446363449096680e-01
-9.131121635437011719e-02
-4.182622432708740234e-01
-9.086887240409851074e-01
-3.201769590377807617e-01
-8.759936094284057617e-01
-8.106034398078918457e-01
-9.086887240409851074e-01
-3.855671286582946777e-01
-8.432985544204711914e-01
-4.509572982788085938e-01
-5.817377567291259766e-01
-1.893965005874633789e-01
3.946912288665771484e-02
-1.240062713623046875e-01
-8.432985544204711914e-01
-6.471279263496398926e-01
-7.779083251953125000e-01
-7.125180959701538086e-01
2.356398105621337891e-01
-8.759936094284057617e-01
-4.509572982788085938e-01
-9.086887240409851074e-01
-9.413838386535644531e-01
-6.144328117370605469e-01
-6.798230409622192383e-01
1.702495813369750977e-01
-4.182622432708740234e-01
-2.874817848205566406e-01
-8.106034398078918457e-01
-5.163475275039672852e-01
-9.413838386535644531e-01
-4.836524128913879395e-01
-7.452132105827331543e-01
-7.779083251953125000e-01
-9.413838386535644531e-01
-3.855671286582946777e-01
-6.471279263496398926e-01
-7.452132105827331543e-01
-4.836524128913879395e-01
-9.413838386535644531e-01
-9.086887240409851074e-01
-9.413838386535644531e-01
2.356398105621337891e-01
7.216429710388183594e-02
-6.471279263496398926e-01
-9.413838386535644531e-01
-5.817377567291259766e-01
-5.490426421165466309e-01
1.375544071197509766e-01
-9.086887240409851074e-01
-8.759936094284057617e-01
-4.509572982788085938e-01
-7.125180959701538086e-01
-4.182622432708740234e-01
-9.413838386535644531e-01
-6.798230409622192383e-01
-5.817377567291259766e-01
-6.144328117370605469e-01
2.029446363449096680e-01
-2.547867298126220703e-01
-7.125180959701538086e-01
-8.432985544204711914e-01
-4.836524128913879395e-01
-1.567014455795288086e-01
-9.413838386535644531e-01
-5.163475275039672852e-01
-8.432985544204711914e-01
-7.452132105827331543e-01
-8.759936094284057617e-01
2.356398105621337891e-01
-8.106034398078918457e-01
-7.779083251953125000e-01
-6.471279263496398926e-01
-4.509572982788085938e-01
-9.413838386535644531e-01
-4.182622432708740234e-01
1.048593521118164062e-01
-8.106034398078918457e-01
-5.163475275039672852e-01
-9.086887240409851074e-01
-7.125180959701538086e-01
-6.798230409622192383e-01
-9.086887240409851074e-01
-9.413838386535644531e-01
-9.740788936614990234e-01
-9.740788936614990234e-01
-6.144328117370605469e-01
-2.592098712921142578e-02
-4.836524128913879395e-01
-5.490426421165466309e-01
-5.861616134643554688e-02
-6.798230409622192383e-01
-6.144328117370605469e-01
-8.759936094284057617e-01
-9.740788936614990234e-01
2.356398105621337891e-01
-7.452132105827331543e-01
-5.163475275039672852e-01
-4.509572982788085938e-01
6.774067878723144531e-03
1.702495813369750977e-01
-9.740788936614990234e-01
-2.220916748046875000e-01
-9.131121635437011719e-02
-6.471279263496398926e-01
-9.740788936614990234e-01
-9.740788936614990234e-01
-8.432985544204711914e-01
-7.779083251953125000e-01
-4.182622432708740234e-01
-7.779083251953125000e-01
-9.740788936614990234e-01
-5.817377567291259766e-01
-8.106034398078918457e-01
-6.798230409622192383e-01
-9.413838386535644531e-01
-7.125180959701538086e-01
3.946912288665771484e-02
-4.836524128913879395e-01
-4.509572982788085938e-01
-9.413838386535644531e-01
-9.740788936614990234e-01
-9.740788936614990234e-01
-5.490426421165466309e-01
-8.759936094284057617e-01
2.029446363449096680e-01
-5.163475275039672852e-01
-9.086887240409851074e-01
-1.240062713623046875e-01
-6.144328117370605469e-01
-7.452132105827331543e-01
-5.490426421165466309e-01
2.356398105621337891e-01
-9.086887240409851074e-01
-7.452132105827331543e-01
-6.471279263496398926e-01
1.375544071197509766e-01
-3.855671286582946777e-01
-3.528720140457153320e-01
-7.779083251953125000e-01
-6.798230409622192383e-01
-8.759936094284057617e-01
-8.432985544204711914e-01
-4.182622432708740234e-01
-4.836524128913879395e-01
-7.125180959701538086e-01
-8.106034398078918457e-01
-4.509572982788085938e-01
-8.432985544204711914e-01
-9.413838386535644531e-01
-6.471279263496398926e-01
-3.201769590377807617e-01
7.216429710388183594e-02
-1.893965005874633789e-01
-9.740788936614990234e-01
2.683348655700683594e-01
-5.163475275039672852e-01
-5.817377567291259766e-01
-1.006773948669433594e+00
-7.125180959701538086e-01
-4.509572982788085938e-01
-1.006773948669433594e+00
-5.490426421165466309e-01
-9.740788936614990234e-01
-4.836524128913879395e-01
-1.006773948669433594e+00
-6.471279263496398926e-01
-1.006773948669433594e+00
-7.452132105827331543e-01
-1.006773948669433594e+00
2.356398105621337891e-01
-1.006773948669433594e+00
-4.509572982788085938e-01
-1.006773948669433594e+00
-6.798230409622192383e-01
-2.874817848205566406e-01
-9.413838386535644531e-01
-7.125180959701538086e-01
-6.144328117370605469e-01
-5.817377567291259766e-01
-8.106034398078918457e-01
-8.106034398078918457e-01
-7.779083251953125000e-01
1.702495813369750977e-01
-9.086887240409851074e-01
2.683348655700683594e-01
-1.006773948669433594e+00
-8.432985544204711914e-01
-9.740788936614990234e-01
-8.759936094284057617e-01
-5.163475275039672852e-01
-4.836524128913879395e-01
-1.006773948669433594e+00
-9.086887240409851074e-01
-5.490426421165466309e-01
1.048593521118164062e-01
-5.817377567291259766e-01
-9.413838386535644531e-01
-4.836524128913879395e-01
2.029446363449096680e-01
-7.452132105827331543e-01
-7.125180959701538086e-01
-6.471279263496398926e-01
-6.798230409622192383e-01
-2.592098712921142578e-02
-5.861616134643554688e-02
-7.779083251953125000e-01
-2.547867298126220703e-01
-8.759936094284057617e-01
-6.798230409622192383e-01
2.683348655700683594e-01
-5.163475275039672852e-01
-4.836524128913879395e-01
-1.567014455795288086e-01
-8.432985544204711914e-01
6.774067878723144531e-03
-1.006773948669433594e+00
-9.740788936614990234e-01
2.356398105621337891e-01
-8.106034398078918457e-01
-6.144328117370605469e-01
-5.490426421165466309e-01
-9.131121635437011719e-02
-9.740788936614990234e-01
-7.779083251953125000e-01
-8.759936094284057617e-01
-9.413838386535644531e-01
-5.817377567291259766e-01
-6.144328117370605469e-01
-9.086887240409851074e-01
-1.006773948669433594e+00
-7.452132105827331543e-01
-5.163475275039672852e-01
-7.125180959701538086e-01
2.683348655700683594e-01
-4.836524128913879395e-01
-6.798230409622192383e-01
-5.163475275039672852e-01
-1.039469122886657715e+00
-7.452132105827331543e-01
3.946912288665771484e-02
-6.471279263496398926e-01
-1.039469122886657715e+00
-1.039469122886657715e+00
-1.039469122886657715e+00
-1.039469122886657715e+00
-1.039469122886657715e+00
-5.490426421165466309e-01
-1.039469122886657715e+00
1.375544071197509766e-01
-8.432985544204711914e-01
-1.039469122886657715e+00
-5.163475275039672852e-01
-8.759936094284057617e-01
2.683348655700683594e-01
-8.432985544204711914e-01
-2.220916748046875000e-01
-7.779083251953125000e-01
-5.817377567291259766e-01
-6.144328117370605469e-01
-7.452132105827331543e-01
-7.125180959701538086e-01
1.702495813369750977e-01
-9.413838386535644531e-01
-1.006773948669433594e+00
-1.006773948669433594e+00
-9.086887240409851074e-01
-1.039469122886657715e+00
2.683348655700683594e-01
-6.798230409622192383e-01
-8.106034398078918457e-01
-9.740788936614990234e-01
2.356398105621337891e-01
-5.490426421165466309e-01
-9.413838386535644531e-01
-9.740788936614990234e-01
7.216429710388183594e-02
-1.039469122886657715e+00
-5.163475275039672852e-01
-6.471279263496398926e-01
-9.086887240409851074e-01
-1.240062713623046875e-01
-5.817377567291259766e-01
2.683348655700683594e-01
-7.125180959701538086e-01
2.029446363449096680e-01
-7.779083251953125000e-01
-5.490426421165466309e-01
-6.471279263496398926e-01
-6.144328117370605469e-01
-7.452132105827331543e-01
-8.106034398078918457e-01
-8.759936094284057617e-01
2.683348655700683594e-01
-5.490426421165466309e-01
-7.125180959701538086e-01
-9.086887240409851074e-01
-5.163475275039672852e-01
2.683348655700683594e-01
-6.798230409622192383e-01
-5.817377567291259766e-01
-1.006773948669433594e+00
-8.106034398078918457e-01
2.683348655700683594e-01
-1.039469122886657715e+00
-9.413838386535644531e-01
-6.471279263496398926e-01
-7.779083251953125000e-01
-5.490426421165466309e-01
-6.144328117370605469e-01
-1.893965005874633789e-01
-8.432985544204711914e-01
-1.039469122886657715e+00
-7.452132105827331543e-01
2.683348655700683594e-01
-1.006773948669433594e+00
-9.740788936614990234e-01
-1.072164177894592285e+00
-8.759936094284057617e-01
1.048593521118164062e-01
-1.072164177894592285e+00
-7.779083251953125000e-01
-1.072164177894592285e+00
-1.072164177894592285e+00
-1.072164177894592285e+00
-9.086887240409851074e-01
-7.125180959701538086e-01
-1.072164177894592285e+00
-5.817377567291259766e-01
-1.072164177894592285e+00
-3.528720140457153320e-01
-3.855671286582946777e-01
2.683348655700683594e-01
-1.072164177894592285e+00
-2.592098712921142578e-02
-5.490426421165466309e-01
-8.106034398078918457e-01
2.356398105621337891e-01
-6.798230409622192383e-01
-5.861616134643554688e-02
-5.817377567291259766e-01
-9.413838386535644531e-01
-6.144328117370605469e-01
-3.201769590377807617e-01
-4.182622432708740234e-01
-1.072164177894592285e+00
2.683348655700683594e-01
-7.779083251953125000e-01
-6.471279263496398926e-01
6.774067878723144531e-03
-9.740788936614990234e-01
-7.452132105827331543e-01
-5.817377567291259766e-01
-1.039469122886657715e+00
2.683348655700683594e-01
-6.798230409622192383e-01
-5.490426421165466309e-01
-8.432985544204711914e-01
-9.413838386535644531e-01
-1.072164177894592285e+00
-7.125180959701538086e-01
-1.006773948669433594e+00
1.702495813369750977e-01
-8.759936094284057617e-01
-9.740788936614990234e-01
-6.144328117370605469e-01
-9.413838386535644531e-01
-8.106034398078918457e-01
-2.874817848205566406e-01
-4.509572982788085938e-01
-7.452132105827331543e-01
-6.798230409622192383e-01
2.683348655700683594e-01
-1.006773948669433594e+00
-7.779083251953125000e-01
-1.039469122886657715e+00
-5.817377567291259766e-01
-6.471279263496398926e-01
-1.072164177894592285e+00
-9.131121635437011719e-02
3.946912288665771484e-02
-7.452132105827331543e-01
2.029446363449096680e-01
-8.432985544204711914e-01
-6.144328117370605469e-01
-8.432985544204711914e-01
2.683348655700683594e-01
1.375544071197509766e-01
-9.740788936614990234e-01
-7.125180959701538086e-01
-5.817377567291259766e-01
-8.106034398078918457e-01
-1.567014455795288086e-01
-6.471279263496398926e-01
-1.072164177894592285e+00
-6.798230409622192383e-01
-1.039469122886657715e+00
-7.779083251953125000e-01
-9.086887240409851074e-01
-6.144328117370605469e-01
-8.759936094284057617e-01
-9.086887240409851074e-01
-6.144328117370605469e-01
-4.836524128913879395e-01
-1.104859352111816406e+00
-9.740788936614990234e-01
-1.104859352111816406e+00
-2.547867298126220703e-01
2.683348655700683594e-01
-1.104859352111816406e+00
-7.452132105827331543e-01
-8.432985544204711914e-01
-1.006773948669433594e+00
2.356398105621337891e-01
-1.104859352111816406e+00
-5.817377567291259766e-01
-1.104859352111816406e+00
-1.104859352111816406e+00
-1.104859352111816406e+00
-6.471279263496398926e-01
-7.125180959701538086e-01
7.216429710388183594e-02
-8.106034398078918457e-01
-1.104859352111816406e+00
-8.106034398078918457e-01
-1.039469122886657715e+00
-6.144328117370605469e-01
-1.072164177894592285e+00
-6.798230409622192383e-01
-8.759936094284057617e-01
-7.779083251953125000e-01
-1.104859352111816406e+00
2.683348655700683594e-01
-6.471279263496398926e-01
-8.432985544204711914e-01
-1.006773948669433594e+00
-7.452132105827331543e-01
-7.125180959701538086e-01
-1.006773948669433594e+00
-1.104859352111816406e+00
-9.413838386535644531e-01
-9.740788936614990234e-01
-6.144328117370605469e-01
-9.086887240409851074e-01
-8.106034398078918457e-01
-1.006773948669433594e+00
-6.798230409622192383e-01
-7.125180959701538086e-01
-8.759936094284057617e-01
-5.163475275039672852e-01
-6.471279263496398926e-01
-1.072164177894592285e+00
-7.779083251953125000e-01
-1.104859352111816406e+00
-1.039469122886657715e+00
-1.039469122886657715e+00
-2.220916748046875000e-01
-8.432985544204711914e-01
-6.144328117370605469e-01
-7.779083251953125000e-01
2.683348655700683594e-01
-7.452132105827331543e-01
-6.798230409622192383e-01
-9.086887240409851074e-01
-6.471279263496398926e-01
-6.471279263496398926e-01
-8.106034398078918457e-01
-1.072164177894592285e+00
1.048593521118164062e-01
-8.759936094284057617e-01
-7.125180959701538086e-01
-8.759936094284057617e-01
-9.740788936614990234e-01
-1.104859352111816406e+00
-7.779083251953125000e-01
-6.798230409622192383e-01
-1.039469122886657715e+00
-9.413838386535644531e-01
-1.137554407119750977e+00
-9.413838386535644531e-01
-1.137554407119750977e+00
-1.240062713623046875e-01
2.029446363449096680e-01
-8.432985544204711914e-01
-9.086887240409851074e-01
-2.592098712921142578e-02
-1.137554407119750977e+00
-6.471279263496398926e-01
-1.137554407119750977e+00
1.702495813369750977e-01
-1.039469122886657715e+00
-7.452132105827331543e-01
6.774067878723144531e-03
-7.125180959701538086e-01
-1.137554407119750977e+00
-8.106034398078918457e-01
-1.104859352111816406e+00
-6.798230409622192383e-01
-8.759936094284057617e-01
2.683348655700683594e-01
-1.137554407119750977e+00
-1.072164177894592285e+00
-9.413838386535644531e-01
-5.490426421165466309e-01
-1.137554407119750977e+00
-1.072164177894592285e+00
-9.086887240409851074e-01
-1.137554407119750977e+00
-5.861616134643554688e-02
-6.471279263496398926e-01
2.356398105621337891e-01
-7.779083251953125000e-01
-8.432985544204711914e-01
-1.006773948669433594e+00
-7.125180959701538086e-01
-6.798230409622192383e-01
-1.137554407119750977e+00
-7.452132105827331543e-01
-1.104859352111816406e+00
-8.106034398078918457e-01
-9.413838386535644531e-01
-8.759936094284057617e-01
-9.740788936614990234e-01
-8.432985544204711914e-01
-7.125180959701538086e-01
-1.072164177894592285e+00
-9.086887240409851074e-01
3.946912288665771484e-02
-7.452132105827331543e-01
-6.798230409622192383e-01
-1.137554407119750977e+00
-8.432985544204711914e-01
-1.137554407119750977e+00
-1.893965005874633789e-01
-7.779083251953125000e-01
-1.072164177894592285e+00
-7.452132105827331543e-01
-9.413838386535644531e-01
-9.740788936614990234e-01
-7.125180959701538086e-01
-1.006773948669433594e+00
-1.039469122886657715e+00
2.683348655700683594e-01
-8.759936094284057617e-01
-1.039469122886657715e+00
-8.106034398078918457e-01
-6.798230409622192383e-01
-6.798230409622192383e-01
-9.086887240409851074e-01
1.375544071197509766e-01
-1.104859352111816406e+00
-7.452132105827331543e-01
-9.740788936614990234e-01
-7.125180959701538086e-01
-1.006773948669433594e+00
-8.432985544204711914e-01
-1.104859352111816406e+00
-7.779083251953125000e-01
-9.413838386535644531e-01
-1.137554407119750977e+00
-1.170249462127685547e+00
-8.759936094284057617e-01
-1.170249462127685547e+00
-1.170249462127685547e+00
-7.452132105827331543e-01
-9.086887240409851074e-01
-9.740788936614990234e-01
-1.137554407119750977e+00
-1.072164177894592285e+00
-7.125180959701538086e-01
-8.106034398078918457e-01
-8.106034398078918457e-01
-1.104859352111816406e+00
-1.170249462127685547e+00
-5.817377567291259766e-01
-1.006773948669433594e+00
-9.086887240409851074e-01
-1.170249462127685547e+00
-1.072164177894592285e+00
-7.779083251953125000e-01
-9.740788936614990234e-01
-7.452132105827331543e-01
-1.104859352111816406e+00
-9.413838386535644531e-01
-8.432985544204711914e-01
-1.170249462127685547e+00
2.683348655700683594e-01
-1.006773948669433594e+00
-9.740788936614990234e-01
-1.039469122886657715e+00
-7.125180959701538086e-01
-8.759936094284057617e-01
-1.170249462127685547e+00
7.216429710388183594e-02
-7.452132105827331543e-01
-7.779083251953125000e-01
-1.170249462127685547e+00
-9.086887240409851074e-01
-8.106034398078918457e-01
-1.006773948669433594e+00
-1.137554407119750977e+00
-9.131121635437011719e-02
-9.413838386535644531e-01
-1.039469122886657715e+00
-7.779083251953125000e-01
-8.432985544204711914e-01
-9.740788936614990234e-01
-3.528720140457153320e-01
-1.170249462127685547e+00
-7.452132105827331543e-01
-1.104859352111816406e+00
-3.855671286582946777e-01
-1.006773948669433594e+00
2.029446363449096680e-01
-8.759936094284057617e-01
-1.137554407119750977e+00
-8.106034398078918457e-01
-1.137554407119750977e+00
-1.039469122886657715e+00
-7.779083251953125000e-01
-9.086887240409851074e-01
-1.072164177894592285e+00
-1.170249462127685547e+00
-3.201769590377807617e-01
-9.413838386535644531e-01
-1.137554407119750977e+00
-7.452132105827331543e-01
-9.740788936614990234e-01
2.356398105621337891e-01
-1.039469122886657715e+00
2.683348655700683594e-01
-1.170249462127685547e+00
-1.104859352111816406e+00
-7.779083251953125000e-01
-8.432985544204711914e-01
-1.006773948669433594e+00
-8.106034398078918457e-01
-4.182622432708740234e-01
-1.072164177894592285e+00
-8.759936094284057617e-01
-1.039469122886657715e+00
-9.086887240409851074e-01
-1.567014455795288086e-01
-8.106034398078918457e-01
-7.779083251953125000e-01
-9.413838386535644531e-01
-1.137554407119750977e+00
-1.170249462127685547e+00
-1.072164177894592285e+00
-9.740788936614990234e-01
-1.202944636344909668e+00
-1.006773948669433594e+00
-1.104859352111816406e+00
-7.779083251953125000e-01
-8.432985544204711914e-01
-1.202944636344909668e+00
-8.106034398078918457e-01
-1.202944636344909668e+00
-1.039469122886657715e+00
-1.072164177894592285e+00
-8.759936094284057617e-01
-2.874817848205566406e-01
-1.170249462127685547e+00
-1.202944636344909668e+00
-7.779083251953125000e-01
-8.759936094284057617e-01
-1.202944636344909668e+00
-1.170249462127685547e+00
-7.125180959701538086e-01
-8.106034398078918457e-01
-9.086887240409851074e-01
-1.072164177894592285e+00
-8.432985544204711914e-01
-6.144328117370605469e-01
-1.104859352111816406e+00
-9.413838386535644531e-01
-9.740788936614990234e-01
-1.006773948669433594e+00
-1.170249462127685547e+00
-1.202944636344909668e+00
-1.039469122886657715e+00
-1.039469122886657715e+00
1.048593521118164062e-01
-4.509572982788085938e-01
-8.432985544204711914e-01
-8.106034398078918457e-01
-1.104859352111816406e+00
-1.072164177894592285e+00
-1.202944636344909668e+00
-8.759936094284057617e-01
-1.137554407119750977e+00
-1.072164177894592285e+00
-1.170249462127685547e+00
-8.432985544204711914e-01
-9.413838386535644531e-01
-1.104859352111816406e+00
-9.086887240409851074e-01
2.683348655700683594e-01
-9.413838386535644531e-01
-1.202944636344909668e+00
-9.740788936614990234e-01
-1.006773948669433594e+00
-1.039469122886657715e+00
-8.106034398078918457e-01
-1.104859352111816406e+00
-1.072164177894592285e+00
-8.432985544204711914e-01
1.702495813369750977e-01
-1.137554407119750977e+00
-8.759936094284057617e-01
-1.137554407119750977e+00
-1.202944636344909668e+00
-1.104859352111816406e+00
6.774067878723144531e-03
-1.137554407119750977e+00
-8.759936094284057617e-01
-8.432985544204711914e-01
-9.086887240409851074e-01
-9.413838386535644531e-01
-1.039469122886657715e+00
-1.006773948669433594e+00
-9.740788936614990234e-01
-1.072164177894592285e+00
-1.170249462127685547e+00
-1.202944636344909668e+00
-8.759936094284057617e-01
-1.137554407119750977e+00
-1.202944636344909668e+00
-1.170249462127685547e+00
-1.104859352111816406e+00
-1.006773948669433594e+00
-2.592098712921142578e-02
-1.202944636344909668e+00
-8.432985544204711914e-01
-1.137554407119750977e+00
-8.759936094284057617e-01
-9.086887240409851074e-01
-1.170249462127685547e+00
-1.039469122886657715e+00
-1.072164177894592285e+00
-9.413838386535644531e-01
-1.006773948669433594e+00
-1.137554407119750977e+00
-9.740788936614990234e-01
-1.104859352111816406e+00
-1.202944636344909668e+00
-2.547867298126220703e-01
-8.759936094284057617e-01
-9.086887240409851074e-01
-8.432985544204711914e-01
-1.170249462127685547e+00
-1.137554407119750977e+00
-1.104859352111816406e+00
-9.086887240409851074e-01
-1.170249462127685547e+00
-1.072164177894592285e+00
-1.039469122886657715e+00
-9.413838386535644531e-01
-1.006773948669433594e+00
-1.104859352111816406e+00
-9.740788936614990234e-01
-8.759936094284057617e-01
-9.086887240409851074e-01
-4.836524128913879395e-01
-1.202944636344909668e+00
-1.170249462127685547e+00
-1.137554407119750977e+00
-1.202944636344909668e+00
-1.235639691352844238e+00
-1.235639691352844238e+00
-9.413838386535644531e-01
-9.086887240409851074e-01
-1.170249462127685547e+00
-1.235639691352844238e+00
-1.235639691352844238e+00
-1.072164177894592285e+00
-1.039469122886657715e+00
-1.104859352111816406e+00
-1.202944636344909668e+00
-1.006773948669433594e+00
-9.413838386535644531e-01
-9.740788936614990234e-01
-1.170249462127685547e+00
-1.137554407119750977e+00
3.946912288665771484e-02
-9.413838386535644531e-01
-1.235639691352844238e+00
-9.086887240409851074e-01
-1.202944636344909668e+00
-1.235639691352844238e+00
-1.170249462127685547e+00
-1.235639691352844238e+00
-1.072164177894592285e+00
-9.740788936614990234e-01
-1.039469122886657715e+00
-1.104859352111816406e+00
-9.413838386535644531e-01
-1.202944636344909668e+00
-1.006773948669433594e+00
-1.137554407119750977e+00
-1.235639691352844238e+00
-9.740788936614990234e-01
2.683348655700683594e-01
-1.202944636344909668e+00
-1.170249462127685547e+00
-9.740788936614990234e-01
-1.235639691352844238e+00
-1.072164177894592285e+00
-1.104859352111816406e+00
-9.413838386535644531e-01
-1.202944636344909668e+00
-1.039469122886657715e+00
-1.006773948669433594e+00
-1.137554407119750977e+00
-1.235639691352844238e+00
-9.740788936614990234e-01
-1.202944636344909668e+00
-1.170249462127685547e+00
-1.006773948669433594e+00
-1.235639691352844238e+00
-1.104859352111816406e+00
-1.072164177894592285e+00
-1.202944636344909668e+00
-1.039469122886657715e+00
-1.137554407119750977e+00
-1.006773948669433594e+00
-1.202944636344909668e+00
-9.740788936614990234e-01
-1.235639691352844238e+00
-1.170249462127685547e+00
-1.006773948669433594e+00
-1.104859352111816406e+00
-1.202944636344909668e+00
-1.039469122886657715e+00
-1.072164177894592285e+00
-1.235639691352844238e+00
-1.137554407119750977e+00
-1.039469122886657715e+00
-1.170249462127685547e+00
-1.235639691352844238e+00
-1.170249462127685547e+00
-1.006773948669433594e+00
-1.104859352111816406e+00
-1.202944636344909668e+00
-1.039469122886657715e+00
-1.137554407119750977e+00
-1.072164177894592285e+00
-1.235639691352844238e+00
-1.170249462127685547e+00
-1.235639691352844238e+00
-1.072164177894592285e+00
-1.235639691352844238e+00
-1.202944636344909668e+00
-1.137554407119750977e+00
-6.471279263496398926e-01
-1.104859352111816406e+00
-1.039469122886657715e+00
-1.235639691352844238e+00
-1.072164177894592285e+00
-1.170249462127685547e+00
-1.202944636344909668e+00
-1.235639691352844238e+00
-1.104859352111816406e+00
-1.137554407119750977e+00
-1.170249462127685547e+00
-1.072164177894592285e+00
-1.104859352111816406e+00
-1.235639691352844238e+00
-1.202944636344909668e+00
1.375544071197509766e-01
-1.137554407119750977e+00
-1.170249462127685547e+00
-1.235639691352844238e+00
-1.202944636344909668e+00
-1.104859352111816406e+00
-1.137554407119750977e+00
2.029446363449096680e-01
-1.202944636344909668e+00
-1.235639691352844238e+00
-1.170249462127685547e+00
-5.861616134643554688e-02
-1.137554407119750977e+00
-1.202944636344909668e+00
-1.235639691352844238e+00
-1.170249462127685547e+00
-1.235639691352844238e+00
-1.202944636344909668e+00
-1.137554407119750977e+00
-1.170249462127685547e+00
-1.235639691352844238e+00
2.356398105621337891e-01
-1.268334865570068359e+00
-1.268334865570068359e+00
-1.268334865570068359e+00
-1.202944636344909668e+00
-1.268334865570068359e+00
-1.235639691352844238e+00
-1.268334865570068359e+00
-1.268334865570068359e+00
-1.268334865570068359e+00
-1.235639691352844238e+00
-1.268334865570068359e+00
-1.202944636344909668e+00
-1.240062713623046875e-01
-1.268334865570068359e+00
-1.235639691352844238e+00
-1.268334865570068359e+00
-1.268334865570068359e+00
-1.268334865570068359e+00
-1.235639691352844238e+00
-1.235639691352844238e+00
-1.268334865570068359e+00
-1.268334865570068359e+00
-1.235639691352844238e+00
-7.452132105827331543e-01
-1.268334865570068359e+00
-1.268334865570068359e+00
-1.268334865570068359e+00
-1.268334865570068359e+00
-1.268334865570068359e+00
-1.268334865570068359e+00
-1.268334865570068359e+00
-1.268334865570068359e+00
-1.268334865570068359e+00
-8.106034398078918457e-01
-1.268334865570068359e+00
-5.163475275039672852e-01
-2.220916748046875000e-01
-1.202944636344909668e+00
-1.268334865570068359e+00
-1.301029920578002930e+00
-1.301029920578002930e+00
-1.301029920578002930e+00
-1.301029920578002930e+00
-1.301029920578002930e+00
-9.740788936614990234e-01
-1.301029920578002930e+00
-1.301029920578002930e+00
-9.086887240409851074e-01
-1.301029920578002930e+00
-1.301029920578002930e+00
-1.301029920578002930e+00
-1.268334865570068359e+00
-1.301029920578002930e+00
-1.301029920578002930e+00
-1.301029920578002930e+00
-1.301029920578002930e+00
-1.301029920578002930e+00
-1.301029920578002930e+00
-1.301029920578002930e+00
-1.301029920578002930e+00
-1.235639691352844238e+00
-1.268334865570068359e+00
-1.301029920578002930e+00
2.683348655700683594e-01
-1.072164177894592285e+00
7.216429710388183594e-02
-1.301029920578002930e+00
-1.301029920578002930e+00
-1.268334865570068359e+00
-1.301029920578002930e+00
-1.104859352111816406e+00
-1.170249462127685547e+00
-1.039469122886657715e+00
-1.301029920578002930e+00
-1.268334865570068359e+00
-1.235639691352844238e+00
-1.202944636344909668e+00
-1.301029920578002930e+00
-1.301029920578002930e+00
-1.268334865570068359e+00
-8.759936094284057617e-01
-5.490426421165466309e-01
-1.137554407119750977e+00
-6.798230409622192383e-01
-1.301029920578002930e+00
-1.235639691352844238e+00
-1.268334865570068359e+00
-1.893965005874633789e-01
-1.301029920578002930e+00
2.683348655700683594e-01
-1.202944636344909668e+00
1.048593521118164062e-01
-7.779083251953125000e-01
-1.301029920578002930e+00
-1.006773948669433594e+00
-1.268334865570068359e+00
1.702495813369750977e-01
-1.235639691352844238e+00
-1.170249462127685547e+00
-8.432985544204711914e-01
-9.413838386535644531e-01
2.356398105621337891e-01
-1.301029920578002930e+00
-9.131121635437011719e-02
2.029446363449096680e-01
6.774067878723144531e-03
-5.817377567291259766e-01
3.946912288665771484e-02
-1.268334865570068359e+00
-1.104859352111816406e+00
-1.301029920578002930e+00
-1.072164177894592285e+00
-7.125180959701538086e-01
2.683348655700683594e-01
-1.235639691352844238e+00
-1.202944636344909668e+00
-2.592098712921142578e-02
-1.137554407119750977e+00
-1.301029920578002930e+00
1.375544071197509766e-01
-9.086887240409851074e-01
-1.268334865570068359e+00
-1.567014455795288086e-01
-1.170249462127685547e+00
7.216429710388183594e-02
-1.039469122886657715e+00
-8.106034398078918457e-01
-1.301029920578002930e+00
-9.740788936614990234e-01
-6.144328117370605469e-01
-1.235639691352844238e+00
-1.268334865570068359e+00
-8.759936094284057617e-01
-1.202944636344909668e+00
2.356398105621337891e-01
2.683348655700683594e-01
-1.301029920578002930e+00
-7.452132105827331543e-01
-5.861616134643554688e-02
-1.137554407119750977e+00
-1.104859352111816406e+00
1.048593521118164062e-01
-1.268334865570068359e+00
-1.170249462127685547e+00
-1.235639691352844238e+00
2.029446363449096680e-01
-6.471279263496398926e-01
-1.240062713623046875e-01
1.702495813369750977e-01
-9.413838386535644531e-01
-1.301029920578002930e+00
-1.006773948669433594e+00
-1.072164177894592285e+00
-8.432985544204711914e-01
-1.268334865570068359e+00
-1.268334865570068359e+00
-1.268334865570068359e+00
-1.301029920578002930e+00
-1.301029920578002930e+00
-1.301029920578002930e+00
-1.301029920578002930e+00
-1.268334865570068359e+00
-1.268334865570068359e+00
-1.268334865570068359e+00
-1.268334865570068359e+00
-1.268334865570068359e+00
-1.268334865570068359e+00
-1.301029920578002930e+00
-1.301029920578002930e+00
-1.301029920578002930e+00
-1.268334865570068359e+00
-1.301029920578002930e+00
-1.301029920578002930e+00
-1.301029920578002930e+00
-1.301029920578002930e+00
-1.268334865570068359e+00
-1.170249462127685547e+00
-1.202944636344909668e+00
-1.202944636344909668e+00
-1.235639691352844238e+00
-1.235639691352844238e+00
-1.235639691352844238e+00
-1.202944636344909668e+00
-1.202944636344909668e+00
-1.202944636344909668e+00
-1.202944636344909668e+00
-1.202944636344909668e+00
-1.235639691352844238e+00
-1.301029920578002930e+00
-1.301029920578002930e+00
-1.301029920578002930e+00
-1.301029920578002930e+00
-1.235639691352844238e+00
-1.235639691352844238e+00
-1.235639691352844238e+00
-1.235639691352844238e+00
-1.202944636344909668e+00
-1.202944636344909668e+00
-1.202944636344909668e+00
-1.202944636344909668e+00
-1.235639691352844238e+00
-1.235639691352844238e+00
-1.235639691352844238e+00
-1.268334865570068359e+00
-1.268334865570068359e+00
-1.268334865570068359e+00
-1.235639691352844238e+00
3.010299205780029297e-01
-1.170249462127685547e+00
2.683348655700683594e-01
2.356398105621337891e-01
2.356398105621337891e-01
2.356398105621337891e-01
2.683348655700683594e-01
2.683348655700683594e-01
2.683348655700683594e-01
2.683348655700683594e-01
2.683348655700683594e-01
2.683348655700683594e-01
2.683348655700683594e-01
2.683348655700683594e-01
1.702495813369750977e-01
2.683348655700683594e-01
2.683348655700683594e-01
2.683348655700683594e-01
2.683348655700683594e-01
2.683348655700683594e-01
2.683348655700683594e-01
2.683348655700683594e-01
2.683348655700683594e-01
2.683348655700683594e-01
2.683348655700683594e-01
2.356398105621337891e-01
2.356398105621337891e-01
2.356398105621337891e-01
2.356398105621337891e-01
1.702495813369750977e-01
1.702495813369750977e-01
2.029446363449096680e-01
2.029446363449096680e-01
2.029446363449096680e-01
2.029446363449096680e-01
2.029446363449096680e-01
2.029446363449096680e-01
2.029446363449096680e-01
2.029446363449096680e-01
2.029446363449096680e-01
2.029446363449096680e-01
2.029446363449096680e-01
2.356398105621337891e-01
2.356398105621337891e-01
2.356398105621337891e-01
2.356398105621337891e-01
2.356398105621337891e-01
2.356398105621337891e-01
2.356398105621337891e-01
2.356398105621337891e-01
2.683348655700683594e-01
2.683348655700683594e-01
3.010299205780029297e-01
3.010299205780029297e-01
3.010299205780029297e-01
3.010299205780029297e-01
3.010299205780029297e-01
3.010299205780029297e-01
3.010299205780029297e-01
3.010299205780029297e-01
3.010299205780029297e-01
3.010299205780029297e-01
3.010299205780029297e-01
3.010299205780029297e-01
3.010299205780029297e-01
3.010299205780029297e-01
3.010299205780029297e-01
3.010299205780029297e-01
3.010299205780029297e-01
3.010299205780029297e-01
3.010299205780029297e-01
3.010299205780029297e-01
3.010299205780029297e-01
3.010299205780029297e-01
3.010299205780029297e-01
3.010299205780029297e-01
3.010299205780029297e-01
3.010299205780029297e-01
3.010299205780029297e-01
3.010299205780029297e-01
3.010299205780029297e-01
3.010299205780029297e-01
3.010299205780029297e-01
3.010299205780029297e-01
3.010299205780029297e-01
3.010299205780029297e-01
3.010299205780029297e-01
3.010299205780029297e-01
3.010299205780029297e-01
3.010299205780029297e-01
3.010299205780029297e-01
3.010299205780029297e-01
3.010299205780029297e-01
3.010299205780029297e-01
3.010299205780029297e-01
3.010299205780029297e-01
3.010299205780029297e-01
3.010299205780029297e-01
3.010299205780029297e-01
3.010299205780029297e-01
1.702495813369750977e-01
1.702495813369750977e-01
-1.170249462127685547e+00
-1.006773948669433594e+00
-1.072164177894592285e+00
-1.072164177894592285e+00
-1.039469122886657715e+00
-1.039469122886657715e+00
-1.039469122886657715e+00
-1.039469122886657715e+00
-1.039469122886657715e+00
-1.039469122886657715e+00
-1.006773948669433594e+00
-1.006773948669433594e+00
-1.006773948669433594e+00
1.702495813369750977e-01
-1.006773948669433594e+00
-9.740788936614990234e-01
-9.740788936614990234e-01
-9.740788936614990234e-01
-9.740788936614990234e-01
-9.740788936614990234e-01
-9.413838386535644531e-01
-9.413838386535644531e-01
-9.413838386535644531e-01
-9.413838386535644531e-01
-1.072164177894592285e+00
-1.072164177894592285e+00
-1.072164177894592285e+00
-1.072164177894592285e+00
-1.170249462127685547e+00
-1.170249462127685547e+00
-1.170249462127685547e+00
-1.170249462127685547e+00
-1.170249462127685547e+00
-1.170249462127685547e+00
-1.137554407119750977e+00
-1.137554407119750977e+00
-1.137554407119750977e+00
-1.137554407119750977e+00
-1.137554407119750977e+00
-1.137554407119750977e+00
-1.137554407119750977e+00
-1.137554407119750977e+00
-1.104859352111816406e+00
-1.104859352111816406e+00
-1.104859352111816406e+00
-1.104859352111816406e+00
-1.104859352111816406e+00
-1.104859352111816406e+00
-1.104859352111816406e+00
-9.086887240409851074e-01
-9.086887240409851074e-01
-9.086887240409851074e-01
3.946912288665771484e-02
7.216429710388183594e-02
7.216429710388183594e-02
7.216429710388183594e-02
7.216429710388183594e-02
1.048593521118164062e-01
1.048593521118164062e-01
1.048593521118164062e-01
1.048593521118164062e-01
1.048593521118164062e-01
1.048593521118164062e-01
1.375544071197509766e-01
1.375544071197509766e-01
1.375544071197509766e-01
1.375544071197509766e-01
1.375544071197509766e-01
1.375544071197509766e-01
1.375544071197509766e-01
1.375544071197509766e-01
1.702495813369750977e-01
1.702495813369750977e-01
1.702495813369750977e-01
7.216429710388183594e-02
3.946912288665771484e-02
-9.086887240409851074e-01
3.946912288665771484e-02
-8.759936094284057617e-01
-8.759936094284057617e-01
-8.759936094284057617e-01
-8.432985544204711914e-01
-8.432985544204711914e-01
-8.106034398078918457e-01
-8.106034398078918457e-01
-7.779083251953125000e-01
-7.779083251953125000e-01
-7.452132105827331543e-01
-7.125180959701538086e-01
-6.798230409622192383e-01
3.010299205780029297e-01
-9.131121635437011719e-02
-5.861616134643554688e-02
-2.592098712921142578e-02
-2.592098712921142578e-02
6.774067878723144531e-03
6.774067878723144531e-03
6.774067878723144531e-03
3.946912288665771484e-02
-1.301029920578002930e+00
