-1.301029920578002930e+00
-1.268334819954268777e+00
-1.235639719330534625e+00
-1.202944618706800473e+00
-1.170249518083066320e+00
-1.137554417459332168e+00
-1.104859316835598015e+00
-1.072164216211863863e+00
-1.039469115588129711e+00
-1.006774014964395558e+00
-9.740789143406614059e-01
-9.413838137169272535e-01
-9.086887130931932122e-01
-8.759936124694590598e-01
-8.432985118457249074e-01
-8.106034112219907550e-01
-7.779083105982566027e-01
-7.452132099745224503e-01
-7.125181093507882979e-01
-6.798230087270541455e-01
-6.471279081033199931e-01
-6.144328074795858408e-01
-5.817377068558516884e-01
-5.490426062321175360e-01
-5.163475056083834946e-01
-4.836524049846493423e-01
-4.509573043609151899e-01
-4.182622037371810375e-01
-3.855671031134468851e-01
-3.528720024897127328e-01
-3.201769018659785804e-01
-2.874818012422444280e-01
-2.547867006185102756e-01
-2.220915999947761232e-01
-1.893964993710419709e-01
-1.567013987473078185e-01
-1.240062981235736661e-01
-9.131119749983951372e-02
-5.861609687610536135e-02
-2.592099625237120897e-02
6.774104371362943411e-03
3.946920499509709579e-02
7.216430561883124817e-02
1.048594062425654005e-01
1.375545068662995529e-01
1.702496074900337053e-01
2.029447081137678577e-01
2.356398087375020101e-01
2.683349093612359404e-01
3.010300099849700928e-01
