#Name   q    Err_down    Err_up
rf0780      7.00000      0.00000    0.0980854
rf0433      7.13078     0.130780     0.425036
rf0446      8.30780      1.14433     0.294256
rf0447      7.65390     0.359646     0.294256
rf0448      7.16348     0.163476     0.196171
rf0456      7.19617     0.163476     0.326951
rf0462      7.16348    0.0980854     0.196171
rf0463      7.35965     0.261561     0.326951
rf0779      7.29426     0.130781     0.196170
rf0376      7.42504     0.163476     0.294256
rf0377      7.55582     0.196170     0.294256
rf0378      7.03270    0.0326953     0.228866
rf0383      7.75199     0.653902     0.294256
rf0384      7.22887     0.163476     0.261561
rf0706      7.22887    0.0980854     0.261561
rf0707      7.19617     0.163476     0.457731
rf0386      7.19617     0.130781     0.163476
rf0387      7.13078    0.0653901     0.228866
rf0391      7.09809    0.0653901     0.196171
rf0711      7.00000      0.00000     0.490427
rf0397      7.35965     0.294256      1.01355
rf0398      7.68660     0.425036     0.261561
rf0399      7.19617     0.163476     0.261560
rf0400      7.55582     0.359646     0.294256
rf0405      7.68660     0.294256     0.555817
rf0414      7.94816     0.196171     0.261560
rf0741      7.26156     0.163476     0.196170
rf0415      7.32695     0.261561     0.163476
rf0465      7.35965     0.261561     0.196170
rf0466      7.22887     0.196170     0.261561
rf0471      7.29426     0.228866     0.326951
rf0765      7.85007     0.130781     0.261560
rf0773      7.42504    0.0653901     0.228866
rf0774      7.35965     0.130781     0.228866
rf0500      7.00000      0.00000     0.326951
rf0781      7.09809    0.0653901     0.196171
rf0782      7.58851     0.228866     0.163476
rf0720      7.26156     0.196171     0.261561
rf0724      7.00000      0.00000     0.490427
rf0402      7.00000      0.00000     0.490427
rf0403      7.58851     0.261561     0.228866
rf0365      7.00000      0.00000    0.0653901
rf0367      7.35965    0.0653901     0.163476
rf0372      7.49043     0.425036    0.0653901
rf0374      7.16348     0.130780     0.196171
rf0375      7.00000      0.00000     0.163476
rf0388      7.71929     0.228866     0.882768
rf0392      7.45773    0.0980849     0.261561
rf0394      7.78468     0.425036     0.359646
rf0395      7.52312     0.392342     0.457731
rf0396      7.68660     0.425036     0.915463
rf0719      7.00000      0.00000     0.523122
rf0401      7.49043    0.0980854     0.196171
rf0725      7.26156    0.0980854     0.130780
rf0730      7.22887     0.228866     0.228866
rf0346      7.98085     0.980853     0.588512
rf0348      8.11163     0.490426     0.359647
rf0688      7.22887     0.130780     0.261561
rf0689      7.00000      0.00000     0.490427
rf0351      7.35965     0.130781     0.163476
rf0353      7.68660     0.228866     0.130780
rf0690      7.65390     0.130780     0.196171
rf0692      7.35965    0.0653901     0.261561
rf0354      7.00000      0.00000     0.523122
rf0693      7.49043    0.0980854     0.228866
rf0358      7.78468     0.261561     0.163476
rf0363      7.81738     0.228866     0.130781
rf0364      7.32695     0.261561     0.163476
rf0366      7.00000      0.00000     0.490427
rf0368      7.39234     0.163476     0.130781
rf0694      7.71929     0.196170     0.490427
rf0370      7.26156     0.130781     0.196170
rf0695      7.00000      0.00000     0.130780
rf0696      7.00000      0.00000     0.490427
rf0373      8.60206      1.60206     -1.60206
rf0697      7.35965     0.130781     0.228866
rf0701      7.09809    0.0653901     0.228866
rf0702      7.49043    0.0653901     0.163476
rf0381      7.29426     0.228866     0.228866
rf0703      7.45773    0.0980849     0.196171
rf0385      7.26156     0.196171     0.261561
rf0776      7.16348     0.130780     0.163476
rf0495      8.60206     0.653902      0.00000
rf0496      7.42504    0.0980854     0.784682
rf0777      7.09809    0.0980854     0.196171
rf0778      7.00000      0.00000    0.0980854
rf0499      7.00000      0.00000     0.425036
rf0502      7.00000      0.00000    0.0980854
rf0503      7.00000      0.00000     0.359646
rf0784      7.00000      0.00000     0.228866
rf0785      7.32695     0.163476     0.163476
rf0789      7.16348    0.0980854     0.163476
rf0505      7.00000      0.00000     0.490427
rf0506      7.09809    0.0980854      1.01355
rf0792      7.49043     0.163476     0.228866
rf0507      7.16348     0.163476     0.163476
rf0510      8.60206      1.60206     -1.60206
rf0513      7.19617     0.163476     0.326951
rf0795      7.00000      0.00000     0.196171
rf0796      7.03270      0.00000      0.00000
rf0797      7.42504     0.163476     0.261561
rf0290      7.75199     0.359646     0.490427
rf0323      7.35965     0.228866     0.457731
rf0453      7.09809    0.0980854     0.196171
rf0763      7.55582     0.130780     0.228866
rf0436      7.45773     0.294256      1.14433
rf0439      7.52312    0.0980854     0.163476
rf0441      7.42504    0.0653901     0.326951
rf0476      7.26156     0.196171     0.261561
rf0477      7.42504     0.228866     0.490427
rf0771      7.22887     0.163476     0.228866
rf0487      7.00000      0.00000     0.523122
rf0488      7.00000      0.00000     0.490427
rf0756      7.49043    0.0980854     0.228866
rf0413      7.16348     0.163476     0.261561
rf0723      7.22887     0.196170     0.228866
rf0427      7.19617     0.196171     0.196170
rf0464      7.91546     0.163476     0.261561
rf0430      7.39234     0.130780     0.228866
rf0761      7.35965    0.0653901     0.228866
rf0750      7.32695     0.261561     0.196171
rf0432      7.13078     0.130780     0.196171
rf0434      7.49043     0.163476     0.261561
rf0788      7.13078    0.0653901     0.228866
rf0712      7.00000      0.00000    0.0980854
rf0729      7.32695     0.228866     0.326951
rf0731      7.16348    0.0980854     0.163476
rf0419      7.78468     0.228866     0.163476
rf0425      7.22887     0.163476     0.326951
rf0753      7.32695    0.0653901     0.196171
rf0435      8.60206     0.784683      0.00000
rf0454      7.22887     0.196170     0.196171
rf0455      8.60206     0.686597      0.00000
rf0762      8.60206     0.719293      0.00000
rf0467      7.13078     0.130780     0.261561
rf0479      7.35965     0.163476     0.196170
rf0714      7.16348     0.163476     0.130781
rf0412      7.26156     0.228866     0.228866
rf0717      7.42504     0.261561     0.261561
rf0718      7.32695     0.196171     0.196171
rf0444      8.60206     0.621207      0.00000
rf0705      7.26156     0.228866     0.228866
rf0713      7.22887     0.196170     0.163476
rf0473      7.06539    0.0653901     0.163476
rf0480      7.00000      0.00000     0.130780
rf0482      7.00000      0.00000     0.490427
rf0485      7.81738     0.228866     0.130781
rf0474      7.52312     0.130781     0.261561
rf0772      7.94816     0.163476     0.163475
rf0775      7.68660     0.130781     0.163476
rf0428      7.35965     0.163476    0.0980849
rf0764      7.32695     0.163476     0.196171
rf0460      7.39234     0.326951     0.261561
rf0461      7.55582     0.196170     0.294256
rf0791      7.32695     0.130780     0.196171
rf0728      7.39234     0.294256     0.261561
rf0745      7.85007     0.163476     0.130780
rf0748      7.55582     0.490427     0.261561
rf0431      7.42504    0.0980854     0.130780
rf0459      7.52312     0.130781     0.196170
rf0440      7.62121     0.196171     0.719293
rf0393      7.81738     0.163476     0.196170
rf0749      7.49043    0.0980854     0.163476
rs0002      7.22887     0.163476     0.326951
rs0003      7.00000      0.00000     0.523122
rs0004      7.58851     0.228866     0.196171
rs0005      7.00000      0.00000     0.228866
rs1314      7.19617    0.0980854     0.228866
rs0006      7.71929     0.326951     0.653903
rs0007      7.22887     0.196170     0.130781
rs0009      7.52312    0.0980854     0.196170
rs0010      7.22887     0.196170     0.228866
rs0011      7.22887     0.196170     0.130781
rs0012      7.39234     0.261561     0.326951
rs0013      7.26156     0.196171     0.359646
rs0014      7.32695     0.130780     0.130780
rs0015      7.03270    0.0326953     0.196170
rs0018      8.04624     0.980854     0.555817
rs0019      7.19617     0.163476     0.294256
rs0021      7.00000      0.00000     0.425036
rs0022      8.27511     0.523122     0.326951
rs0023      7.42504     0.228866     0.163476
rs0029      7.49043     0.261561     0.425036
rs0030      7.78468     0.425036     0.261561
rs0032      7.81738     0.817378     0.751988
rs0035      7.75199     0.196171     0.196171
rs0037      7.32695     0.130780     0.130780
rs0039      7.35965     0.130781     0.196170
rs0040      7.06539    0.0653901     0.163476
rs0041      7.45773     0.228866     0.457732
rs0042      7.35965     0.196171     0.457731
rs0043      7.00000      0.00000     0.490427
rs0044      7.68660     0.261561     0.588512
rs0045      7.19617     0.130781     0.490427
rs0046      7.29426     0.261561      1.30780
rs1315      7.35965     0.196171     0.228866
rs0048      7.26156     0.228866     0.228866
rs0049      8.04624      1.04624     0.555817
rs1316      7.45773     0.359646      1.11163
rs0050      7.19617     0.163476     0.261560
rs0051      7.19617     0.163476     0.326951
rs0052      7.19617     0.163476     0.228866
rs0053      7.65390     0.457731     0.588512
rs0054      7.35965     0.261561     0.163476
rs0055      7.35965     0.261561     0.359646
rs0056      7.26156     0.163476     0.359646
rs0057      7.42504    0.0980854     0.326951
rs1317      7.00000      0.00000     0.294256
rs0060      7.42504     0.163476     0.196171
rs1318      7.00000      0.00000     0.228866
rs1319      7.58851     0.490427     0.686597
rs0062      7.39234     0.163476     0.130781
rs0063      7.19617     0.163476     0.228866
rs0064      8.27511     0.555817     0.326951
rs0065      7.16348     0.130780     0.196171
rs0066      7.32695     0.130780     0.196171
rs0068      7.45773     0.294256     0.621207
rs0070      7.16348    0.0980854     0.228866
rs0074      7.16348     0.163476     0.261561
rs0077      7.39234     0.359646     0.392342
rs0080      8.56937     0.915463    0.0326948
rs0081      7.00000      0.00000     0.326951
rs0082      7.06539    0.0326948     0.228866
rs0083      7.35965    0.0980854     0.163476
rs0084      7.00000      0.00000     0.490427
rs0085      7.16348     0.163476     0.294256
rs0088      7.35965     0.228866     0.196170
rs0087      7.45773     0.196170     0.130781
rs0089      7.32695     0.294256     0.359646
rs0090      7.42504    0.0980854     0.326951
rs0092      7.00000      0.00000     0.490427
rs0093      7.35965     0.294256     0.228866
rs0094      7.49043     0.294256     0.490427
rs0095      7.49043    0.0980854     0.196171
rs0096      7.42504     0.294256     0.326951
rs0097      7.68660     0.326951     0.457732
rs0098      7.19617     0.196171      1.40589
rs0104      7.39234     0.326951     0.196171
rs0105      7.09809    0.0980854     0.130780
rs0107      7.00000      0.00000     0.490427
rs0109      7.29426     0.163476    0.0653901
rs0111      7.29426     0.130781     0.130780
rs1321      7.00000      0.00000     0.523122
rs1322      7.00000      0.00000     0.555817
rs0113      7.71929     0.261561     0.882768
rs0114      7.39234     0.163476     0.196171
rs0118      7.26156     0.196171     0.392341
rs0120      7.06539    0.0653901     0.196171
rs0121      7.16348     0.163476     0.196171
rs0122      7.42504     0.196171     0.228866
rs0124      7.26156    0.0980854     0.196170
rs0125      8.60206      1.60206     -1.60206
rs0126      7.39234     0.261561     0.392342
rs0127      7.65390     0.261561     0.915463
rs0128      7.19617     0.163476     0.326951
rs0129      7.39234     0.326951     0.425036
rs0130      7.26156     0.196171     0.196170
rs0132      7.22887    0.0653901     0.130781
rs0133      8.60206     0.751987      0.00000
rs0134      7.75199     0.359646     0.850073
rs0135      7.39234     0.326951     0.228866
rs0136      8.30780     0.686597     0.294256
rs0137      7.19617     0.163476     0.228866
rs0138      7.35965     0.163476     0.163476
rs0139      8.27511     0.228866     0.228866
rs0140      7.75199     0.130780     0.228866
rs0141      7.16348     0.163476    0.0980854
rs0142      7.71929    0.0653901     0.490427
rs0143      7.49043     0.392341     0.326951
rs0145      7.09809    0.0980854     0.294256
rs0146      7.52312     0.196171     0.261561
rs0147      7.35965     0.294256     0.719292
rs0148      7.62121     0.457732     0.392341
rs0149      7.16348     0.163476     0.228866
rs1323      7.19617     0.130781     0.196170
rs1324      7.19617     0.163476     0.163476
rs0150      7.09809    0.0653901     0.163476
rs0151      7.49043     0.163476     0.196171
rs0152      7.39234     0.130780     0.163476
rs0154      7.39234     0.163476     0.196171
rs1325      7.00000      0.00000     0.490427
rs0155      7.75199     0.490427     0.850073
rs0156      7.19617     0.130781     0.261560
rs0159      8.01355     0.555817     0.588512
rs0161      7.16348     0.163476     0.359646
rs0163      7.71929     0.392341     0.359646
rs0165      7.35965     0.261561     0.326951
rs0166      7.42504     0.261561     0.294256
rs0167      7.52312     0.196171     0.523122
rs0168      7.49043     0.130780     0.228866
rs0170      7.32695     0.261561     0.196171
rs0171      7.29426     0.228866     0.228866
rs0172      7.09809    0.0980854     0.196171
rs0173      7.29426     0.196171     0.130780
rs0174      7.29426     0.228866     0.130780
rs0175      7.42504     0.228866     0.425036
rs0177      7.35965    0.0980854     0.653902
rs0178      7.00000      0.00000     0.261561
rs0179      7.00000      0.00000      1.56937
rs0180      7.22887     0.196170     0.326951
rs0181      7.00000      0.00000     0.425036
rs0182      7.19617     0.163476     0.261560
rs0183      7.35965     0.261561     0.490427
rs0188      8.60206     0.653902      0.00000
rs0190      7.85007     0.490427     0.719293
rs0191      8.60206     0.686597      0.00000
rs0193      7.16348     0.163476     0.163476
rs0194      8.11163     0.523121     0.490427
rs0196      7.00000      0.00000     0.326951
rs0201      7.00000      0.00000     0.490427
rs0202      7.06539    0.0326948     0.261561
rs0203      7.78468     0.294256     0.555817
rs0206      7.42504     0.359646     0.359646
rs0209      7.49043     0.294256     0.392341
rs0210      7.26156     0.163476     0.163476
rs0211      7.39234     0.326951     0.326951
rs0212      7.16348     0.163476     0.130781
rs0214      7.19617     0.163476     0.228866
rs0215      7.16348    0.0653901     0.130781
rs0218      7.00000      0.00000     0.490427
rs0220      7.55582     0.196170     0.228866
rs0221      7.22887     0.196170     0.261561
rs0222      7.62121     0.425036     0.326951
rs0223      7.62121     0.425036     0.326951
rs0225      7.68660     0.359646     0.359646
rs0226      7.39234     0.261561     0.196171
rs0227      7.35965     0.326951     0.261561
rs0228      7.29426     0.228866     0.196170
rs0231      7.26156     0.196171     0.294256
rs1329      7.35965    0.0653901     0.196170
rs0236      7.22887     0.130780     0.130781
rs0237      8.01355     0.392341     0.588512
rs0239      7.49043     0.425036     0.130781
rs0240      8.17702      1.11163     0.425036
rs0241      7.35965     0.196171     0.392341
rs0242      7.19617     0.163476     0.163476
rs0243      7.49043     0.261561     0.326951
rs0244      7.22887     0.196170     0.294256
rs0246      7.78468     0.294256     0.457732
rs0247      7.58851    0.0980854     0.196171
rs0250      8.01355     0.882768     0.588512
rs0253      7.42504     0.228866     0.457731
rs0255      7.42504     0.294256     0.228866
rs0256      7.78468     0.425036     0.228865
rs0257      7.19617     0.163476     0.196170
rs0259      7.39234     0.261561     0.392342
rs0260      7.68660     0.555817     0.196170
rs0261      7.68660     0.359646     0.555817
rs0262      7.42504     0.196171     0.196171
rs0263      7.35965     0.261561     0.326951
rs0264      7.65390     0.228866     0.163476
rs0266      8.60206     0.621207      0.00000
rs0267      7.00000      0.00000     0.490427
rs0268      7.00000      0.00000     0.490427
rs0269      7.39234     0.326951     0.359646
rs0270      7.62121     0.457732     0.359646
rs0272      7.29426     0.228866     0.326951
rs0273      7.29426     0.228866     0.326951
rs0274      7.26156     0.196171     0.359646
rs0275      7.00000      0.00000     0.490427
rs0276      7.26156     0.196171     0.261561
rs0277      7.19617     0.163476     0.163476
rs1330      7.09809    0.0653901     0.196171
rs0280      8.30780     0.425036     0.294256
rs0282      8.01355     0.294256     0.588512
rs0283      7.19617     0.163476     0.359646
rs0285      7.42504     0.163476     0.228866
rs0289      7.16348     0.163476     0.228866
rs0290      7.29426     0.163476     0.196170
rs0291      7.32695     0.130780     0.196171
rs0292      7.49043     0.261561     0.359646
rs0297      7.32695     0.130780     0.163476
rs0302      8.07894     0.163476     0.261561
rs0303      7.22887    0.0653901     0.130781
rs0306      7.85007     0.294256     0.653902
rs0308      7.26156     0.228866     0.228866
rs0310      7.49043     0.425036      1.07894
rs1331      7.13078    0.0980849     0.196171
rs0313      7.19617     0.196171     0.653902
rs0314      7.26156     0.163476     0.392341
rs0315      7.00000      0.00000     0.490427
rs0316      7.71929     0.359646     0.621208
rs0318      7.71929     0.130780     0.850073
rs0320      7.42504     0.359646     0.751987
rs0323      7.22887     0.196170     0.228866
rs0328      7.06539    0.0653901     0.130781
rs0331      7.19617     0.163476     0.359646
rs0334      7.32695     0.261561     0.163476
rs0336      7.26156     0.196171     0.294256
rs0337      7.35965     0.261561     0.228866
rs0339      7.35965     0.294256     0.490427
rs0340      7.22887     0.163476     0.359646
rs0341      7.39234     0.294256     0.588512
rs0342      7.35965     0.163476     0.196170
rs0343      7.45773     0.163475     0.228866
rs0344      7.45773     0.196170     0.261561
rs0345      7.35965     0.130781     0.130780
rs0346      7.32695    0.0980854     0.196171
rs0348      7.98085     0.228866     0.326951
rs0349      7.52312    0.0980854     0.196170
rs0350      7.58851     0.228866     0.196171
rs0351      7.65390     0.425036     0.425036
rs0354      7.49043     0.163476     0.196171
rs0356      7.68660     0.490427     0.392341
rs0358      7.78468     0.392342     0.425036
rs0362      7.94816     0.784683     0.621207
rs0363      7.39234     0.163476     0.228866
rs0364      7.29426    0.0980854     0.196170
rs0365      7.22887     0.163476     0.163476
rs0371      7.16348     0.130780     0.326951
rs0372      7.42504     0.163476     0.228866
rs0373      7.68660     0.326951     0.359646
rs0374      7.26156     0.228866     0.228866
rs0376      7.32695     0.228866     0.392341
rs0377      7.19617     0.163476     0.228866
rs0378      7.52312     0.228866     0.359646
rs0380      7.88277     0.457731     0.719293
rs0381      7.00000      0.00000     0.523122
rs0382      7.65390     0.457731     0.326951
rs0384      7.32695     0.261561     0.261561
rs0386      7.55582     0.196170     0.653902
rs0388      7.35965     0.130781     0.163476
rs0389      7.39234    0.0653901     0.163476
rs0390      7.00000      0.00000     0.555817
rs0391      7.16348     0.163476     0.196171
rs0392      7.91546     0.261561     0.686597
rs0393      7.16348     0.130780     0.228866
rs0394      7.58851    0.0980854     0.196171
rs0396      8.30780     0.686597     0.294256
rs0404      7.06539    0.0326948     0.196171
rs0405      7.29426     0.196171     0.130780
rs0406      7.26156     0.196171     0.261561
rs0408      7.71929     0.261561     0.457732
rs0409      7.00000      0.00000     0.294256
rs0411      7.35965     0.163476     0.130780
rs1332      7.35965     0.130781     0.163476
rs0415      7.78468     0.130781     0.261561
rs0416      7.00000      0.00000     0.130780
rs0418      7.39234     0.196170     0.196171
rs0419      7.39234     0.261561     0.130781
rs0420      7.00000      0.00000     0.555817
rs0421      7.35965    0.0980854     0.130780
rs0422      7.39234    0.0653901     0.196171
rs0424      7.39234     0.163476     0.130781
rs0425      7.03270    0.0326953     0.326951
rs0427      7.26156     0.196171     0.130780
rs0428      7.19617     0.163476     0.294256
rs0429      7.19617     0.130781     0.163476
rs0430      7.26156    0.0980854     0.130780
rs0432      8.60206     0.294256      0.00000
rs0433      7.22887     0.163476     0.326951
rs0434      7.55582     0.228866     0.523122
rs0435      7.06539    0.0653901     0.130781
rs0437      7.71929     0.294256     0.228866
rs0440      7.75199    0.0980854     0.457731
rs0442      7.06539    0.0653901     0.196171
rs0444      7.29426     0.130781     0.163475
rs0446      7.35965     0.163476     0.228866
rs1333      7.35965     0.163476     0.228866
rs1336      7.00000      0.00000     0.490427
rs0448      7.29426     0.196171     0.130780
rs0449      7.98085     0.457731     0.621207
rs0450      8.60206     0.621207      0.00000
rs0451      8.04624     0.196171     0.359646
rs0452      7.42504     0.261561     0.359646
rs0453      7.78468     0.686597     0.817378
rs0454      7.00000      0.00000     0.457731
rs0456      7.13078    0.0980849     0.196171
rs0457      7.78468     0.130781     0.196170
rs0460      7.35965     0.163476     0.163476
rs0463      8.20972     0.392341     0.392342
rs0466      8.20972     0.850072     0.392342
rs0467      7.09809    0.0980854     0.163476
rs0468      7.00000      0.00000     0.425036
rs0469      7.78468     0.359646     0.686597
rs0470      7.13078    0.0653901     0.228866
rs0472      7.42504    0.0980854     0.163476
rs0473      7.42504    0.0980854     0.261561
rs0476      7.19617     0.196171     0.196170
rs0477      7.00000      0.00000     0.490427
rs0480      7.16348     0.163476     0.261561
rs0484      7.35965     0.130781     0.261561
rs0485      7.45773     0.196170     0.196171
rs0493      7.81738     0.490427     0.555817
rs0495      7.22887     0.196170     0.163476
rs0496      7.19617     0.196171     0.196170
rs0497      7.39234    0.0653901     0.294256
rs0498      7.58851     0.425036     0.784683
rs0501      7.32695     0.196171     0.163476
rs0503      7.65390     0.392341     0.523122
rs0505      7.65390     0.555817     0.948158
rs0508      7.26156     0.228866     0.130780
rs0513      8.11163     0.294256     0.326951
rs0516      7.42504     0.196171     0.196171
rs0517      7.39234     0.294256     0.719292
rs0519      7.42504     0.261561     0.163476
rs0520      7.26156     0.196171     0.228866
rs0521      7.35965     0.196171     0.425036
rs0522      7.19617     0.196171     0.228866
rs0524      7.13078     0.130780     0.130781
rs0526      7.26156     0.196171     0.261561
rs0528      7.52312     0.457732     0.228866
rs0529      7.55582     0.359646     0.261561
rs0531      7.32695     0.294256     0.392341
rs0532      7.35965     0.228866     0.130780
rs0534      7.00000      0.00000     0.490427
rs0536      7.88277     0.523121     0.719293
rs0537      7.68660     0.326951     0.425036
rs0538      7.39234     0.294256      1.20972
rs0541      7.75199     0.457731     0.294256
rs0543      7.42504     0.294256     0.261561
rs0545      7.32695     0.196171     0.294256
rs0548      7.49043     0.196170     0.490427
rs0549      7.26156     0.196171     0.294256
rs0553      7.22887     0.196170     0.196171
rs0554      7.68660     0.163476     0.326951
rs0555      7.16348     0.163476     0.261561
rs0556      8.11163     0.163475     0.163476
rs0559      7.45773     0.228866     0.457732
rs0560      7.35965     0.261561     0.196170
rs0561      7.39234     0.228866     0.457732
rs0562      7.00000      0.00000     0.130780
rs0564      7.16348     0.163476     0.196171
rs0566      7.42504     0.228866     0.326951
rs0568      7.19617     0.163476     0.163476
rs0570      8.17702     0.850073     0.425036
rs0571      7.39234    0.0980849     0.228866
rs0572      7.35965     0.294256     0.261561
rs0573      7.32695     0.228866     0.163476
rs0574      7.68660     0.425036     0.359646
rs0578      7.65390     0.490427     0.261561
rs0580      7.32695     0.196171     0.130780
rs0582      8.60206     0.555817      0.00000
rs0585      7.09809    0.0980854     0.261561
rs0586      7.62121     0.294256     0.425036
rs0587      7.78468     0.588512     0.751987
rs0588      7.00000      0.00000     0.196171
rs0589      7.65390     0.294256     0.588512
rs0591      8.01355     0.392341     0.588512
rs0597      7.13078     0.130780     0.261561
rs0598      7.75199     0.490427     0.392342
rs0602      7.06539    0.0653901     0.163476
rs0603      8.60206     0.621207      0.00000
rs0605      7.22887     0.196170     0.196171
rs0609      7.22887     0.196170     0.261561
rs0610      7.49043     0.261561     0.392341
rs0612      7.58851     0.425036     0.359646
rs0615      7.13078     0.130780     0.163476
rs0618      7.35965     0.294256     0.294256
rs0620      7.16348     0.163476     0.261561
rs0623      7.09809    0.0653901     0.228866
rs0627      7.19617     0.163476     0.228866
rs0631      7.19617     0.163476     0.163476
rs0636      7.39234     0.196170     0.457732
rs0638      7.22887     0.196170     0.228866
rs0640      7.22887     0.163476     0.228866
rs0644      7.26156     0.228866     0.196170
rs0645      7.26156     0.228866     0.261561
rs0650      8.01355     0.425036     0.588512
rs1337      7.00000      0.00000     0.326951
rs0656      7.35965     0.261561     0.228866
rs0657      7.32695     0.196171     0.163476
rs0660      7.42504     0.326951     0.392341
rs0669      7.00000      0.00000     0.523122
rs0671      7.13078     0.130780     0.163476
rs0672      8.60206     0.719293      0.00000
rs0678      7.22887     0.196170     0.163476
rs0679      8.11163     0.850072     0.490427
rs0688      7.94816     0.588512     0.621207
rs0700      7.03270    0.0326953     0.163476
rs0708      8.60206     0.817378      0.00000
rs0710      7.22887     0.196170     0.261561
rs0712      7.16348     0.130780     0.130781
rs0719      8.27511      1.14433     0.326951
rs0722      7.16348     0.130780     0.163476
rs0731      7.52312     0.294256     0.392341
rs0736      7.03270    0.0326953     0.294256
rs0742      7.68660     0.326951     0.686597
rs0741      7.71929     0.523121     0.392341
rs0744      7.45773     0.163475     0.326952
rs0743      7.35965     0.163476     0.163476
rs0745      8.60206     0.621207      0.00000
rs0751      7.71929     0.294256     0.555817
rs0754      7.22887     0.196170     0.196171
rs0740      7.26156     0.228866     0.261561
rs0758      7.39234     0.326951     0.261561
rs0752      7.19617     0.163476     0.163476
rs0757      7.42504     0.261561      1.01355
rs0756      7.22887     0.196170     0.163476
rs0764      7.45773     0.261560     0.686598
rs0763      7.13078     0.130780     0.228866
rs0774      7.52312     0.294256     0.784682
rs0775      7.19617     0.130781     0.196170
rs0781      7.71929     0.326951     0.653903
rs0776      7.22887     0.196170     0.294256
rs0779      7.62121     0.392342     0.980853
rs0794      7.22887     0.163476     0.457732
rs0802      7.13078    0.0980849     0.163476
rs0800      7.13078     0.130780     0.163476
rs1339      7.00000      0.00000     0.490427
rs1338      7.19617     0.163476     0.196170
rs0824      7.00000      0.00000     0.490427
rs0834      7.26156     0.196171     0.261561
rs1340      7.35965    0.0980854     0.228866
rs0840      7.49043     0.261561     0.425036
rs0839      7.75199     0.326951     0.490427
rs0845      7.06539    0.0653901     0.163476
rs0846      8.11163     0.392341     0.490427
rs0855      7.16348     0.163476     0.196171
rs0850      7.13078     0.130780     0.294256
rs0843      7.26156     0.228866     0.228866
rs0869      7.49043     0.261561     0.261561
rs0871      7.49043     0.261561     0.294256
rs0882      7.00000      0.00000     0.490427
rs0895      7.35965    0.0653901     0.294256
rs0891      7.19617     0.163476     0.228866
rs0888      7.22887     0.163476     0.163476
rs0896      7.00000      0.00000     0.490427
rs0897      7.35965     0.228866     0.392341
rs0922      7.22887     0.130780     0.196171
rs0974      7.78468     0.588512     0.392341
rs0962      7.32695     0.228866     0.196171
rs1354      8.14433     0.555817     0.457731
rs0767      7.03270    0.0326953     0.261561
rs0768      7.19617     0.163476     0.163476
rs0738      7.16348     0.130780     0.228866
rs0734      7.19617     0.130781     0.425036
rs0727      7.81738     0.425036     0.294256
rs0726      7.35965     0.228866     0.163476
rs0724      7.45773     0.359646     0.294256
rs0782      7.71929     0.326951     0.425037
rs0778      7.26156     0.196171     0.228866
rs0777      7.78468     0.228866     0.196170
rs0784      8.24241     0.621207     0.326951
rs0788      7.39234     0.261561     0.196171
rs0795      7.49043     0.163476     0.163476
rs0797      7.68660     0.326951     0.555817
rs0798      7.68660     0.457732     0.359646
rs0799      7.22887    0.0980854     0.163476
rs0832      7.52312     0.196171     0.228866
rs0827      7.00000      0.00000     0.490427
rs0828      7.29426     0.228866     0.294256
rs0804      7.91546     0.261561     0.196170
rs0812      7.45773     0.261560     0.326952
rs0810      7.26156     0.196171     0.130780
rs0811      8.01355     0.392341     0.555818
rs0809      7.55582     0.425036     0.359646
rs0808      7.00000      0.00000     0.490427
rs0806      7.16348     0.130780     0.326951
rs0876      7.94816     0.326951     0.294256
rs1343      7.32695     0.130780     0.163476
rs0860      7.00000      0.00000     0.490427
rs0842      7.35965    0.0326953     0.196170
rs0847      7.42504     0.359646     0.196171
rs0866      7.22887     0.196170     0.294256
rs0857      7.78468     0.130781     0.163476
rs0853      7.00000      0.00000     0.163476
rs0867      7.42504    0.0653901     0.261561
rs0868      7.16348     0.130780     0.261561
rs0870      8.07894     0.719292     0.359646
rs0906      7.52312     0.196171     0.359646
rs0893      7.45773     0.196170     0.261561
rs0880      7.26156     0.196171     0.196170
rs0879      7.42504     0.359646     0.621207
rs0875      7.45773     0.359646     0.326952
rs0872      7.19617     0.196171     0.621207
rs0900      7.00000      0.00000     0.490427
rs0923      7.09809    0.0653901     0.196171
rs0919      7.32695     0.163476     0.163476
rs0908      7.45773    0.0980849     0.130781
rs0907      7.16348     0.163476     0.261561
rs0915      7.45773    0.0980849     0.196171
rs0917      7.78468     0.196171     0.130780
rs0916      7.35965     0.261561     0.326951
rs0920      7.16348     0.163476     0.163476
rs0921      7.52312     0.425036     0.326951
rs0932      7.22887    0.0980854    0.0980854
rs0926      7.45773     0.196170     0.196171
rs0930      7.22887     0.196170     0.163476
rs0934      7.26156     0.196171     0.294256
rs0945      7.22887     0.196170     0.228866
rs0944      7.32695     0.261561     0.294256
rs0968      7.32695    0.0980854     0.163476
rs0953      7.75199     0.228866     0.850073
rs1347      7.00000      0.00000     0.523122
rs0976      7.39234    0.0653901     0.261561
rs0975      7.39234     0.294256     0.915463
rs0978      7.19617     0.163476    0.0653901
rs0967      7.09809    0.0980854     0.163476
rs0970      7.19617     0.196171     0.163476
rs0958      7.78468     0.751987     0.392341
rs0959      7.29426    0.0980854     0.196170
rs0981      7.42504     0.228866     0.196171
rs0984      7.35965     0.261561     0.130780
rs0985      7.42504     0.294256     0.326951
rs0983      7.49043     0.196170     0.392341
rs0790      7.32695     0.130780     0.196171
rs0793      7.22887     0.196170     0.294256
rs1342      7.68660     0.326951     0.915463
rs0873      7.65390     0.425036     0.457731
rs0910      8.07894     0.751987     0.490427
rs0909      7.22887     0.196170     0.196171
rs0933      7.00000      0.00000    0.0980854
rs0935      7.35965     0.130781     0.196170
rs0936      7.32695     0.130780     0.196171
rs1345      8.60206      1.43858      0.00000
rs0954      7.00000      0.00000     0.490427
rs1348      7.22887     0.228866     0.196171
rs0957      7.71929     0.228866     0.130781
rs0950      7.52312     0.196171     0.326951
rs0946      8.60206      1.07894      0.00000
rs0941      7.22887     0.196170     0.196171
rs1346      7.29426     0.130781     0.130780
rs0979      8.60206     0.980853      0.00000
rs0980      7.85007     0.523122     0.425036
rs1353      7.00000      0.00000      1.56937
rs1350      7.00000      0.00000     0.817378
rs1351      7.00000      0.00000     0.457731
rs1349      7.00000      0.00000     0.359646
rs0960      7.29426    0.0980854     0.163475
rs0982      7.39234     0.130780    0.0980854
rs0833      7.78468     0.228866     0.784683
rs0831      7.19617     0.163476     0.261560
rs0818      7.35965     0.196171     0.163476
rs0822      7.55582    0.0980854     0.228866
rs0821      7.88277     0.228866     0.326951
rs0823      7.65390     0.555817     0.228866
rs0816      7.55582    0.0980854     0.196171
rs0814      8.30780     0.130780     0.228866
rs0815      7.29426     0.196171     0.163475
rs0820      7.39234    0.0980849     0.196171
rs0805      7.85007     0.130781     0.196171
rs1518      7.58851     0.359646     0.196171
rs1000      7.39234     0.261561     0.261561
rs1002      7.22887     0.196170     0.326951
rs1033      8.60206      1.60206     -1.60206
rs1034      7.35965     0.261561     0.196170
rs1074      7.35965     0.196171     0.163476
rs1081      7.13078     0.130780     0.163476
rs1109      7.00000      0.00000     0.850073
rs1110      7.16348     0.163476     0.196171
rs1111      7.00000      0.00000     0.490427
rs1114      7.03270    0.0326953     0.196170
rs1116      7.91546     0.359646     0.653903
rs1134      7.00000      0.00000     0.457731
rs1159      7.29426     0.228866     0.130780
rs1163      7.00000      0.00000     0.326951
rs1175      7.35965     0.196171     0.392341
rs1202      7.09809    0.0980854     0.163476
rs1036      7.16348     0.163476    0.0653901
rs1260      8.60206     0.948158      0.00000
rs1261      7.68660     0.326951     0.555817
rs1472      7.29426     0.228866     0.294256
rs1473      7.52312     0.294256     0.392341
rs0989      7.78468     0.392342     0.457732
rs1355      7.00000      0.00000     0.457731
rs0991      7.32695     0.294256     0.228866
rs0997      7.13078     0.130780     0.196171
rs0998      7.62121     0.130781     0.163476
rs1015      7.49043    0.0980854     0.163476
rs1026      7.32695    0.0980854     0.228866
rs1038      7.26156     0.228866     0.130780
rs1437      8.50397      1.07894    0.0980854
rs1491      7.75199     0.686597     0.850073
rs1449      7.09809    0.0653901     0.228866
rs0988      7.71929     0.653902     0.850073
rs1119      7.26156     0.196171     0.163476
rs1121      7.03270    0.0326953     0.196170
rs1122      7.00000      0.00000     0.392341
rs1004      8.37319     0.686597     0.228866
rs1005      8.60206     0.621207      0.00000
rs1010      8.60206     0.817378      0.00000
rs1075      7.39234     0.261561      1.17702
rs1093      8.60206     0.621207      0.00000
rs1178      7.35965     0.196171     0.196170
rs1297      7.55582     0.228866     0.425036
rs1446      7.00000      0.00000    0.0980854
rs1086      7.00000      0.00000     0.359646
rs0996      7.06539    0.0326948     0.228866
rs1001      7.78468     0.457732     0.326951
rs1117      7.00000      0.00000     0.555817
rs1185      7.49043     0.294256     0.326951
rs1003      8.60206     0.751987      0.00000
rs1394      7.00000      0.00000     0.523122
rf0058      7.22887     0.196170     0.326951
rf0526      7.58851     0.130781     0.163476
rf0024      7.16348     0.163476     0.196171
rs1054      7.42504    0.0980854     0.228866
rs1219      7.68660     0.326951     0.915463
rs1245      7.16348     0.130780     0.130781
rf0530      7.75199     0.294256     0.196171
rs1025      8.60206     0.621207      0.00000
rf0053      7.49043     0.163476     0.163476
rf0051      7.39234    0.0653901     0.228866
rs1264      7.49043     0.163476     0.163476
rs1143      7.22887     0.130780     0.196171
rs1361      7.39234     0.163476     0.196171
rs1398      7.52312     0.261561     0.196170
rs1399      7.45773     0.228866     0.425036
rs1409      7.00000      0.00000     0.294256
rs1291      7.32695     0.228866     0.228866
rf0022      7.42504     0.294256     0.196171
rs1259      7.75199     0.294256     0.294256
rs1018      7.00000      0.00000     0.490427
rs1028      7.22887     0.163476     0.359646
rs1031      7.26156     0.228866     0.326951
rs1032      7.35965     0.163476     0.163476
rs1062      7.71929     0.326951     0.817378
rs1063      7.81738     0.228866    0.0653901
rs1064      7.03270    0.0326953     0.261561
rs1068      7.22887     0.196170     0.294256
rs1084      7.22887     0.196170     0.261561
rs1157      7.00000      0.00000     0.523122
rs1162      7.00000      0.00000     0.653902
rs1395      7.09809    0.0980854     0.621207
rs1211      8.60206     0.686597      0.00000
rs1364      7.00000      0.00000     0.457731
rs1217      8.01355     0.621207     0.523122
rs1218      8.60206     0.457731      0.00000
rs1221      7.29426     0.163476     0.163475
rs1366      7.52312     0.261561     0.490426
rs1223      7.00000      0.00000     0.490427
rs1230      8.53667     0.457731    0.0653906
rs1371      7.19617     0.163476     0.294256
rs1373      7.49043     0.261561     0.359646
rs1235      7.06539    0.0653901     0.523122
rs1377      8.30780     0.523121     0.294256
rs1385      7.16348     0.163476     0.261561
rs1396      7.42504    0.0980854     0.163476
rs1397      7.19617    0.0980854     0.163476
rs1401      7.39234    0.0980849     0.130781
rs1257      7.52312     0.196171     0.196170
rs1262      7.22887     0.196170     0.163476
rs1293      7.35965     0.261561    0.0980849
rs1298      7.35965     0.294256     0.392341
rs1303      7.19617     0.163476     0.294256
rs1305      8.17702     0.326951     0.261560
rs1310      7.26156     0.228866     0.261561
rs1393      7.03270    0.0326953     0.196170
rf0006      7.22887     0.196170     0.228866
rf0010      7.35965     0.130781     0.130780
rf0012      7.19617     0.130781     0.163476
rf0013      7.52312     0.392342     0.228866
rf0014      7.13078    0.0980849     0.163476
rf0015      7.68660     0.294256     0.915463
rs1106      7.19617     0.196171    0.0326948
rs1108      7.00000      0.00000     0.228866
rs1112      7.00000      0.00000    0.0980854
rs1126      7.71929     0.621207     0.686597
rs1029      7.26156     0.196171     0.359646
rs1030      7.16348    0.0653901     0.130781
rs1035      7.68660     0.326951     0.196170
rs1040      7.19617     0.163476     0.196170
rs1047      7.16348     0.163476     0.130781
rs1050      7.00000      0.00000     0.457731
rs1052      7.13078     0.130780     0.196171
rs1055      7.29426     0.228866     0.228866
rs1057      8.27511     0.555817     0.326951
rs1065      7.26156     0.196171     0.326951
rs1072      7.13078     0.130780     0.228866
rs1382      7.35965     0.130781     0.163476
rs1149      7.00000      0.00000     0.294256
rs1150      7.00000      0.00000    0.0980854
rs1165      7.22887     0.130780     0.196171
rs1278      7.19617     0.196171     0.555817
rs1405      7.19617     0.163476     0.130780
rs1267      8.01355     0.392341     0.588512
rf0150      7.71929     0.261561     0.882768
rs1270      7.52312     0.163476     0.457731
rf0049      7.22887     0.130780     0.196171
rs1271      7.32695     0.163476     0.130780
rf0573      7.49043     0.228866     0.326951
rf0129      7.13078     0.130780     0.163476
rs1152      8.60206     0.653902      0.00000
rs1168      8.11163      1.04624     0.490427
rs1187      7.00000      0.00000    0.0980854
rf0540      7.68660     0.294256     0.915463
rs1378      7.13078     0.130780     0.163476
rs1387      7.00000      0.00000     0.326951
rs1302      7.32695     0.130780     0.196171
rs0995      7.49043     0.228866     0.457732
rs1391      7.00000      0.00000    0.0653901
rf0136      7.49043     0.261561     0.621207
rs1006      7.75199     0.326951     0.621207
rs1017      7.35965    0.0653901     0.261561
rf0048      7.35965     0.261561     0.228866
rs1268      7.00000      0.00000    0.0326953
rf0554      7.52312    0.0980854     0.196170
rs1266      7.88277     0.425036     0.326951
rf0042      7.52312     0.196171     0.228866
rf0037      7.52312     0.392342     0.261561
rf0108      7.35965    0.0980854     0.130780
rf0527      7.35965    0.0653901     0.228866
rf0109      7.26156     0.196171     0.196170
rs1169      7.39234     0.294256     0.261561
rs1183      7.22887     0.196170     0.261561
rs1384      7.00000      0.00000     0.490427
rs1383      7.42504     0.294256     0.196171
rs1248      7.71929     0.294256     0.751988
rs1191      7.39234     0.196170     0.294256
rf0099      7.22887     0.196170     0.196171
rf0549      7.39234     0.130780     0.228866
rf0076      7.26156     0.196171     0.163476
rs1272      7.00000      0.00000     0.294256
rf0561      7.22887    0.0980854     0.130781
rf0041      8.60206      1.60206     -1.60206
rs1265      7.32695     0.228866     0.294256
rs1123      8.60206     0.653902      0.00000
rs1132      7.32695    0.0980854     0.163476
rf0062      7.71929     0.621207     0.425037
rs1023      7.49043     0.359646     0.392341
rf0564      7.13078     0.130780     0.228866
rf0065      7.19617     0.130781     0.163476
rf0102      8.60206      1.11163      0.00000
rf0531      7.55582    0.0980854     0.228866
rs1087      7.13078     0.130780     0.163476
rs1103      7.98085     0.228866     0.490427
rs1105      7.29426     0.228866     0.163475
rf0023      7.26156     0.130781     0.130780
rf0111      7.35965     0.261561     0.196170
rs1128      7.58851     0.228866     0.196171
rs1129      7.00000      0.00000     0.392341
rs1142      7.19617     0.163476     0.163476
rs1145      7.19617     0.163476     0.261560
rs1151      7.06539    0.0653901     0.196171
rs1156      7.32695     0.261561     0.196171
rf0517      7.29426    0.0980854     0.163475
rf0524      7.06539    0.0653901     0.163476
rs1210      7.26156     0.196171     0.228866
rf0518      7.32695     0.130780     0.326951
rs1224      7.03270    0.0326953     0.228866
rs1386      7.35965     0.228866     0.294256
rs1375      7.85007    0.0980854     0.228866
rs1381      7.52312    0.0980854     0.196170
rs1250      8.34050     0.588512     0.228866
rf0125      7.98085     0.326951     0.621207
rs1277      7.32695     0.261561     0.392341
rf0126      7.58851     0.490427     0.228866
rf0128      7.13078     0.130780     0.196171
rf0026      7.45773    0.0980849     0.196171
rs1020      7.16348    0.0653901      1.43858
rs1102      7.00000      0.00000     0.490427
rs1118      7.85007     0.261561     0.686597
rs1131      7.71929     0.359646     0.882768
rs1138      7.13078     0.130780     0.228866
rs1188      7.42504    0.0653901     0.163476
rs1192      7.16348    0.0980854     0.228866
rf0118      7.13078    0.0980849     0.163476
rs1372      7.00000      0.00000      1.56937
rs1016      7.65390     0.490427     0.621207
rf0079      7.19617     0.163476     0.196170
rf0084      7.16348     0.163476     0.294256
rs1060      7.88277     0.196170     0.228866
rf0537      7.32695     0.130780    0.0980854
rf0148      8.56937     0.784683    0.0326948
rs1229      7.00000      0.00000     0.490427
rf0162      7.39234    0.0653901     0.261561
rf0060      7.26156     0.228866     0.196170
rs1236      7.16348     0.163476     0.196171
rf0077      7.39234     0.228866     0.457732
rf0072      7.91546     0.130780     0.228866
rf0083      7.22887     0.196170     0.130781
rf0532      7.52312     0.130781     0.163476
rf0064      7.45773    0.0980849     0.163476
rf0092      7.71929     0.261561     0.882768
rs1082      7.39234     0.359646     0.163476
rs1083      7.45773     0.228866     0.425036
rf0017      7.26156     0.196171     0.130780
rf0045      7.35965     0.130781     0.163476
rf0138      7.00000      0.00000     0.490427
rf0055      7.68660     0.425036     0.719292
rf0547      7.68660    0.0980854     0.261561
rf0207      7.35965     0.261561     0.196170
rf0550      7.39234    0.0653901     0.261561
rf0528      7.39234    0.0653901     0.163476
rf0225      7.62121     0.130781     0.163476
rf0534      7.39234    0.0653901     0.228866
rf0143      7.22887     0.163476     0.359646
rf0007      7.65390     0.490427     0.228866
rf0576      7.00000      0.00000     0.490427
rf0551      7.29426     0.130781     0.130780
rf0061      7.16348     0.163476     0.523122
rf0553      7.68660     0.326951     0.457732
rf0104      7.39234     0.163476     0.490427
rf0107      7.35965     0.163476     0.163476
rf0043      8.30780     0.523121     0.294256
rs1059      8.11163     0.555817     0.457732
rf0105      7.29426    0.0980854     0.196170
rs1070      7.81738     0.457731     0.294256
rf0132      7.45773     0.425036     0.294256
rs1076      7.06539    0.0653901     0.163476
rs1080      7.22887     0.196170     0.196171
rf0133      7.91546     0.457732     0.555817
rf0113      7.71929     0.457731     0.850073
rf0040      7.39234     0.294256     0.294256
rs1125      7.16348     0.163476     0.228866
rf0520      7.29426     0.130781    0.0980849
rs1135      7.22887     0.196170     0.196171
rs1137      7.22887     0.163476     0.261561
rf0294      7.35965     0.294256     0.425036
rs1359      7.52312     0.196171     0.228866
rf0543      7.39234     0.130780     0.261561
rs1406      7.00000      0.00000     0.457731
rs1154      7.22887     0.196170     0.163476
rf0016      7.65390     0.326951     0.392342
rf0516      7.78468     0.294256     0.294256
rs1164      7.42504    0.0980854     0.130780
rs1170      7.13078     0.130780     0.196171
rs1171      7.26156     0.196171     0.228866
rs1172      7.39234    0.0653901     0.326951
rf0068      7.22887     0.130780     0.228866
rs1177      7.39234     0.196170     0.228866
rs1179      7.22887     0.163476    0.0980854
rs1182      7.19617     0.163476     0.228866
rs1184      7.42504     0.261561     0.228866
rs1388      7.13078    0.0980849     0.130781
rs1190      7.68660     0.294256     0.490427
rs1197      7.62121     0.425036     0.523122
rs1198      7.85007     0.457732     0.294256
rs1200      7.35965     0.163476     0.163476
rs1362      7.26156     0.228866     0.163476
rf0070      7.75199     0.294256     0.392342
rs1205      8.01355     0.359646     0.588512
rs1207      8.60206     0.653902      0.00000
rs1208      7.19617     0.163476     0.163476
rs1209      7.35965     0.228866     0.196170
rs1212      7.22887     0.130780     0.523122
rs1213      7.19617     0.163476     0.294256
rs1214      7.00000      0.00000     0.490427
rf0011      7.22887     0.196170     0.228866
rs1220      7.42504     0.326951     0.457731
rs1222      7.22887     0.196170     0.294256
rf0555      7.71929     0.196170     0.163476
rf0036      7.35965     0.130781     0.163476
rs1226      7.00000      0.00000     0.425036
rs1370      7.16348    0.0980854     0.196171
rf0117      7.13078     0.130780     0.163476
rf0121      7.75199     0.228866     0.326951
rf0621      7.68660     0.196171     0.130780
rs1389      7.55582     0.228866     0.228866
rf0579      7.42504    0.0980854     0.130780
rs1403      7.32695     0.228866     0.326951
rs1404      7.00000      0.00000     0.523122
rs1283      7.39234     0.196170     0.228866
rs1296      7.58851    0.0980854     0.196171
rf0134      7.22887     0.196170     0.228866
rs1091      7.52312     0.261561     0.326951
rf0246      8.04624     0.163476     0.326951
rf0127      7.52312     0.425036     0.130780
rf0317      7.22887     0.163476     0.196171
rf0073      7.75199     0.196171     0.359646
rf0577      7.39234     0.228866     0.326951
rf0533      7.29426     0.196171     0.490427
rf0028      7.35965     0.294256     0.392341
rf0029      7.35965     0.261561     0.359646
rf0030      7.22887     0.196170     0.196171
rf0031      7.65390     0.425036     0.457731
rf0032      7.09809    0.0980854     0.228866
rf0033      7.35965     0.294256     0.457731
rf0536      7.39234     0.196170     0.588512
rf0034      7.32695    0.0653901     0.163476
rf0539      7.22887     0.130780     0.163476
rf0574      7.39234    0.0653901     0.261561
rs1254      7.81738     0.392341     0.588512
rs1092      7.39234     0.228866     0.392342
rs1098      7.32695     0.261561     0.228866
rs1100      7.35965     0.261561     0.196170
rs1104      7.09809    0.0980854     0.163476
rf0158      7.35965     0.294256     0.326951
rs1124      7.19617     0.163476     0.163476
rs1147      7.13078    0.0653901     0.196171
rs1079      8.24241     0.555817     0.359646
rs1195      7.16348     0.163476     0.523122
rf0071      7.68660     0.621207     0.850072
rf0119      7.19617     0.163476     0.163476
rf0123      7.29426     0.163476     0.163475
rs1294      7.42504     0.294256     0.425036
rs1292      7.13078     0.130780     0.326951
rs1290      7.45773    0.0980849     0.359646
rs1289      7.35965     0.196171     0.196170
rs1286      7.71929     0.686597     0.359646
rf0620      7.29426     0.130781     0.130780
rs1284      7.75199     0.228866     0.163476
rf0074      7.39234     0.294256     0.294256
rs1408      7.09809    0.0980854     0.196171
rs1043      7.00000      0.00000     0.490427
rf0545      7.00000      0.00000     0.555817
rs1053      8.30780     0.850073     0.294256
rs1048      7.81738     0.261561     0.784683
rf0623      7.22887     0.130780     0.130781
rs1046      7.75199     0.261561     0.523122
rs1045      7.06539    0.0653901     0.196171
rs1021      7.26156     0.228866     0.228866
rs1014      8.24241     0.719293     0.359646
rf0616      7.22887     0.196170     0.228866
rs1011      7.26156     0.228866     0.294256
rf0582      7.16348    0.0980854     0.130781
rf0164      7.71929     0.392341     0.457732
rf0249      8.30780     0.751987     0.294256
rf0250      7.94816     0.228866     0.392342
rf0326      7.35965     0.163476     0.228866
rf0684      7.78468     0.294256     0.457732
rf0340      7.29426     0.196171     0.130780
rf0612      7.42504    0.0653901     0.228866
rf0221      7.85007     0.326951     0.719293
rf0283      7.71929     0.294256     0.719292
rf0229      7.22887     0.196170     0.228866
rf0241      8.04624     0.130781     0.228866
rf0263      7.35965     0.196171     0.326951
rf0264      7.39234     0.294256     0.163476
rf0295      7.39234     0.294256     0.163476
rf0315      7.29426     0.228866    0.0653901
rf0316      7.00000      0.00000     0.490427
rs1304      7.68660     0.196171    0.0980854
rf0303      7.13078     0.130780     0.163476
rs1301      7.49043     0.392341     0.359646
rs1282      7.49043     0.294256     0.261561
rs1299      7.32695    0.0653901     0.228866
rf0314      7.45773     0.326951     0.392342
rf0318      7.00000      0.00000     0.817378
rf0267      7.13078     0.130780     0.163476
rf0166      7.78468     0.523122     0.359646
rf0319      8.60206     0.457731      0.00000
rs1258      7.19617     0.163476     0.228866
rs1281      7.39234     0.163476     0.196171
rf0333      8.60206     0.326951      0.00000
rf0223      7.71929     0.392341     0.359646
rf0259      7.19617     0.196171     0.261560
rf0227      7.16348     0.163476     0.261561
rf0338      7.00000      0.00000     0.425036
rf0279      7.22887     0.163476     0.294256
rf0234      7.35965     0.294256     0.228866
rf0580      7.32695     0.163476     0.196171
rf0157      7.68660     0.196171     0.163476
rf0167      7.75199     0.359646     0.425036
rf0237      7.75199     0.490427     0.850073
rf0586      7.45773     0.228866     0.719293
rf0284      7.62121     0.294256     0.653902
rf0236      7.13078    0.0980849     0.196171
rf0169      7.29426     0.228866     0.130780
rf0171      8.01355     0.359646     0.588512
rf0173      8.30780     0.425036     0.294256
rf0238      7.09809    0.0980854     0.130780
rf0638      7.09809    0.0980854     0.163476
rf0175      7.19617     0.196171     0.261560
rf0587      7.26156     0.163476     0.163476
rf0328      7.22887     0.196170     0.228866
rf0176      7.39234     0.261561     0.163476
rf0291      7.19617     0.196171     0.261560
rf0177      7.19617     0.163476     0.294256
rf0292      7.35965     0.326951     0.294256
rf0179      7.29426     0.228866     0.163475
rf0242      8.60206     0.751987      0.00000
rf0181      8.60206      1.20972      0.00000
rs1307      7.85007     0.294256     0.326951
rs1280      7.00000      0.00000     0.130780
rf0335      7.29426     0.130781     0.163475
rf0297      7.49043     0.228866     0.228866
rf0596      7.16348     0.130780     0.130781
rf0240      7.78468     0.130781     0.163476
rf0251      7.16348     0.130780     0.261561
rf0190      7.00000      0.00000    0.0653901
rf0268      7.22887     0.196170     0.228866
rf0332      7.55582     0.228866     0.196171
rf0192      7.09809    0.0653901     0.228866
rf0193      7.42504     0.359646     0.326951
rf0195      7.22887     0.196170     0.196171
rf0197      7.00000      0.00000     0.490427
rf0201      7.00000      0.00000    0.0980854
rf0205      7.58851     0.326951     0.555817
rf0622      7.32695     0.130780     0.196171
rf0239      7.81738     0.359646     0.425037
rf0206      7.39234     0.326951     0.196171
rf0339      7.00000      0.00000     0.490427
rf0210      7.19617     0.163476     0.196170
rf0631      7.68660     0.196171     0.130780
rf0342      7.00000      0.00000     0.196171
rf0634      7.00000      0.00000     0.457731
rf0265      7.52312     0.196171     0.228866
rf0343      7.00000      0.00000     0.523122
rf0331      7.35965     0.228866     0.196170
rf0217      7.42504     0.294256     0.196171
rf0244      7.45773     0.326951     0.719293
rf0180      7.22887     0.163476     0.326951
rf0226      7.13078     0.130780     0.228866
rf0280      7.35965    0.0326953     0.261561
rf0300      7.42504     0.261561     0.457731
rf0306      7.35965     0.228866     0.196170
rf0286      8.11163     0.555817     0.490427
rf0271      7.42504     0.228866     0.392341
rf0262      7.13078    0.0653901     0.196171
rf0272      7.65390     0.294256     0.294256
rf0277      7.52312     0.294256     0.523122
rf0235      7.09809    0.0653901     0.196171
rf0003      7.45773     0.261560     0.294256
rf0258      8.60206     0.751987      0.00000
rf0002      7.81738     0.359646     0.555817
rf0312      7.00000      0.00000     0.196171
rf0515      7.26156     0.196171     0.228866
rf0298      7.09809    0.0980854     0.130780
rf0313      8.07894     0.261561     0.359646
rf0642      7.78468     0.228866    0.0980849
rf0299      7.19617     0.163476     0.261560
rf0643      7.85007     0.130781     0.163475
rf0649      7.35965     0.130781     0.163476
rf0646      7.03270    0.0326953     0.261561
rf0001      7.29426     0.130781    0.0980849
rf0650      7.88277     0.228866     0.261561
rf0654      7.26156     0.163476     0.196170
rs1276      7.45773     0.228866     0.457732
rs1300      7.68660     0.326951     0.882768
rf0256      7.39234     0.261561     0.228866
rf0309      8.60206     0.653902      0.00000
rf0653      7.00000      0.00000     0.163476
rf0305      7.13078     0.130780     0.163476
rf0655      7.26156     0.163476     0.163476
rf0308      7.19617     0.163476     0.228866
rf0311      7.35965     0.326951      1.24241
rf0266      7.88277     0.261560     0.228866
rf0627      7.29426     0.130781     0.196170
rf0247      7.45773     0.261560     0.686598
rf0248      8.11163     0.490426     0.490427
rf0585      7.35965     0.163476     0.163476
rf0663      7.55582    0.0980854     0.196171
rf0320      7.35965    0.0653901     0.228866
rf0327      7.00000      0.00000     0.261561
rf0670      7.13078    0.0653901     0.163476
rf0252      7.42504     0.326951     0.228866
rf0253      7.75199     0.588512     0.850073
rf0154      7.49043     0.228866     0.425036
rf0607      7.13078    0.0653901     0.196171
rf0156      7.26156     0.196171     0.196170
rf0630      7.75199     0.228866     0.196171
rf0287      8.53667     0.588511    0.0653906
rf0322      7.22887     0.196170     0.359646
rf0628      8.56937     0.784683    0.0326948
rf0204      7.00000      0.00000     0.490427
rf0257      7.26156    0.0980854     0.130780
rf0685      7.00000      0.00000     0.163476
rf0669      7.00000      0.00000     0.294256
rf0674      7.00000      0.00000     0.130780
rf0680      7.00000      0.00000     0.490427
rf0668      7.75199     0.228866     0.196171
rf0324      7.42504     0.196171    0.0653901
rf0329      7.94816     0.457732     0.621207
rf0683      7.35965    0.0653901     0.228866
rf0661      7.00000      0.00000     0.490427
rf0325      8.60206     0.850073      0.00000
