#Name   Z    Err_down    Err_up
rf0780      7.35897      0.00000      1.04624
rf0433      8.47060     0.228866     0.392341
rf0446      8.96103     0.163476      0.00000
rf0447      8.86294     0.228866    0.0653902
rf0448      8.47060     0.163476     0.130780
rf0456      8.30713     0.490427     0.457731
rf0462      7.71862     0.359646     0.523122
rf0463      8.89564     0.196171    0.0326951
rf0779      8.43791     0.130780     0.228866
rf0376      8.33982     0.326951     0.392341
rf0377      8.89564    0.0653902    0.0326951
rf0378      8.40521    0.0980853     0.228866
rf0383      8.96103     0.196171      0.00000
rf0384      7.39166    0.0326951     0.653902
rf0706      8.47060    0.0980853     0.261561
rf0707      8.47060     0.196171     0.196171
rf0386      8.60138     0.163476     0.130780
rf0387      8.47060    0.0980853     0.228866
rf0391      7.71862     0.359646     0.555817
rf0711      8.96103      1.60206      0.00000
rf0397      8.60138     0.163476     0.228866
rf0398      8.89564     0.228866    0.0326951
rf0399      8.33982     0.326951     0.392341
rf0400      8.96103    0.0653901      0.00000
rf0405      8.86294     0.163476    0.0653902
rf0414      7.94748     0.588512     0.359646
rf0741      7.81670     0.425036     0.457731
rf0415      8.66677     0.196171     0.163476
rf0465      8.17635     0.686597     0.326951
rf0466      8.33982     0.392341     0.392341
rf0471      8.24174     0.686597     0.392341
rf0765      7.35897      0.00000     0.751987
rf0773      7.48975     0.130780     0.719292
rf0774      7.65323     0.294256     0.653902
rf0500      8.11096     0.130780     0.228866
rf0781      7.45706    0.0980853     0.621207
rf0782      8.01287     0.621207     0.326951
rf0720      8.30713     0.392341     0.359646
rf0724      8.96103      1.60206      0.00000
rf0402      8.96103      1.60206      0.00000
rf0403      8.47060     0.359646     0.228866
rf0365      7.35897      0.00000     0.850073
rf0367      7.35897      0.00000     0.850073
rf0372      8.40521     0.425036    0.0653902
rf0374      8.30713     0.326951     0.228866
rf0375      8.30713     0.228866     0.326951
rf0388      8.53599    0.0980854     0.163475
rf0392      7.68592     0.294256     0.588512
rf0394      8.92834     0.130780    0.0326951
rf0395      8.92834    0.0980853    0.0326951
rf0396      8.56869     0.196171     0.359646
rf0719      8.96103      1.60206      0.00000
rf0401      7.35897      0.00000     0.621207
rf0725      7.42436    0.0653902     0.653902
rf0730      8.73216     0.294256     0.130780
rf0346      8.96103    0.0980853      0.00000
rf0348      8.83025     0.130780    0.0326951
rf0688      8.04557     0.425036     0.326951
rf0689      8.96103      1.60206      0.00000
rf0351      8.30713     0.294256     0.163476
rf0353      8.11096     0.653902     0.228866
rf0690      7.39166    0.0326951     0.817378
rf0692      7.52245     0.163476     0.751987
rf0354      8.96103      1.60206      0.00000
rf0693      7.42436    0.0653902     0.817377
rf0358      8.24174     0.751987     0.228866
rf0363      8.14365     0.751987     0.196171
rf0364      8.60138     0.228866     0.163476
rf0366      8.96103      1.60206      0.00000
rf0368      8.04557     0.653902     0.261561
rf0694      8.27443     0.294256     0.457731
rf0370      8.11096     0.457731     0.326951
rf0695      7.35897      0.00000     0.980853
rf0696      8.96103      1.60206      0.00000
rf0373      8.96103      1.60206     -1.60206
rf0697      7.71862     0.359646     0.588512
rf0701      7.52245     0.163476     0.621207
rf0702      7.35897      0.00000     0.588512
rf0381      8.04557     0.588512     0.425036
rf0703      7.42436    0.0653902     0.621207
rf0385      8.33982     0.359646     0.392341
rf0776      7.39166    0.0326951     0.588512
rf0495      8.30713     0.555817    0.0653902
rf0496      7.55514     0.196171      1.24241
rf0777      7.35897      0.00000     0.588512
rf0778      7.35897      0.00000     0.817378
rf0499      8.96103      1.60206      0.00000
rf0502      8.24174     0.882768     0.719292
rf0503      8.96103      1.60206      0.00000
rf0784      8.96103     0.457731      0.00000
rf0785      8.30713     0.261561     0.163476
rf0789      7.35897      0.00000     0.621207
rf0505      8.96103      1.60206      0.00000
rf0506      8.53599     0.523122     0.261561
rf0792      8.04557     0.588512     0.359646
rf0507      8.30713     0.653902     0.228866
rf0510      8.96103      1.60206     -1.60206
rf0513      8.79755     0.196171    0.0980854
rf0795      7.35897      0.00000     0.686597
rf0796      7.35897      0.00000      0.00000
rf0797      7.91479     0.555817     0.392341
rf0290      8.89564     0.130780    0.0326951
rf0323      8.50330     0.261561     0.392341
rf0453      8.17635     0.621207     0.359646
rf0763      7.55514     0.196171     0.719292
rf0436      8.17635     0.784682     0.588512
rf0439      7.35897      0.00000     0.621207
rf0441      7.62053     0.261561     0.686597
rf0476      8.11096     0.555817     0.457731
rf0477      8.14365     0.719292     0.621207
rf0771      8.73216     0.163476     0.130780
rf0487      8.96103      1.60206      0.00000
rf0488      8.96103      1.60206      0.00000
rf0756      7.52245     0.163476     0.621207
rf0413      8.33982     0.359646     0.359646
rf0723      8.14365     0.653902     0.392341
rf0427      8.60138     0.228866     0.163476
rf0464      7.98018     0.588512     0.326951
rf0430      7.68592     0.326951     0.555817
rf0761      7.48975     0.130780     0.686597
rf0750      8.14365     0.719292     0.359646
rf0432      8.14365     0.653902     0.359646
rf0434      8.01287     0.588512     0.392341
rf0788      7.55514     0.196171     0.686597
rf0712      8.66677      1.30780     0.261561
rf0729      8.30713     0.457731     0.425036
rf0731      7.39166    0.0326951     0.653902
rf0419      7.98018     0.621207     0.326951
rf0425      8.40521     0.294256     0.425036
rf0753      7.42436    0.0653902     0.751987
rf0435      8.40521     0.392341    0.0980853
rf0454      8.01287     0.621207     0.425036
rf0455      8.30713     0.555817    0.0653902
rf0762      8.37252     0.457731     0.196171
rf0467      8.40521     0.261561     0.228866
rf0479      7.78401     0.425036     0.523122
rf0714      8.07826     0.653902     0.294256
rf0412      8.30713     0.457731     0.294256
rf0717      8.20904     0.686597     0.359646
rf0718      8.14365     0.555817     0.261561
rf0444      8.37252     0.294256    0.0980853
rf0705      8.20904     0.686597     0.326951
rf0713      8.01287     0.653902     0.359646
rf0473      8.47060     0.163476     0.163476
rf0480      7.45706    0.0980853     0.784682
rf0482      8.96103      1.60206      0.00000
rf0485      7.48975     0.130780     0.719292
rf0474      7.81670     0.425036     0.490427
rf0772      7.35897      0.00000     0.588512
rf0775      7.39166    0.0326951     0.359646
rf0428      7.94748     0.555817     0.261561
rf0764      7.84940     0.457731     0.457731
rf0460      8.89564     0.261561    0.0326951
rf0461      8.24174     0.555817     0.294256
rf0791      7.48975     0.130780     0.751987
rf0728      8.17635     0.751987     0.294256
rf0745      7.39166    0.0326951     0.588512
rf0748      8.96103     0.130780      0.00000
rf0431      7.39166    0.0326951     0.621207
rf0459      7.62053     0.261561     0.555817
rf0440      8.27443     0.294256     0.555817
rf0393      7.42436    0.0653902     0.817377
rf0749      7.42436    0.0653902     0.588512
rs0002      8.33982     0.326951     0.425036
rs0003      8.96103      1.60206      0.00000
rs0004      8.01287     0.588512     0.261561
rs0005      8.24174     0.882768     0.392341
rs1314      8.47060    0.0980853     0.196171
rs0006      8.24174     0.784682     0.523122
rs0007      8.04557     0.653902     0.326951
rs0009      7.52245     0.163476     0.653902
rs0010      8.07826     0.588512     0.425036
rs0011      8.01287     0.621207     0.294256
rs0012      8.30713     0.490427     0.425036
rs0013      8.30713     0.523122     0.457731
rs0014      8.30713     0.228866     0.163476
rs0015      7.42436    0.0653902     0.621207
rs0018      8.92834     0.196171    0.0326951
rs0019      8.76486     0.196171     0.130780
rs0021      8.96103      1.60206      0.00000
rs0022      8.50330     0.163476    0.0980853
rs0023      8.66677     0.163476     0.130780
rs0029      8.79755     0.228866    0.0980854
rs0030      8.37252    0.0980853     0.130780
rs0032      8.96103     0.163476      0.00000
rs0035      8.01287     0.653902     0.294256
rs0037      7.68592     0.326951     0.523122
rs0039      7.71862     0.359646     0.555817
rs0040      8.14365     0.555817     0.359646
rs0041      8.11096     0.751987     0.457731
rs0042      8.37252     0.326951     0.490426
rs0043      8.96103      1.60206      0.00000
rs0044      8.53599     0.196171     0.326951
rs0045      8.37252     0.294256     0.523122
rs0046      8.86294     0.425036    0.0653902
rs1315      8.27443     0.228866     0.130780
rs0048      8.69947     0.261561     0.130780
rs0049      8.96103     0.130780      0.00000
rs1316      8.76486     0.261561     0.163476
rs0050      8.76486     0.261561     0.130780
rs0051      8.79755     0.196171    0.0980854
rs0052      8.47060     0.163476     0.196171
rs0053      8.92834     0.163476    0.0326951
rs0054      8.14365     0.686597     0.294256
rs0055      8.89564     0.228866    0.0326951
rs0056      8.30713     0.294256     0.457731
rs0057      7.65323     0.294256     0.719292
rs1317      8.66677      1.14433     0.294256
rs0060      7.98018     0.621207     0.359646
rs1318      7.94748     0.588512     0.980853
rs1319      8.92834     0.196171    0.0326951
rs0062      7.98018     0.588512     0.261561
rs0063      8.43791     0.163475     0.196171
rs0064      8.53599     0.196171    0.0653901
rs0065      8.04557     0.555817     0.392341
rs0066      7.48975     0.130780     0.751987
rs0068      8.40521     0.425036     0.457731
rs0070      7.62053     0.261561     0.621207
rs0074      8.50330     0.196171     0.196171
rs0077      8.92834     0.228866    0.0326951
rs0080      8.96103    0.0653901      0.00000
rs0081      8.66677      1.30780     0.261561
rs0082      7.42436    0.0653902     0.555817
rs0083      7.35897      0.00000     0.621207
rs0084      8.96103      1.60206      0.00000
rs0085      8.30713     0.457731     0.392341
rs0088      8.07826     0.588512     0.326951
rs0087      8.53599     0.228866    0.0653901
rs0089      8.89564     0.228866    0.0653901
rs0090      7.65323     0.294256     0.686597
rs0092      8.96103      1.60206      0.00000
rs0093      8.89564     0.196171    0.0326951
rs0094      8.66677     0.359646     0.261561
rs0095      7.35897      0.00000     0.784682
rs0096      8.89564     0.163476    0.0326951
rs0097      8.24174     0.784682     0.457731
rs0098      8.76486     0.751987     0.130780
rs0104      8.79755     0.294256    0.0653902
rs0105      7.98018     0.621207     0.326951
rs0107      8.96103      1.60206      0.00000
rs0109      7.98018     0.490426    0.0980853
rs0111      7.35897      0.00000     0.751987
rs1321      8.96103      1.60206      0.00000
rs1322      7.35897      0.00000     0.915463
rs0113      8.50330    0.0980853     0.163476
rs0114      8.73216     0.228866    0.0980853
rs0118      8.37252     0.326951     0.457731
rs0120      8.33982     0.196171     0.196171
rs0121      8.73216     0.228866     0.130780
rs0122      8.07826     0.686597     0.359646
rs0124      7.35897      0.00000     0.817378
rs0125      8.96103      1.60206     -1.60206
rs0126      8.53599     0.326951     0.326951
rs0127      8.66677     0.294256     0.294256
rs0128      8.79755     0.261561    0.0980854
rs0129      8.92834     0.130780    0.0326951
rs0130      7.94748     0.555817     0.359646
rs0132      7.39166    0.0326951     0.653902
rs0133      8.53599     0.163476    0.0653901
rs0134      8.56869     0.163476     0.163476
rs0135      8.76486     0.294256    0.0980853
rs0136      8.60138     0.196171    0.0326952
rs0137      8.33982     0.326951     0.294256
rs0138      7.94748     0.588512     0.326951
rs0139      7.52245     0.163476     0.621207
rs0140      7.39166    0.0326951     0.850073
rs0141      8.04557     0.653902     0.261561
rs0142      8.50330    0.0653902    0.0980853
rs0143      8.92834     0.163476    0.0326951
rs0145      8.14365     0.163476     0.359646
rs0146      8.20904     0.555817     0.294256
rs0147      8.56869     0.392341     0.196171
rs0148      8.96103    0.0980853      0.00000
rs0149      8.33982     0.588512     0.294256
rs1323      8.11096     0.392341     0.261561
rs1324      8.53599     0.163476     0.163475
rs0150      7.68592     0.326951     0.523122
rs0151      8.04557     0.621207     0.326951
rs0152      7.94748     0.555817     0.359646
rs0154      7.98018     0.621207     0.326951
rs1325      8.96103      1.60206      0.00000
rs0155      8.79755     0.425036     0.130780
rs0156      8.11096     0.294256     0.392341
rs0159      8.60138     0.163476     0.130780
rs0161      8.11096     0.719292     0.523122
rs0163      8.50330     0.196171    0.0980853
rs0165      8.33982     0.523122     0.392341
rs0166      8.86294     0.228866    0.0653902
rs0167      8.20904     0.686597     0.555817
rs0168      7.78401     0.392341     0.490426
rs0170      8.14365     0.686597     0.359646
rs0171      8.20904     0.653902     0.359646
rs0172      8.40521     0.228866     0.163476
rs0173      7.98018     0.555817     0.294256
rs0174      8.01287     0.588512     0.294256
rs0175      8.53599     0.228866     0.326951
rs0177      7.45706    0.0980853      1.27511
rs0178      8.96103    0.0653901      0.00000
rs0179      8.96103      1.60206      0.00000
rs0180      8.40521     0.326951     0.392341
rs0181      8.96103     0.326951      0.00000
rs0182      8.56869     0.196171     0.228866
rs0183      8.89564     0.163476    0.0653901
rs0188      8.33982     0.359646    0.0980853
rs0190      8.92834     0.163476    0.0326951
rs0191      8.47060     0.196171    0.0653902
rs0193      8.50330     0.196171     0.130780
rs0194      8.83025     0.294256    0.0653902
rs0196      8.24174     0.882768     0.686597
rs0201      8.96103      1.60206      0.00000
rs0202      7.55514     0.196171     0.555817
rs0203      8.43791     0.130780     0.130780
rs0206      8.92834     0.196171    0.0326951
rs0209      8.86294     0.196171    0.0653902
rs0210      7.94748     0.555817     0.359646
rs0211      8.92834     0.163476    0.0326951
rs0212      8.04557     0.653902     0.294256
rs0214      8.60138     0.196171     0.196171
rs0215      7.45706    0.0980853     0.555817
rs0218      8.96103      1.60206      0.00000
rs0220      7.98018     0.588512     0.359646
rs0221      8.73216     0.228866     0.130780
rs0222      8.89564     0.196171    0.0326951
rs0223      8.89564     0.196171    0.0326951
rs0225      8.40521     0.261561    0.0980853
rs0226      8.14365     0.621207     0.261561
rs0227      8.92834     0.196171    0.0326951
rs0228      8.01287     0.555817     0.392341
rs0231      8.24174     0.555817     0.392341
rs1329      7.52245     0.163476     0.653902
rs0236      7.65323     0.261561     0.490426
rs0237      8.56869     0.163476    0.0980853
rs0239      8.37252     0.719292    0.0980853
rs0240      8.79755     0.294256     0.163476
rs0241      8.37252     0.326951     0.457731
rs0242      8.47060     0.163476     0.130780
rs0243      8.79755     0.228866    0.0980854
rs0244      8.04557     0.555817     0.326951
rs0246      8.24174     0.686597     0.392341
rs0247      7.39166    0.0326951     0.555817
rs0250      8.50330     0.130780     0.359646
rs0253      8.86294     0.163476    0.0653902
rs0255      8.17635     0.686597     0.294256
rs0256      8.60138     0.588512     0.163476
rs0257      8.04557     0.588512     0.392341
rs0259      8.53599     0.163476    0.0980853
rs0260      8.96103    0.0980853      0.00000
rs0261      8.53599     0.196171    0.0980853
rs0262      8.04557     0.621207     0.294256
rs0263      8.86294     0.196171    0.0653902
rs0264      8.01287     0.653902     0.294256
rs0266      8.47060     0.163476    0.0980853
rs0267      8.96103      1.60206      0.00000
rs0268      8.96103      1.60206      0.00000
rs0269      8.24174     0.751987     0.425036
rs0270      8.92834     0.163476    0.0326951
rs0272      8.27443     0.621207     0.457731
rs0273      8.27443     0.621207     0.457731
rs0274      8.33982     0.326951     0.425036
rs0275      8.96103      1.60206      0.00000
rs0276      8.24174     0.555817     0.359646
rs0277      7.88209     0.523122     0.392341
rs1330      7.58784     0.228866     0.621207
rs0280      8.43791     0.130780    0.0980854
rs0282      8.47060     0.130780     0.130780
rs0283      8.30713     0.392341     0.490426
rs0285      8.01287     0.588512     0.359646
rs0289      8.33982     0.555817     0.326951
rs0290      7.81670     0.425036     0.490427
rs0291      7.55514     0.196171     0.686597
rs0292      8.24174     0.719292     0.425036
rs0297      7.75131     0.392341     0.523122
rs0302      7.42436    0.0653902     0.719292
rs0303      7.39166    0.0326951     0.588512
rs0306      8.37252     0.163476     0.163476
rs0308      8.69947     0.196171     0.163476
rs0310      8.83025     0.359646     0.130780
rs1331      7.68592     0.326951     0.555817
rs0313      8.76486     0.425036     0.130780
rs0314      8.33982     0.294256     0.490427
rs0315      8.96103      1.60206      0.00000
rs0316      8.47060     0.196171     0.130780
rs0318      7.35897      0.00000      1.30780
rs0320      8.86294     0.457731    0.0653902
rs0323      8.37252     0.359646     0.261561
rs0328      8.11096     0.555817     0.326951
rs0331      8.37252     0.359646     0.457731
rs0334      8.53599     0.196171     0.130780
rs0336      8.27443     0.588512     0.359646
rs0337      8.50330     0.326951     0.261561
rs0339      8.89564     0.196171    0.0653901
rs0340      8.40521     0.294256     0.392341
rs0341      8.24174     0.751987     0.621207
rs0342      8.01287     0.621207     0.326951
rs0343      8.04557     0.621207     0.326951
rs0344      8.14365     0.686597     0.359646
rs0345      7.35897      0.00000     0.686597
rs0346      7.48975     0.130780     0.751987
rs0348      8.24174     0.457731     0.228866
rs0349      7.39166    0.0326951     0.555817
rs0350      8.43791     0.196171     0.163476
rs0351      8.89564     0.228866    0.0326951
rs0354      8.01287     0.588512     0.359646
rs0356      8.92834     0.228866    0.0326951
rs0358      8.40521     0.228866     0.130780
rs0362      8.96103     0.196171      0.00000
rs0363      7.98018     0.621207     0.359646
rs0364      7.39166    0.0326951     0.817378
rs0365      7.94748     0.555817     0.359646
rs0371      8.79755     0.228866    0.0980854
rs0372      7.94748     0.588512     0.392341
rs0373      8.63408     0.326951     0.228866
rs0374      8.04557     0.653902     0.392341
rs0376      8.43791     0.294256     0.425036
rs0377      8.47060     0.163476     0.163476
rs0378      8.83025     0.196171    0.0653902
rs0380      8.66677     0.588512     0.228866
rs0381      8.96103      1.60206      0.00000
rs0382      8.92834     0.163476    0.0326951
rs0384      8.27443     0.719292     0.359646
rs0386      8.24174     0.588512     0.588512
rs0388      7.68592     0.326951     0.523122
rs0389      7.35897      0.00000     0.621207
rs0390      8.96103      1.60206      0.00000
rs0391      8.63408     0.228866     0.130780
rs0392      8.11096     0.686597     0.588512
rs0393      8.11096     0.490426     0.425036
rs0394      7.48975     0.130780     0.719292
rs0396      8.92834     0.130780      0.00000
rs0404      7.35897      0.00000     0.686597
rs0405      7.65323     0.261561     0.425036
rs0406      8.33982     0.326951     0.392341
rs0408      8.33982     0.261561     0.392341
rs0409      7.35897      0.00000     0.621207
rs0411      7.88209     0.490427     0.359646
rs1332      7.98018     0.555817     0.294256
rs0415      7.35897      0.00000     0.850073
rs0416      7.35897      0.00000     0.882768
rs0418      8.04557     0.621207     0.326951
rs0419      8.43791     0.326951     0.163476
rs0420      8.96103      1.60206      0.00000
rs0421      7.35897      0.00000     0.621207
rs0422      7.48975     0.130780     0.588512
rs0424      7.91479     0.555817     0.196171
rs0425      8.14365     0.163476     0.196171
rs0427      7.98018     0.588512     0.294256
rs0428      8.20904     0.588512     0.392341
rs0429      7.75131     0.359646     0.392341
rs0430      7.45706    0.0980853     0.653902
rs0432      7.84940     0.490426     0.163476
rs0433      8.37252     0.326951     0.425036
rs0434      8.20904     0.751987     0.523122
rs0435      7.75131     0.392341     0.523122
rs0437      8.24174     0.621207     0.228866
rs0440      8.40521    0.0653902     0.163476
rs0442      7.35897      0.00000     0.621207
rs0444      7.39166    0.0326951     0.621207
rs0446      8.66677     0.163476    0.0980853
rs1333      8.66677     0.163476    0.0980853
rs1336      8.96103      1.60206      0.00000
rs0448      8.04557     0.490427     0.261561
rs0449      8.40521     0.261561     0.163476
rs0450      8.60138     0.163476      0.00000
rs0451      8.20904     0.163476     0.196171
rs0452      8.50330     0.163476    0.0980853
rs0453      8.96103     0.490426      0.00000
rs0454      8.96103      1.60206      0.00000
rs0456      8.11096     0.196171     0.294256
rs0457      7.39166    0.0326951     0.719292
rs0460      7.84940     0.490426     0.425036
rs0463      8.63408     0.326951     0.163475
rs0466      8.96103     0.392341      0.00000
rs0467      7.81670     0.457731     0.457731
rs0468      8.96103      1.60206      0.00000
rs0469      8.24174     0.621207     0.490427
rs0470      7.58784     0.228866     0.653902
rs0472      7.39166    0.0326951     0.621207
rs0473      7.62053     0.261561     0.621207
rs0476      8.60138     0.261561     0.163476
rs0477      8.96103      1.60206      0.00000
rs0480      8.33982     0.588512     0.326951
rs0484      7.62053     0.261561     0.686597
rs0485      8.07826     0.686597     0.294256
rs0493      8.66677     0.686597     0.228866
rs0495      7.98018     0.588512     0.359646
rs0496      8.76486     0.294256    0.0980853
rs0497      7.52245     0.163476     0.751987
rs0498      8.89564     0.228866    0.0653901
rs0501      8.01287     0.588512     0.326951
rs0503      8.92834     0.163476    0.0326951
rs0505      8.96103     0.523122      0.00000
rs0508      8.04557     0.653902     0.326951
rs0513      8.27443     0.751987     0.228866
rs0516      8.07826     0.588512     0.261561
rs0517      8.53599     0.196171     0.130780
rs0519      8.47060     0.359646     0.196171
rs0520      8.11096     0.555817     0.392341
rs0521      8.40521     0.294256     0.457731
rs0522      8.60138     0.228866     0.196171
rs0524      8.04557     0.621207     0.326951
rs0526      8.30713     0.523122     0.294256
rs0528      8.96103    0.0980853      0.00000
rs0529      8.30713     0.686597     0.261561
rs0531      8.92834     0.130780    0.0326951
rs0532      8.43791     0.326951     0.163476
rs0534      8.96103      1.60206      0.00000
rs0536      8.66677     0.686597     0.228866
rs0537      8.86294     0.196171    0.0653902
rs0538      8.69947     0.555817     0.163476
rs0541      8.92834     0.196171      0.00000
rs0543      8.17635     0.686597     0.326951
rs0545      7.35897      0.00000     0.817378
rs0548      8.14365     0.751987     0.621207
rs0549      8.27443     0.490426     0.326951
rs0553      8.01287     0.588512     0.392341
rs0554      8.96103      0.00000      0.00000
rs0555      8.83025     0.228866    0.0653902
rs0556      7.35897      0.00000     0.588512
rs0559      8.27443     0.425036     0.490426
rs0560      8.86294     0.228866    0.0653902
rs0561      8.86294     0.196171    0.0653902
rs0562      7.52245     0.130780     0.751987
rs0564      8.01287     0.653902     0.359646
rs0566      8.14365     0.686597     0.425036
rs0568      8.11096     0.588512     0.326951
rs0570      8.79755     0.621207    0.0653902
rs0571      7.62053     0.261561     0.621207
rs0572      8.89564     0.261561    0.0326951
rs0573      8.01287     0.588512     0.326951
rs0574      8.89564     0.326951    0.0326951
rs0578      8.92834     0.228866      0.00000
rs0580      8.63408     0.163476     0.130780
rs0582      8.43791     0.163475    0.0326952
rs0585      7.91479     0.555817     0.523122
rs0586      8.24174     0.784682     0.425036
rs0587      8.40521     0.163476     0.425036
rs0588      7.35897      0.00000      1.27511
rs0589      8.24174     0.817377     0.555817
rs0591      8.50330     0.130780    0.0980853
rs0597      8.30713     0.523122     0.425036
rs0598      8.96103    0.0980853      0.00000
rs0602      8.37252     0.163476     0.163476
rs0603      8.30713     0.588512    0.0653902
rs0605      8.73216     0.261561     0.130780
rs0609      8.37252     0.294256     0.359646
rs0610      8.73216     0.261561     0.130780
rs0612      8.92834     0.130780    0.0326951
rs0615      8.60138     0.228866     0.130780
rs0618      8.20904     0.784682     0.359646
rs0620      8.24174     0.784682     0.392341
rs0623      7.55514     0.196171     0.653902
rs0627      8.53599     0.163476     0.196171
rs0631      8.11096     0.555817     0.326951
rs0636      8.53599     0.228866     0.326951
rs0638      8.73216     0.261561     0.130780
rs0640      8.11096     0.490426     0.425036
rs0644      8.01287     0.588512     0.392341
rs0645      8.69947     0.228866     0.163476
rs0650      8.53599     0.163476    0.0980853
rs1337      8.24174     0.882768     0.686597
rs0656      8.60138     0.196171     0.196171
rs0657      8.53599     0.130780     0.163475
rs0660      8.92834     0.130780    0.0326951
rs0669      8.96103      1.60206      0.00000
rs0671      8.14365     0.621207     0.326951
rs0672      8.56869     0.196171    0.0326951
rs0678      7.98018     0.588512     0.359646
rs0679      8.14365     0.523122     0.523122
rs0688      8.96103    0.0653901      0.00000
rs0700      7.65323     0.294256     0.621207
rs0708      8.60138     0.228866      0.00000
rs0710      8.20904     0.686597     0.392341
rs0712      8.01287     0.621207     0.294256
rs0719      8.96103     0.163476      0.00000
rs0722      7.98018     0.621207     0.359646
rs0731      8.56869     0.294256     0.294256
rs0736      7.78401     0.425036     0.621207
rs0742      8.66677     0.359646     0.261561
rs0741      8.96103    0.0980853      0.00000
rs0744      8.79755     0.163475    0.0980854
rs0743      7.91479     0.523122     0.359646
rs0745      8.37252     0.294256    0.0980853
rs0751      8.50330     0.163476    0.0980853
rs0754      8.56869     0.196171     0.196171
rs0740      8.20904     0.686597     0.392341
rs0758      8.83025     0.294256    0.0653902
rs0752      8.04557     0.588512     0.359646
rs0757      8.86294     0.196171    0.0980853
rs0756      8.07826     0.653902     0.392341
rs0764      8.50330     0.228866     0.392341
rs0763      8.47060     0.163476     0.163476
rs0774      8.37252     0.392341     0.457731
rs0775      7.88209     0.523122     0.425036
rs0781      8.53599     0.163476    0.0980853
rs0776      8.27443     0.588512     0.392341
rs0779      8.92834     0.523122    0.0326951
rs0794      8.40521     0.228866     0.490427
rs0802      7.94748     0.588512     0.359646
rs0800      8.14365     0.621207     0.326951
rs1339      8.96103      1.60206      0.00000
rs1338      8.50330     0.196171     0.163476
rs0824      8.96103      1.60206      0.00000
rs0834      8.73216     0.196171     0.130780
rs1340      7.58784     0.228866     0.719292
rs0840      8.33982     0.457731     0.425036
rs0839      8.47060     0.163476    0.0980853
rs0845      8.43791     0.163475     0.163476
rs0846      8.17635     0.490426     0.196171
rs0855      8.63408     0.228866     0.130780
rs0850      8.83025     0.228866    0.0980853
rs0843      8.69947     0.261561     0.163476
rs0869      8.24174     0.621207     0.261561
rs0871      8.40521     0.359646     0.359646
rs0882      8.96103      1.60206      0.00000
rs0895      7.48975     0.130780     0.784682
rs0891      8.76486     0.228866     0.130780
rs0888      8.50330     0.130780     0.163476
rs0896      8.96103      1.60206      0.00000
rs0897      8.50330     0.261561     0.359646
rs0922      8.30713     0.261561     0.163476
rs0974      8.96103     0.130780      0.00000
rs0962      8.56869     0.196171     0.196171
rs1354      8.79755     0.326951    0.0980854
rs0767      7.84940     0.490426     0.588512
rs0768      8.50330     0.196171     0.130780
rs0738      8.50330     0.163476     0.163476
rs0734      8.47060     0.163476     0.196171
rs0727      8.60138     0.523122     0.228866
rs0726      8.04557     0.621207     0.294256
rs0724      8.92834     0.163476    0.0326951
rs0782      8.24174     0.850073     0.392341
rs0778      8.11096     0.555817     0.425036
rs0777      7.98018     0.621207     0.294256
rs0784      8.96103    0.0653901      0.00000
rs0788      8.17635     0.621207     0.261561
rs0795      7.91479     0.555817     0.326951
rs0797      8.53599     0.163476    0.0980853
rs0798      8.56869     0.228866    0.0653902
rs0799      7.52245     0.163476     0.653902
rs0832      8.01287     0.621207     0.326951
rs0827      8.96103      1.60206      0.00000
rs0828      8.27443     0.588512     0.392341
rs0804      8.20904     0.784682     0.196171
rs0812      8.86294     0.196171    0.0653902
rs0810      7.98018     0.588512     0.294256
rs0811      8.43791     0.163475     0.130780
rs0809      8.92834     0.130780    0.0326951
rs0808      8.96103      1.60206      0.00000
rs0806      8.79755     0.163475    0.0980854
rs0876      8.24174     0.882768     0.261561
rs1343      7.78401     0.425036     0.523122
rs0860      8.96103      1.60206      0.00000
rs0842      7.48975     0.130780     0.555817
rs0847      8.79755     0.326951    0.0653902
rs0866      8.73216     0.261561     0.130780
rs0857      7.35897      0.00000     0.621207
rs0853      8.17635     0.621207     0.457731
rs0867      7.62053     0.261561     0.621207
rs0868      8.60138     0.196171     0.228866
rs0870      8.66677      1.24241     0.130780
rs0906      8.20904     0.719292     0.425036
rs0893      8.07826     0.686597     0.359646
rs0880      8.60138     0.196171     0.196171
rs0879      8.83025     0.359646    0.0980853
rs0875      8.66677     0.457731     0.228866
rs0872      8.17635     0.784682     0.621207
rs0900      8.96103      1.60206      0.00000
rs0923      7.58784     0.228866     0.588512
rs0919      7.88209     0.523122     0.425036
rs0908      7.42436    0.0653902     0.588512
rs0907      8.30713     0.653902     0.326951
rs0915      7.48975     0.130780     0.621207
rs0917      7.94748     0.588512     0.228866
rs0916      8.30713     0.523122     0.392341
rs0920      8.14365     0.719292     0.326951
rs0921      8.92834     0.163476    0.0326951
rs0932      7.48975     0.130780     0.555817
rs0926      8.01287     0.653902     0.359646
rs0930      8.01287     0.621207     0.359646
rs0934      8.33982     0.326951     0.425036
rs0945      8.53599     0.196171     0.228866
rs0944      8.27443     0.686597     0.392341
rs0968      7.35897      0.00000     0.686597
rs0953      8.47060    0.0980853     0.163476
rs1347      8.96103      1.60206      0.00000
rs0976      7.55514     0.196171     0.719292
rs0975      8.40521     0.425036     0.457731
rs0978      8.04557     0.490427    0.0653902
rs0967      8.14365     0.294256     0.261561
rs0970      8.69947     0.261561    0.0980853
rs0958      8.40521     0.326951     0.457731
rs0959      7.42436    0.0653902     0.850073
rs0981      8.11096     0.653902     0.326951
rs0984      8.37252     0.359646     0.163476
rs0985      8.24174     0.719292     0.392341
rs0983      8.14365     0.686597     0.490427
rs0790      7.55514     0.196171     0.719292
rs0793      8.33982     0.326951     0.425036
rs1342      8.56869     0.130780     0.163476
rs0873      8.89564     0.196171    0.0326951
rs0910      8.96103    0.0980853      0.00000
rs0909      8.30713     0.555817     0.261561
rs0933      8.24174     0.882768     0.523122
rs0935      8.33982     0.196171     0.261561
rs0936      8.33982     0.163475     0.163476
rs1345      8.50330     0.130780     0.392341
rs0954      8.96103      1.60206      0.00000
rs1348      8.69947     0.261561     0.163476
rs0957      8.07826     0.719292     0.196171
rs0950      8.24174     0.653902     0.359646
rs0946      8.86294     0.326951    0.0653902
rs0941      8.07826     0.621207     0.392341
rs1346      7.45706    0.0980853     0.686597
rs0979      8.73216     0.392341    0.0980853
rs0980      8.96103     0.130780      0.00000
rs1353      8.66677     0.751987     0.294256
rs1350      8.96103      1.24241      0.00000
rs1351      8.96103      1.60206      0.00000
rs1349      8.66677      1.30780     0.294256
rs0960      7.35897      0.00000     0.850073
rs0982      7.35897      0.00000     0.621207
rs0833      8.83025     0.196171     0.130780
rs0831      8.76486     0.196171     0.130780
rs0818      8.04557     0.621207     0.294256
rs0822      7.35897      0.00000     0.621207
rs0821      8.24174     0.719292     0.261561
rs0823      8.96103     0.130780      0.00000
rs0816      7.45706    0.0980853     0.588512
rs0814      7.39166    0.0326951     0.621207
rs0815      8.01287     0.588512     0.326951
rs0820      7.68592     0.326951     0.457731
rs0805      7.35897      0.00000     0.621207
rs1518      8.86294     0.163476    0.0326952
rs1000      8.86294     0.228866    0.0653902
rs1002      8.37252     0.359646     0.425036
rs1033      8.96103      1.60206     -1.60206
rs1034      8.11096     0.653902     0.294256
rs1074      8.04557     0.588512     0.294256
rs1081      8.11096     0.588512     0.326951
rs1109      8.92834      1.56936    0.0326951
rs1110      8.56869     0.196171     0.163476
rs1111      8.96103      1.60206      0.00000
rs1114      7.35897      0.00000     0.621207
rs1116      8.14365     0.130780     0.228866
rs1134      8.96103      1.60206      0.00000
rs1159      8.01287     0.588512     0.294256
rs1163      8.66677      1.30780     0.294256
rs1175      7.94748     0.588512     0.457731
rs1202      8.01287     0.621207     0.359646
rs1036      8.07826     0.588512    0.0326951
rs1260      8.73216     0.425036    0.0653901
rs1261      8.24174     0.751987     0.523122
rs1472      8.83025    0.0980853    0.0653902
rs1473      8.92834    0.0653902    0.0326951
rs0989      8.40521     0.228866     0.130780
rs1355      8.96103      1.60206      0.00000
rs0991      8.89564     0.196171    0.0326951
rs0997      8.56869     0.196171     0.163476
rs0998      7.52245     0.163476     0.621207
rs1015      7.48975     0.130780     0.523122
rs1026      7.39166    0.0326951     0.915463
rs1038      8.01287     0.621207     0.294256
rs1437      8.73216     0.228866    0.0326951
rs1491      8.47060    0.0980853     0.130780
rs1449      8.37252    0.0653902     0.228866
rs0988      8.92834     0.326951    0.0326951
rs1119      7.94748     0.555817     0.359646
rs1121      8.20904     0.196171     0.196171
rs1122      8.66677      1.30780     0.294256
rs1004      8.60138     0.196171    0.0326952
rs1005      8.30713     0.621207    0.0980853
rs1010      8.60138     0.228866    0.0326952
rs1075      8.56869     0.130780     0.228866
rs1093      8.50330     0.163476    0.0653902
rs1178      8.66677     0.130780     0.130780
rs1297      8.20904     0.817378     0.457731
rs1446      7.94748     0.588512      1.01355
rs1086      8.96103      1.60206      0.00000
rs0996      7.52245     0.163476     0.686597
rs1001      8.66677     0.588512     0.196171
rs1117      8.96103      1.20972      0.00000
rs1185      8.40521     0.261561     0.130780
rs1003      8.76486     0.261561    0.0653902
rs1394      8.96103      1.60206      0.00000
rf0058      8.37252     0.359646     0.425036
rf0526      7.45706    0.0980853     0.621207
rf0024      8.73216     0.261561     0.130780
rs1054      7.71862     0.359646     0.555817
rs1219      8.56869     0.163476     0.196171
rs1245      8.01287     0.653902     0.294256
rf0530      8.17635     0.719292     0.228866
rs1025      8.53599     0.163476    0.0326951
rf0053      8.04557     0.653902     0.261561
rf0051      7.42436    0.0653902     0.686597
rs1264      8.04557     0.621207     0.294256
rs1143      7.68592     0.294256     0.555817
rs1361      8.01287     0.621207     0.326951
rs1398      8.33982     0.392341     0.163476
rs1399      8.30713     0.425036     0.490426
rs1409      8.96103      1.60206      0.00000
rs1291      8.17635     0.555817     0.326951
rf0022      8.47060     0.359646     0.163476
rs1259      8.27443     0.588512     0.261561
rs1018      8.96103      1.60206      0.00000
rs1028      8.37252     0.294256     0.425036
rs1031      8.24174     0.686597     0.425036
rs1032      7.98018     0.588512     0.326951
rs1062      8.53599     0.163476     0.130780
rs1063      7.45706    0.0980853     0.588512
rs1064      8.43791    0.0980853     0.228866
rs1068      8.56869     0.196171     0.261561
rs1084      8.37252     0.359646     0.359646
rs1157      8.96103      1.14433      0.00000
rs1162      8.96103      1.60206      0.00000
rs1395      8.30713     0.196171     0.196171
rs1211      8.53599     0.163476    0.0326951
rs1364      8.96103      1.60206      0.00000
rs1217      8.96103    0.0980853      0.00000
rs1218      8.40521     0.228866    0.0980853
rs1221      7.84940     0.457731     0.457731
rs1366      8.47060     0.359646     0.359646
rs1223      8.96103      1.60206      0.00000
rs1230      8.33982     0.130780     0.130780
rs1371      8.30713     0.555817     0.425036
rs1373      8.20904     0.751987     0.392341
rs1235      7.35897      0.00000     0.850073
rs1377      8.40521     0.228866     0.130780
rs1385      8.27443     0.653902     0.359646
rs1396      7.42436    0.0653902     0.653902
rs1397      8.27443     0.359646     0.261561
rs1401      7.71862     0.359646     0.425036
rs1257      8.01287     0.621207     0.326951
rs1262      7.98018     0.588512     0.359646
rs1293      8.66677     0.196171    0.0980853
rs1298      8.17635     0.751987     0.588512
rs1303      8.07826     0.621207     0.490427
rs1305      8.24174     0.850073     0.228866
rs1310      8.27443     0.653902     0.326951
rs1393      7.35897      0.00000     0.653902
rf0006      8.24174     0.686597     0.359646
rf0010      7.68592     0.326951     0.392341
rf0012      7.78401     0.425036     0.457731
rf0013      8.37252     0.523122    0.0980853
rf0014      7.84940     0.490426     0.425036
rf0015      8.56869     0.130780     0.163476
rs1106      8.04557     0.653902    0.0326951
rs1108      8.24174     0.882768     0.555817
rs1112      8.60138      1.24241     0.261561
rs1126      8.66677      1.17702     0.261561
rs1029      8.30713     0.457731     0.425036
rs1030      7.45706    0.0980853     0.588512
rs1035      8.24174     0.751987     0.261561
rs1040      7.98018     0.621207     0.392341
rs1047      8.04557     0.653902     0.294256
rs1050      8.96103      1.60206      0.00000
rs1052      8.11096     0.523122     0.326951
rs1055      8.07826     0.653902     0.425036
rs1057      8.53599     0.163476    0.0653901
rs1065      8.33982     0.326951     0.425036
rs1072      8.27443     0.653902     0.326951
rs1382      7.68592     0.326951     0.555817
rs1149      8.96103      1.20972      0.00000
rs1150      7.35897      0.00000     0.784682
rs1165      7.75131     0.392341     0.523122
rs1278      8.76486     0.359646     0.130780
rs1405      8.01287     0.653902     0.326951
rs1267      8.53599     0.130780    0.0980853
rf0150      8.50330    0.0980853     0.163476
rs1270      8.27443     0.261561     0.490426
rf0049      7.65323     0.261561     0.621207
rs1271      7.94748     0.555817     0.294256
rf0573      8.14365     0.719292     0.425036
rf0129      8.40521     0.228866     0.130780
rs1152      8.53599     0.163476    0.0653901
rs1168      8.83025     0.326951    0.0326951
rs1187      8.24174     0.882768     0.425036
rf0540      8.53599     0.130780     0.196171
rs1378      8.37252     0.261561     0.130780
rs1387      8.96103      1.60206      0.00000
rs1302      7.62053     0.261561     0.686597
rs0995      8.43791     0.130780     0.130780
rs1391      8.01287     0.555817     0.326951
rf0136      8.56869     0.228866     0.326951
rs1006      8.27443     0.653902     0.457731
rs1017      7.48975     0.130780     0.719292
rf0048      8.07826     0.653902     0.392341
rs1268      8.24174     0.882768     0.130780
rf0554      7.42436    0.0653902     0.621207
rs1266      8.63408     0.392341     0.196171
rf0042      8.07826     0.621207     0.326951
rf0037      8.96103    0.0653901      0.00000
rf0108      7.55514     0.196171     0.457731
rf0527      7.45706    0.0980853     0.686597
rf0109      8.53599     0.163476     0.196171
rs1169      8.50330     0.163476    0.0980853
rs1183      8.73216     0.196171     0.163476
rs1384      8.96103      1.60206      0.00000
rs1383      8.20904     0.719292     0.294256
rs1248      8.50330     0.130780     0.130780
rs1191      8.83025     0.196171    0.0653902
rf0099      8.07826     0.588512     0.359646
rf0549      7.81670     0.457731     0.523122
rf0076      7.98018     0.555817     0.359646
rs1272      7.35897      0.00000     0.686597
rf0561      7.39166    0.0326951     0.653902
rf0041      8.96103      1.60206     -1.60206
rs1265      8.40521     0.359646     0.359646
rs1123      8.43791     0.196171    0.0980854
rs1132      7.35897      0.00000     0.751987
rf0062      8.50330     0.228866     0.359646
rs1023      8.83025     0.294256    0.0980853
rf0564      8.30713     0.588512     0.326951
rf0065      7.81670     0.425036     0.425036
rf0102      8.76486     0.457731    0.0980853
rf0531      7.35897      0.00000     0.653902
rs1087      8.50330     0.196171     0.130780
rs1103      8.24174     0.653902     0.359646
rs1105      8.01287     0.588512     0.326951
rf0023      7.58784     0.228866     0.555817
rf0111      8.37252     0.425036     0.228866
rs1128      8.04557     0.588512     0.294256
rs1129      8.66677      1.30780     0.294256
rs1142      8.04557     0.588512     0.392341
rs1145      8.33982     0.359646     0.392341
rs1151      8.07826     0.588512     0.392341
rs1156      8.11096     0.653902     0.359646
rf0517      7.42436    0.0653902     0.719292
rf0524      7.62053     0.261561     0.653902
rs1210      8.60138     0.163476     0.228866
rf0518      7.45706    0.0980853     0.850073
rs1224      8.40521     0.196171     0.196171
rs1386      8.43791     0.359646     0.359646
rs1375      7.35897      0.00000     0.751987
rs1381      7.48975     0.130780     0.719292
rs1250      8.96103    0.0326951      0.00000
rf0125      8.40521     0.130780     0.163476
rs1277      8.20904     0.784682     0.555817
rf0126      8.96103    0.0980853      0.00000
rf0128      8.20904     0.653902     0.326951
rf0026      7.68592     0.326951     0.457731
rs1020      7.35897      0.00000      1.34050
rs1102      8.96103      1.60206      0.00000
rs1118      8.40521    0.0980853     0.163476
rs1131      8.56869     0.163476     0.163476
rs1138      8.14365     0.621207     0.392341
rs1188      7.48975     0.130780     0.555817
rs1192      7.71862     0.359646     0.555817
rf0118      7.45706    0.0980853     0.653902
rs1372      8.66677     0.555817     0.294256
rs1016      8.60138     0.228866    0.0980853
rf0079      8.14365     0.621207     0.392341
rf0084      8.33982     0.326951     0.457731
rs1060      7.65323     0.294256     0.588512
rf0537      7.35897      0.00000     0.653902
rf0148      8.96103    0.0326951      0.00000
rs1229      8.96103      1.60206      0.00000
rf0162      7.52245     0.163476     0.686597
rf0060      8.11096     0.686597     0.392341
rs1236      8.24174     0.751987     0.294256
rf0077      8.30713     0.425036     0.490426
rf0072      7.42436    0.0653902     0.686597
rf0083      8.04557     0.653902     0.326951
rf0532      7.45706    0.0980853     0.588512
rf0064      7.52245     0.163476     0.523122
rf0092      8.53599     0.130780     0.163475
rs1082      8.86294     0.359646    0.0326952
rs1083      8.50330     0.261561     0.359646
rf0017      7.98018     0.555817     0.294256
rf0045      7.62053     0.261561     0.555817
rf0138      8.96103      1.60206      0.00000
rf0055      8.89564     0.294256    0.0326951
rf0547      7.35897      0.00000     0.882768
rf0207      8.07826     0.686597     0.326951
rf0550      7.58784     0.228866     0.686597
rf0528      7.35897      0.00000     0.751987
rf0225      7.45706    0.0980853     0.686597
rf0534      7.42436    0.0653902     0.784682
rf0143      8.33982     0.326951     0.425036
rf0007      8.92834     0.196171    0.0326951
rf0576      8.96103      1.60206      0.00000
rf0551      7.42436    0.0653902     0.686597
rf0061      8.27443     0.784682     0.588512
rf0553      8.24174     0.784682     0.359646
rf0104      7.78401     0.425036     0.882768
rf0107      7.78401     0.425036     0.490426
rf0043      8.53599     0.163476    0.0653901
rs1059      8.33982     0.326951     0.130780
rf0105      7.39166    0.0326951     0.850073
rs1070      8.63408     0.621207     0.196171
rf0132      8.43791     0.130780     0.326951
rs1076      8.53599     0.196171     0.163475
rs1080      8.66677     0.228866     0.163476
rf0133      8.89564     0.130780    0.0326951
rf0113      8.86294     0.326951    0.0653902
rf0040      8.89564     0.196171    0.0326951
rs1125      8.43791     0.163475     0.163476
rf0520      7.52245     0.163476     0.621207
rs1135      7.98018     0.621207     0.359646
rs1137      8.37252     0.294256     0.326951
rf0294      8.92834    0.0980853    0.0326951
rs1359      8.17635     0.653902     0.261561
rf0543      7.68592     0.326951     0.588512
rs1406      8.96103      1.60206      0.00000
rs1154      8.37252     0.326951     0.196171
rf0016      8.89564     0.163476    0.0326951
rf0516      8.14365     0.784682     0.326951
rs1164      7.35897      0.00000     0.686597
rs1170      8.14365     0.621207     0.359646
rs1171      8.37252     0.326951     0.294256
rs1172      7.58784     0.228866     0.751987
rf0068      7.78401     0.425036     0.490426
rs1177      8.50330     0.490426     0.294256
rs1179      8.04557     0.490427     0.130780
rs1182      8.60138     0.196171     0.196171
rs1184      8.14365     0.686597     0.359646
rs1388      7.35897      0.00000     0.653902
rs1190      8.56869     0.261561     0.294256
rs1197      8.92834     0.130780    0.0326951
rs1198      8.63408     0.555817     0.196171
rs1200      7.88209     0.523122     0.392341
rs1362      8.01287     0.621207     0.359646
rf0070      8.14365     0.719292     0.425036
rs1205      8.50330     0.130780     0.130780
rs1207      8.37252     0.326951    0.0980853
rs1208      7.94748     0.588512     0.359646
rs1209      8.07826     0.490426     0.294256
rs1212      8.37252     0.261561     0.523122
rs1213      8.79755     0.196171    0.0980854
rs1214      8.96103      1.60206      0.00000
rf0011      8.50330     0.163476     0.196171
rs1220      8.50330     0.163476     0.326951
rs1222      8.17635     0.653902     0.457731
rf0555      8.07826     0.719292     0.228866
rf0036      7.65323     0.294256     0.555817
rs1226      8.96103      1.60206      0.00000
rs1370      7.62053     0.261561     0.555817
rf0117      7.98018     0.621207     0.392341
rf0121      8.11096     0.686597     0.392341
rf0621      7.48975     0.130780     0.588512
rs1389      8.14365     0.686597     0.294256
rf0579      7.94748     0.523122     0.326951
rs1403      8.33982     0.359646     0.425036
rs1404      8.96103      1.60206      0.00000
rs1283      8.04557     0.653902     0.359646
rs1296      7.39166    0.0326951     0.621207
rf0134      8.56869     0.163476     0.196171
rs1091      8.73216     0.261561     0.130780
rf0246      7.94748     0.588512     0.392341
rf0127      8.37252     0.719292    0.0980853
rf0317      7.98018     0.588512     0.457731
rf0073      8.30713     0.228866     0.294256
rf0577      8.07826     0.686597     0.392341
rf0533      8.30713     0.326951     0.555817
rf0028      8.30713     0.686597     0.457731
rf0029      8.24174     0.653902     0.457731
rf0030      8.60138     0.163476     0.196171
rf0031      8.56869     0.196171    0.0653902
rf0032      8.17635     0.588512     0.392341
rf0033      8.04557     0.686597     0.457731
rf0536      8.04557     0.653902     0.751987
rf0034      7.42436    0.0653902     0.653902
rf0539      7.62053     0.261561     0.588512
rf0574      7.58784     0.228866     0.686597
rs1254      8.89564     0.130780    0.0326951
rs1092      8.86294     0.228866    0.0653902
rs1098      8.14365     0.686597     0.392341
rs1100      8.53599     0.196171     0.130780
rs1104      8.40521     0.228866     0.163476
rf0158      8.60138     0.261561     0.228866
rs1124      8.11096     0.588512     0.326951
rs1147      7.48975     0.130780     0.653902
rs1079      8.43791     0.228866    0.0980854
rs1195      8.40521     0.326951     0.196171
rf0071      8.96103     0.490426      0.00000
rf0119      7.98018     0.588512     0.392341
rf0123      7.75131     0.359646     0.523122
rs1294      8.89564     0.163476    0.0653901
rs1292      8.50330     0.261561     0.294256
rs1290      7.68592     0.326951     0.686597
rs1289      8.04557     0.621207     0.359646
rs1286      8.27443     0.490426     0.359646
rf0620      7.42436    0.0653902     0.719292
rs1284      8.11096     0.686597     0.228866
rf0074      8.86294     0.261561    0.0653902
rs1408      8.60138     0.228866     0.163476
rs1043      8.96103      1.60206      0.00000
rf0545      7.35897      0.00000      1.07894
rs1053      8.43791     0.817377     0.130780
rs1048      8.47060     0.130780     0.163476
rf0623      7.58784     0.228866     0.523122
rs1046      8.79755     0.261561     0.130780
rs1045      8.33982     0.228866     0.196171
rs1021      8.14365     0.686597     0.392341
rs1014      8.63408      1.27511     0.163475
rf0616      8.04557     0.588512     0.457731
rs1011      8.07826     0.653902     0.457731
rf0582      7.45706    0.0980853     0.588512
rf0164      8.53599     0.196171    0.0653901
rf0249      8.63408     0.196171    0.0653901
rf0250      8.24174     0.751987     0.294256
rf0326      7.94748     0.588512     0.392341
rf0684      8.43791     0.130780     0.130780
rf0340      8.04557     0.523122     0.261561
rf0612      8.79755    0.0980853     0.130780
rf0221      8.92834    0.0653902    0.0326951
rf0283      8.50330     0.130780     0.130780
rf0229      8.56869     0.196171     0.196171
rf0241      7.42436    0.0653902     0.653902
rf0263      8.33982     0.326951     0.425036
rf0264      8.89564     0.228866    0.0326951
rf0295      8.69947     0.196171     0.130780
rf0315      8.47060     0.130780     0.196171
rf0316      8.96103      1.60206      0.00000
rs1304      7.84940     0.490426     0.359646
rf0303      8.01287     0.621207     0.359646
rs1301      8.92834     0.163476    0.0326951
rs1282      8.79755     0.261561    0.0653902
rs1299      7.42436    0.0653902     0.850073
rf0314      8.27443     0.719292     0.425036
rf0318      8.96103      1.60206      0.00000
rf0267      8.11096     0.490426     0.294256
rf0166      8.96103     0.130780      0.00000
rf0319      8.43791     0.163475    0.0980854
rs1258      8.53599     0.163476     0.196171
rs1281      7.81670     0.457731     0.490427
rf0333      8.50330    0.0980853    0.0653902
rf0223      8.50330     0.196171    0.0653902
rf0259      8.24174     0.751987     0.359646
rf0227      8.30713     0.523122     0.392341
rf0338      8.96103      1.60206      0.00000
rf0279      7.84940     0.490426     0.523122
rf0234      8.89564     0.228866    0.0326951
rf0580      7.62053     0.261561     0.653902
rf0157      8.01287     0.621207     0.261561
rf0167      8.37252     0.228866     0.130780
rf0237      8.47060     0.130780     0.457731
rf0586      8.47060     0.294256     0.425036
rf0284      8.24174     0.850073     0.588512
rf0236      7.71862     0.359646     0.555817
rf0169      8.01287     0.588512     0.294256
rf0171      8.50330     0.130780     0.130780
rf0173      8.47060     0.130780    0.0980853
rf0238      7.98018     0.588512     0.326951
rf0638      8.50330     0.196171     0.130780
rf0175      8.33982     0.555817     0.425036
rf0587      7.88209     0.490427     0.392341
rf0328      8.69947     0.228866     0.163476
rf0176      8.69947     0.196171     0.130780
rf0291      8.30713     0.686597     0.392341
rf0177      8.33982     0.326951     0.425036
rf0292      8.86294     0.326951    0.0653902
rf0179      8.01287     0.588512     0.359646
rf0242      8.56869     0.196171    0.0326951
rf0181      8.73216     0.686597    0.0653901
rs1307      8.60138     0.261561     0.196171
rs1280      7.35897      0.00000      1.37319
rf0335      7.55514     0.196171     0.686597
rf0297      8.33982     0.326951     0.261561
rf0596      8.01287     0.588512     0.326951
rf0240      7.35897      0.00000     0.719292
rf0251      8.47060     0.163476     0.196171
rf0190      7.35897      0.00000      1.37319
rf0268      8.14365     0.686597     0.392341
rf0332      8.01287     0.621207     0.294256
rf0192      7.62053     0.261561     0.621207
rf0193      8.92834     0.163476    0.0326951
rf0195      8.66677     0.228866     0.163476
rf0197      8.96103      1.60206      0.00000
rf0201      7.35897      0.00000     0.751987
rf0205      8.92834    0.0980853    0.0326951
rf0622      7.65323     0.294256     0.621207
rf0239      8.40521     0.228866     0.130780
rf0206      8.86294     0.261561    0.0326952
rf0339      8.96103      1.60206      0.00000
rf0210      8.04557     0.588512     0.425036
rf0631      8.04557     0.686597     0.228866
rf0342      7.39166    0.0326951     0.882768
rf0634      7.35897      0.00000      1.56936
rf0265      8.07826     0.686597     0.359646
rf0343      8.96103      1.60206      0.00000
rf0331      8.27443     0.621207     0.228866
rf0217      8.69947     0.261561    0.0980853
rf0244      8.83025     0.294256    0.0980853
rf0180      8.40521     0.326951     0.392341
rf0226      8.43791     0.326951     0.196171
rf0280      7.48975     0.130780     0.751987
rf0300      8.50330     0.326951     0.359646
rf0306      8.04557     0.653902     0.326951
rf0286      8.92834     0.130780      0.00000
rf0271      8.83025     0.228866    0.0980853
rf0262      7.52245     0.163476     0.653902
rf0272      8.17635     0.719292     0.326951
rf0277      8.79755     0.261561    0.0980854
rf0235      7.45706    0.0980853     0.719292
rf0003      8.86294     0.196171    0.0653902
rf0258      8.30713     0.457731    0.0653902
rf0002      8.33982     0.261561     0.163476
rf0312      8.24174     0.882768     0.425036
rf0515      8.53599     0.130780     0.163475
rf0298      8.11096     0.588512     0.294256
rf0313      8.27443     0.588512     0.228866
rf0642      7.81670     0.457731     0.392341
rf0299      7.98018     0.621207     0.490427
rf0643      7.35897      0.00000     0.621207
rf0649      8.30713     0.228866     0.196171
rf0646      7.35897      0.00000     0.915463
rf0001      7.52245     0.163476     0.588512
rf0650      7.78401     0.425036     0.523122
rf0654      8.01287     0.490426     0.294256
rs1276      8.20904     0.719292     0.555817
rs1300      8.86294     0.163476    0.0653902
rf0256      8.86294     0.228866    0.0326952
rf0309      8.47060     0.163476    0.0980853
rf0653      7.35897      0.00000     0.850073
rf0305      8.07826     0.653902     0.326951
rf0655      7.71862     0.326951     0.523122
rf0308      8.17635     0.621207     0.392341
rf0311      8.33982     0.817377     0.490427
rf0266      8.20904     0.784682     0.196171
rf0627      7.39166    0.0326951     0.850073
rf0247      8.24174     0.653902     0.621207
rf0248      8.83025     0.294256    0.0653902
rf0585      7.91479     0.555817     0.392341
rf0663      7.42436    0.0653902     0.719292
rf0320      7.48975     0.130780     0.751987
rf0327      8.07826     0.719292     0.359646
rf0670      7.45706    0.0980853     0.621207
rf0252      8.24174     0.751987     0.294256
rf0253      8.79755     0.523122     0.130780
rf0154      8.27443     0.523122     0.457731
rf0607      7.58784     0.228866     0.555817
rf0156      8.69947     0.228866     0.163476
rf0630      7.94748     0.588512     0.392341
rf0287      8.47060     0.163476    0.0653902
rf0322      8.30713     0.686597     0.425036
rf0628      8.63408     0.490427    0.0980853
rf0204      8.96103      1.60206      0.00000
rf0257      7.45706    0.0980853     0.653902
rf0685      8.66677      1.30780     0.294256
rf0669      8.96103      1.60206      0.00000
rf0674      8.27443     0.915463     0.686597
rf0680      8.96103      1.60206      0.00000
rf0668      7.88209     0.523122     0.392341
rf0324      8.47060     0.163476    0.0653902
rf0329      8.92834    0.0980853    0.0326951
rf0683      7.52245     0.163476     0.653902
rf0661      8.96103      1.60206      0.00000
rf0325      8.56869     0.261561    0.0326951
