#Name 	 q_Estimate 	 Err_down 	 Err_up
 rf0780 	 7.490427 	 0.098085 	 0.098085 
 rf0433 	 7.261561 	 0.261561 	 0.261561 
 rf0446 	 8.602060 	 0.457732 	 0.000000 
 rf0447 	 7.326951 	 0.032695 	 0.032695 
 rf0448 	 7.130780 	 0.065390 	 0.065390 
 rf0456 	 7.196171 	 0.065390 	 0.098085 
 rf0462 	 7.359646 	 0.065390 	 0.065390 
 rf0463 	 7.163476 	 0.098085 	 0.130780 
 rf0779 	 8.602060 	 8.602060 	 -8.602060 
 rf0376 	 7.425036 	 0.065390 	 0.032695 
 rf0377 	 8.602060 	 8.602060 	 -8.602060 
 rf0378 	 7.098085 	 0.065390 	 0.098085 
 rf0383 	 8.602060 	 8.602060 	 -8.602060 
 rf0384 	 7.359646 	 0.032695 	 0.098085 
 rf0706 	 7.261561 	 0.032695 	 0.065390 
 rf0707 	 7.653902 	 0.032695 	 0.032695 
 rf0386 	 8.602060 	 8.602060 	 -8.602060 
 rf0387 	 7.163476 	 0.065390 	 0.098085 
 rf0391 	 7.261561 	 0.032695 	 0.098085 
 rf0711 	 7.523122 	 0.032695 	 0.065390 
 rf0397 	 8.602060 	 8.602060 	 -8.602060 
 rf0398 	 7.163476 	 0.098085 	 0.130780 
 rf0399 	 7.163476 	 0.032695 	 0.032695 
 rf0400 	 8.602060 	 8.602060 	 -8.602060 
 rf0405 	 7.392341 	 0.032695 	 0.032695 
 rf0414 	 8.275109 	 0.000000 	 0.065390 
 rf0741 	 7.359646 	 0.065390 	 0.098085 
 rf0415 	 7.098085 	 0.032695 	 0.065390 
 rf0465 	 7.392341 	 0.065390 	 0.065390 
 rf0466 	 7.228866 	 0.065390 	 0.065390 
 rf0471 	 7.294256 	 0.065390 	 0.163476 
 rf0765 	 8.111634 	 0.065390 	 0.065390 
 rf0773 	 7.555817 	 0.065390 	 0.098085 
 rf0774 	 7.392341 	 0.098085 	 0.098085 
 rf0500 	 8.602060 	 8.602060 	 -8.602060 
 rf0781 	 7.359646 	 0.065390 	 0.098085 
 rf0782 	 7.784683 	 0.032695 	 0.065390 
 rf0720 	 8.602060 	 8.602060 	 -8.602060 
 rf0724 	 8.602060 	 8.602060 	 -8.602060 
 rf0402 	 8.602060 	 8.602060 	 -8.602060 
 rf0403 	 8.602060 	 8.602060 	 -8.602060 
 rf0365 	 8.602060 	 8.602060 	 -8.602060 
 rf0367 	 7.490427 	 0.065390 	 0.032695 
 rf0372 	 8.602060 	 8.602060 	 -8.602060 
 rf0374 	 7.163476 	 0.098085 	 0.098085 
 rf0375 	 7.261561 	 0.032695 	 0.032695 
 rf0388 	 8.602060 	 8.602060 	 -8.602060 
 rf0392 	 7.980853 	 0.032695 	 0.032695 
 rf0394 	 8.602060 	 8.602060 	 -8.602060 
 rf0395 	 8.602060 	 8.602060 	 -8.602060 
 rf0396 	 8.602060 	 8.602060 	 -8.602060 
 rf0719 	 8.602060 	 8.602060 	 -8.602060 
 rf0401 	 7.621207 	 0.065390 	 0.065390 
 rf0725 	 7.457732 	 0.065390 	 0.065390 
 rf0730 	 7.032695 	 0.032695 	 0.065390 
 rf0346 	 7.359646 	 0.359646 	 1.144329 
 rf0348 	 8.602060 	 8.602060 	 -8.602060 
 rf0688 	 7.326951 	 0.065390 	 0.065390 
 rf0689 	 7.228866 	 0.065390 	 0.098085 
 rf0351 	 7.523122 	 0.065390 	 0.032695 
 rf0353 	 8.111634 	 0.000000 	 0.000000 
 rf0690 	 8.046243 	 0.032695 	 0.032695 
 rf0692 	 7.523122 	 0.065390 	 0.065390 
 rf0354 	 8.602060 	 8.602060 	 -8.602060 
 rf0693 	 7.653902 	 0.098085 	 0.065390 
 rf0358 	 8.078939 	 0.032695 	 0.000000 
 rf0363 	 8.111634 	 0.000000 	 0.032695 
 rf0364 	 8.602060 	 8.602060 	 -8.602060 
 rf0366 	 8.602060 	 8.602060 	 -8.602060 
 rf0368 	 7.588512 	 0.065390 	 0.032695 
 rf0694 	 8.013548 	 0.000000 	 0.032695 
 rf0370 	 7.392341 	 0.065390 	 0.032695 
 rf0695 	 7.359646 	 0.065390 	 0.065390 
 rf0696 	 7.392341 	 0.065390 	 0.032695 
 rf0373 	 8.602060 	 8.602060 	 -8.602060 
 rf0697 	 7.457732 	 0.065390 	 0.098085 
 rf0701 	 7.326951 	 0.065390 	 0.065390 
 rf0702 	 7.915463 	 0.032695 	 0.065390 
 rf0381 	 7.425036 	 0.065390 	 0.130780 
 rf0703 	 7.653902 	 0.098085 	 0.098085 
 rf0385 	 7.196171 	 0.065390 	 0.032695 
 rf0776 	 7.457732 	 0.065390 	 0.065390 
 rf0495 	 7.098085 	 0.065390 	 0.098085 
 rf0496 	 7.621207 	 0.065390 	 0.065390 
 rf0777 	 7.555817 	 0.065390 	 0.098085 
 rf0778 	 7.523122 	 0.065390 	 0.065390 
 rf0499 	 7.359646 	 0.065390 	 0.065390 
 rf0502 	 7.359646 	 0.065390 	 0.065390 
 rf0503 	 7.326951 	 0.032695 	 0.032695 
 rf0784 	 7.751987 	 0.098085 	 0.065390 
 rf0785 	 7.326951 	 0.065390 	 0.065390 
 rf0789 	 8.013548 	 0.032695 	 0.032695 
 rf0505 	 7.359646 	 0.065390 	 0.065390 
 rf0506 	 7.196171 	 0.032695 	 0.065390 
 rf0792 	 7.555817 	 0.098085 	 0.098085 
 rf0507 	 7.196171 	 0.065390 	 0.098085 
 rf0510 	 8.602060 	 8.602060 	 -8.602060 
 rf0513 	 8.602060 	 8.602060 	 -8.602060 
 rf0795 	 7.686597 	 0.032695 	 0.032695 
 rf0796 	 8.602060 	 8.602060 	 -8.602060 
 rf0797 	 7.523122 	 0.098085 	 0.098085 
 rf0290 	 7.359646 	 0.032695 	 0.032695 
 rf0323 	 7.196171 	 0.065390 	 0.098085 
 rf0453 	 7.163476 	 0.098085 	 0.130780 
 rf0763 	 7.621207 	 0.065390 	 0.065390 
 rf0436 	 7.490427 	 0.130780 	 0.196171 
 rf0439 	 7.980853 	 0.032695 	 0.065390 
 rf0441 	 7.555817 	 0.065390 	 0.065390 
 rf0476 	 7.326951 	 0.065390 	 0.065390 
 rf0477 	 7.425036 	 0.032695 	 0.032695 
 rf0771 	 7.163476 	 0.130780 	 0.098085 
 rf0487 	 7.359646 	 0.065390 	 0.065390 
 rf0488 	 8.602060 	 8.602060 	 -8.602060 
 rf0756 	 7.555817 	 0.065390 	 0.098085 
 rf0413 	 7.163476 	 0.065390 	 0.065390 
 rf0723 	 7.228866 	 0.032695 	 0.098085 
 rf0427 	 7.032695 	 0.032695 	 0.065390 
 rf0464 	 8.307804 	 0.065390 	 0.000000 
 rf0430 	 7.621207 	 0.098085 	 0.098085 
 rf0761 	 7.588512 	 0.065390 	 0.065390 
 rf0750 	 7.326951 	 0.065390 	 0.065390 
 rf0432 	 7.163476 	 0.065390 	 0.098085 
 rf0434 	 7.555817 	 0.065390 	 0.098085 
 rf0788 	 7.425036 	 0.065390 	 0.098085 
 rf0712 	 7.555817 	 0.065390 	 0.065390 
 rf0729 	 7.261561 	 0.065390 	 0.130780 
 rf0731 	 7.326951 	 0.065390 	 0.098085 
 rf0419 	 8.144329 	 0.000000 	 0.032695 
 rf0425 	 7.196171 	 0.098085 	 0.098085 
 rf0753 	 7.425036 	 0.065390 	 0.098085 
 rf0435 	 8.602060 	 8.602060 	 -8.602060 
 rf0454 	 7.326951 	 0.065390 	 0.098085 
 rf0455 	 7.000000 	 0.000000 	 0.261561 
 rf0762 	 8.177024 	 0.098085 	 0.098085 
 rf0467 	 7.098085 	 0.098085 	 0.130780 
 rf0479 	 7.621207 	 0.065390 	 0.032695 
 rf0714 	 7.228866 	 0.032695 	 0.098085 
 rf0412 	 7.261561 	 0.065390 	 0.065390 
 rf0717 	 7.392341 	 0.032695 	 0.065390 
 rf0718 	 7.359646 	 0.065390 	 0.098085 
 rf0444 	 7.163476 	 0.000000 	 0.032695 
 rf0705 	 7.392341 	 0.098085 	 0.065390 
 rf0713 	 7.261561 	 0.065390 	 0.098085 
 rf0473 	 7.065390 	 0.065390 	 0.098085 
 rf0480 	 7.163476 	 0.065390 	 0.065390 
 rf0482 	 7.392341 	 0.098085 	 0.098085 
 rf0485 	 7.915463 	 0.065390 	 0.130780 
 rf0474 	 8.078939 	 0.000000 	 0.032695 
 rf0772 	 8.275109 	 0.065390 	 0.032695 
 rf0775 	 8.078939 	 0.065390 	 0.032695 
 rf0428 	 8.013548 	 0.000000 	 0.000000 
 rf0764 	 7.425036 	 0.065390 	 0.098085 
 rf0460 	 8.602060 	 8.602060 	 -8.602060 
 rf0461 	 8.078939 	 0.000000 	 0.000000 
 rf0791 	 7.490427 	 0.065390 	 0.130780 
 rf0728 	 7.294256 	 0.065390 	 0.130780 
 rf0745 	 8.111634 	 0.065390 	 0.098085 
 rf0748 	 8.602060 	 8.602060 	 -8.602060 
 rf0431 	 7.621207 	 0.032695 	 0.065390 
 rf0459 	 7.621207 	 0.065390 	 0.098085 
 rf0440 	 7.555817 	 0.065390 	 0.065390 
 rf0393 	 7.948158 	 0.065390 	 0.065390 
 rf0749 	 7.653902 	 0.098085 	 0.065390 
 rs0002 	 7.196171 	 0.065390 	 0.065390 
 rs0003 	 8.602060 	 8.602060 	 -8.602060 
 rs0004 	 7.686597 	 0.065390 	 0.065390 
 rs0005 	 8.602060 	 8.602060 	 -8.602060 
 rs1314 	 8.602060 	 8.602060 	 -8.602060 
 rs0006 	 8.046243 	 0.000000 	 0.032695 
 rs0007 	 7.326951 	 0.065390 	 0.065390 
 rs0009 	 7.719292 	 0.065390 	 0.098085 
 rs0010 	 7.326951 	 0.065390 	 0.032695 
 rs0011 	 7.359646 	 0.065390 	 0.065390 
 rs0012 	 7.980853 	 0.032695 	 0.000000 
 rs0013 	 7.261561 	 0.065390 	 0.065390 
 rs0014 	 7.523122 	 0.000000 	 0.000000 
 rs0015 	 8.602060 	 8.602060 	 -8.602060 
 rs0018 	 7.000000 	 0.000000 	 1.602060 
 rs0019 	 7.294256 	 0.130780 	 0.098085 
 rs0021 	 8.602060 	 8.602060 	 -8.602060 
 rs0022 	 8.602060 	 8.602060 	 -8.602060 
 rs0023 	 8.602060 	 8.602060 	 -8.602060 
 rs0029 	 7.326951 	 0.032695 	 0.065390 
 rs0030 	 7.653902 	 0.032695 	 0.032695 
 rs0032 	 8.569365 	 1.569365 	 0.032695 
 rs0035 	 8.144329 	 0.000000 	 0.032695 
 rs0037 	 7.523122 	 0.065390 	 0.032695 
 rs0039 	 7.490427 	 0.065390 	 0.065390 
 rs0040 	 7.098085 	 0.065390 	 0.098085 
 rs0041 	 7.817378 	 0.196171 	 0.784683 
 rs0042 	 7.457732 	 0.098085 	 0.098085 
 rs0043 	 7.784683 	 0.065390 	 0.130780 
 rs0044 	 7.588512 	 0.032695 	 0.032695 
 rs0045 	 7.196171 	 0.065390 	 0.098085 
 rs0046 	 8.602060 	 8.602060 	 -8.602060 
 rs1315 	 8.602060 	 8.602060 	 -8.602060 
 rs0048 	 7.098085 	 0.065390 	 0.163476 
 rs0049 	 8.602060 	 0.621207 	 0.000000 
 rs1316 	 7.196171 	 0.196171 	 0.228866 
 rs0050 	 7.065390 	 0.065390 	 0.130780 
 rs0051 	 7.032695 	 0.032695 	 0.098085 
 rs0052 	 7.588512 	 0.032695 	 0.032695 
 rs0053 	 7.196171 	 0.032695 	 0.000000 
 rs0054 	 7.359646 	 0.065390 	 0.065390 
 rs0055 	 8.602060 	 8.602060 	 -8.602060 
 rs0056 	 7.261561 	 0.032695 	 0.065390 
 rs0057 	 7.980853 	 0.098085 	 0.032695 
 rs1317 	 7.163476 	 0.098085 	 0.065390 
 rs0060 	 7.686597 	 0.065390 	 0.032695 
 rs1318 	 8.602060 	 8.602060 	 -8.602060 
 rs1319 	 7.000000 	 0.000000 	 0.163476 
 rs0062 	 8.602060 	 8.602060 	 -8.602060 
 rs0063 	 7.196171 	 0.032695 	 0.065390 
 rs0064 	 8.602060 	 8.602060 	 -8.602060 
 rs0065 	 7.326951 	 0.065390 	 0.098085 
 rs0066 	 7.457732 	 0.065390 	 0.065390 
 rs0068 	 7.261561 	 0.098085 	 0.098085 
 rs0070 	 7.359646 	 0.032695 	 0.098085 
 rs0074 	 7.196171 	 0.065390 	 0.065390 
 rs0077 	 8.602060 	 8.602060 	 -8.602060 
 rs0080 	 7.425036 	 0.065390 	 0.065390 
 rs0081 	 7.326951 	 0.032695 	 0.065390 
 rs0082 	 7.425036 	 0.065390 	 0.098085 
 rs0083 	 7.588512 	 0.065390 	 0.065390 
 rs0084 	 7.130780 	 0.032695 	 0.098085 
 rs0085 	 7.196171 	 0.065390 	 0.098085 
 rs0088 	 7.980853 	 0.000000 	 0.032695 
 rs0087 	 8.602060 	 8.602060 	 -8.602060 
 rs0089 	 8.602060 	 8.602060 	 -8.602060 
 rs0090 	 7.980853 	 0.032695 	 0.032695 
 rs0092 	 7.784683 	 0.032695 	 0.032695 
 rs0093 	 8.602060 	 8.602060 	 -8.602060 
 rs0094 	 8.602060 	 8.602060 	 -8.602060 
 rs0095 	 7.948158 	 0.065390 	 0.032695 
 rs0096 	 8.602060 	 8.602060 	 -8.602060 
 rs0097 	 8.602060 	 8.602060 	 -8.602060 
 rs0098 	 7.098085 	 0.065390 	 0.065390 
 rs0104 	 8.602060 	 8.602060 	 -8.602060 
 rs0105 	 7.261561 	 0.065390 	 0.098085 
 rs0107 	 8.602060 	 8.602060 	 -8.602060 
 rs0109 	 8.602060 	 8.602060 	 -8.602060 
 rs0111 	 7.490427 	 0.065390 	 0.065390 
 rs1321 	 7.457732 	 0.065390 	 0.065390 
 rs1322 	 7.196171 	 0.065390 	 0.098085 
 rs0113 	 8.602060 	 8.602060 	 -8.602060 
 rs0114 	 7.425036 	 0.163476 	 0.065390 
 rs0118 	 7.228866 	 0.065390 	 0.130780 
 rs0120 	 7.163476 	 0.032695 	 0.098085 
 rs0121 	 7.523122 	 0.065390 	 0.032695 
 rs0122 	 7.588512 	 0.065390 	 0.065390 
 rs0124 	 7.457732 	 0.032695 	 0.098085 
 rs0125 	 8.602060 	 8.602060 	 -8.602060 
 rs0126 	 7.392341 	 0.098085 	 0.065390 
 rs0127 	 8.602060 	 8.602060 	 -8.602060 
 rs0128 	 7.163476 	 0.130780 	 0.130780 
 rs0129 	 7.294256 	 0.130780 	 0.163476 
 rs0130 	 7.392341 	 0.065390 	 0.098085 
 rs0132 	 7.359646 	 0.098085 	 0.098085 
 rs0133 	 8.602060 	 8.602060 	 -8.602060 
 rs0134 	 8.602060 	 8.602060 	 -8.602060 
 rs0135 	 7.196171 	 0.130780 	 0.098085 
 rs0136 	 8.602060 	 8.602060 	 -8.602060 
 rs0137 	 8.602060 	 8.602060 	 -8.602060 
 rs0138 	 7.457732 	 0.065390 	 0.065390 
 rs0139 	 8.602060 	 0.032695 	 0.000000 
 rs0140 	 8.144329 	 0.000000 	 0.032695 
 rs0141 	 7.228866 	 0.032695 	 0.065390 
 rs0142 	 8.602060 	 8.602060 	 -8.602060 
 rs0143 	 8.602060 	 8.602060 	 -8.602060 
 rs0145 	 8.602060 	 8.602060 	 -8.602060 
 rs0146 	 8.602060 	 8.602060 	 -8.602060 
 rs0147 	 7.196171 	 0.065390 	 0.032695 
 rs0148 	 7.196171 	 0.098085 	 0.163476 
 rs0149 	 7.130780 	 0.032695 	 0.098085 
 rs1323 	 7.261561 	 0.032695 	 0.098085 
 rs1324 	 7.228866 	 0.032695 	 0.065390 
 rs0150 	 7.294256 	 0.065390 	 0.032695 
 rs0151 	 7.555817 	 0.065390 	 0.065390 
 rs0152 	 7.555817 	 0.065390 	 0.065390 
 rs0154 	 7.457732 	 0.065390 	 0.098085 
 rs1325 	 7.261561 	 0.065390 	 0.065390 
 rs0155 	 7.359646 	 0.098085 	 0.163476 
 rs0156 	 8.602060 	 8.602060 	 -8.602060 
 rs0159 	 8.602060 	 8.602060 	 -8.602060 
 rs0161 	 7.294256 	 0.130780 	 0.163476 
 rs0163 	 8.602060 	 8.602060 	 -8.602060 
 rs0165 	 7.294256 	 0.032695 	 0.098085 
 rs0166 	 7.621207 	 0.032695 	 0.032695 
 rs0167 	 8.013548 	 0.032695 	 0.032695 
 rs0168 	 7.817378 	 0.032695 	 0.098085 
 rs0170 	 7.425036 	 0.065390 	 0.065390 
 rs0171 	 7.326951 	 0.065390 	 0.065390 
 rs0172 	 7.098085 	 0.065390 	 0.065390 
 rs0173 	 7.359646 	 0.032695 	 0.065390 
 rs0174 	 7.326951 	 0.032695 	 0.065390 
 rs0175 	 8.602060 	 8.602060 	 -8.602060 
 rs0177 	 7.653902 	 0.098085 	 0.065390 
 rs0178 	 8.111634 	 0.000000 	 0.032695 
 rs0179 	 7.261561 	 0.098085 	 0.065390 
 rs0180 	 7.228866 	 0.065390 	 0.098085 
 rs0181 	 8.602060 	 8.602060 	 -8.602060 
 rs0182 	 7.163476 	 0.130780 	 0.163476 
 rs0183 	 8.602060 	 8.602060 	 -8.602060 
 rs0188 	 7.392341 	 0.196171 	 0.130780 
 rs0190 	 7.294256 	 0.098085 	 0.065390 
 rs0191 	 7.555817 	 0.065390 	 0.000000 
 rs0193 	 7.130780 	 0.065390 	 0.098085 
 rs0194 	 7.555817 	 0.065390 	 0.065390 
 rs0196 	 7.294256 	 0.032695 	 0.032695 
 rs0201 	 8.602060 	 8.602060 	 -8.602060 
 rs0202 	 7.163476 	 0.000000 	 0.032695 
 rs0203 	 8.602060 	 8.602060 	 -8.602060 
 rs0206 	 8.602060 	 8.602060 	 -8.602060 
 rs0209 	 7.523122 	 0.098085 	 0.065390 
 rs0210 	 7.392341 	 0.065390 	 0.098085 
 rs0211 	 8.602060 	 8.602060 	 -8.602060 
 rs0212 	 7.294256 	 0.065390 	 0.065390 
 rs0214 	 7.163476 	 0.065390 	 0.098085 
 rs0215 	 7.359646 	 0.065390 	 0.065390 
 rs0218 	 7.294256 	 0.065390 	 0.065390 
 rs0220 	 7.915463 	 0.065390 	 0.065390 
 rs0221 	 7.098085 	 0.065390 	 0.098085 
 rs0222 	 7.326951 	 0.098085 	 0.098085 
 rs0223 	 7.326951 	 0.098085 	 0.098085 
 rs0225 	 8.602060 	 8.602060 	 -8.602060 
 rs0226 	 8.602060 	 8.602060 	 -8.602060 
 rs0227 	 7.686597 	 0.065390 	 0.032695 
 rs0228 	 7.392341 	 0.065390 	 0.032695 
 rs0231 	 7.392341 	 0.065390 	 0.065390 
 rs1329 	 8.602060 	 8.602060 	 -8.602060 
 rs0236 	 7.359646 	 0.065390 	 0.065390 
 rs0237 	 8.602060 	 8.602060 	 -8.602060 
 rs0239 	 7.555817 	 0.000000 	 0.032695 
 rs0240 	 8.602060 	 8.602060 	 -8.602060 
 rs0241 	 8.602060 	 8.602060 	 -8.602060 
 rs0242 	 7.457732 	 0.130780 	 0.065390 
 rs0243 	 8.602060 	 8.602060 	 -8.602060 
 rs0244 	 8.602060 	 8.602060 	 -8.602060 
 rs0246 	 8.602060 	 8.602060 	 -8.602060 
 rs0247 	 8.144329 	 0.000000 	 0.032695 
 rs0250 	 8.602060 	 8.602060 	 -8.602060 
 rs0253 	 7.228866 	 0.032695 	 0.032695 
 rs0255 	 7.653902 	 0.065390 	 0.065390 
 rs0256 	 8.602060 	 8.602060 	 -8.602060 
 rs0257 	 7.294256 	 0.065390 	 0.065390 
 rs0259 	 8.602060 	 8.602060 	 -8.602060 
 rs0260 	 8.602060 	 8.602060 	 -8.602060 
 rs0261 	 8.602060 	 8.602060 	 -8.602060 
 rs0262 	 8.602060 	 8.602060 	 -8.602060 
 rs0263 	 7.065390 	 0.065390 	 0.261561 
 rs0264 	 8.602060 	 8.602060 	 -8.602060 
 rs0266 	 8.602060 	 8.602060 	 -8.602060 
 rs0267 	 8.602060 	 8.602060 	 -8.602060 
 rs0268 	 8.602060 	 8.602060 	 -8.602060 
 rs0269 	 7.490427 	 0.098085 	 0.065390 
 rs0270 	 7.392341 	 0.196171 	 0.163476 
 rs0272 	 7.261561 	 0.065390 	 0.065390 
 rs0273 	 7.261561 	 0.065390 	 0.065390 
 rs0274 	 7.326951 	 0.065390 	 0.065390 
 rs0275 	 7.359646 	 0.065390 	 0.032695 
 rs0276 	 7.392341 	 0.065390 	 0.098085 
 rs0277 	 7.359646 	 0.065390 	 0.065390 
 rs1330 	 7.326951 	 0.032695 	 0.098085 
 rs0280 	 7.000000 	 0.000000 	 0.163476 
 rs0282 	 8.602060 	 8.602060 	 -8.602060 
 rs0283 	 7.228866 	 0.032695 	 0.065390 
 rs0285 	 7.817378 	 0.065390 	 0.032695 
 rs0289 	 7.163476 	 0.065390 	 0.098085 
 rs0290 	 7.457732 	 0.065390 	 0.098085 
 rs0291 	 7.392341 	 0.032695 	 0.098085 
 rs0292 	 7.653902 	 0.032695 	 0.065390 
 rs0297 	 7.457732 	 0.065390 	 0.065390 
 rs0302 	 8.602060 	 0.000000 	 0.000000 
 rs0303 	 7.392341 	 0.098085 	 0.065390 
 rs0306 	 8.602060 	 8.602060 	 -8.602060 
 rs0308 	 7.065390 	 0.065390 	 0.261561 
 rs0310 	 7.000000 	 0.000000 	 0.326951 
 rs1331 	 7.359646 	 0.065390 	 0.065390 
 rs0313 	 8.602060 	 8.602060 	 -8.602060 
 rs0314 	 7.326951 	 0.098085 	 0.065390 
 rs0315 	 7.294256 	 0.065390 	 0.065390 
 rs0316 	 8.602060 	 8.602060 	 -8.602060 
 rs0318 	 7.686597 	 0.065390 	 0.065390 
 rs0320 	 8.602060 	 8.602060 	 -8.602060 
 rs0323 	 7.163476 	 0.032695 	 0.032695 
 rs0328 	 7.130780 	 0.065390 	 0.065390 
 rs0331 	 7.130780 	 0.032695 	 0.032695 
 rs0334 	 8.602060 	 8.602060 	 -8.602060 
 rs0336 	 7.294256 	 0.065390 	 0.098085 
 rs0337 	 8.602060 	 8.602060 	 -8.602060 
 rs0339 	 8.602060 	 8.602060 	 -8.602060 
 rs0340 	 7.196171 	 0.065390 	 0.098085 
 rs0341 	 7.653902 	 0.032695 	 0.032695 
 rs0342 	 7.490427 	 0.065390 	 0.098085 
 rs0343 	 7.751987 	 0.065390 	 0.032695 
 rs0344 	 8.013548 	 0.000000 	 0.000000 
 rs0345 	 7.621207 	 0.065390 	 0.065390 
 rs0346 	 7.490427 	 0.065390 	 0.065390 
 rs0348 	 8.275109 	 0.032695 	 0.000000 
 rs0349 	 8.046243 	 0.000000 	 0.032695 
 rs0350 	 8.602060 	 8.602060 	 -8.602060 
 rs0351 	 7.261561 	 0.065390 	 0.098085 
 rs0354 	 7.817378 	 0.065390 	 0.065390 
 rs0356 	 7.196171 	 0.098085 	 0.098085 
 rs0358 	 8.602060 	 8.602060 	 -8.602060 
 rs0362 	 7.000000 	 0.000000 	 0.196171 
 rs0363 	 7.523122 	 0.065390 	 0.130780 
 rs0364 	 7.457732 	 0.065390 	 0.032695 
 rs0365 	 7.326951 	 0.065390 	 0.098085 
 rs0371 	 7.032695 	 0.032695 	 0.065390 
 rs0372 	 7.555817 	 0.065390 	 0.065390 
 rs0373 	 8.602060 	 8.602060 	 -8.602060 
 rs0374 	 7.294256 	 0.098085 	 0.098085 
 rs0376 	 7.228866 	 0.098085 	 0.130780 
 rs0377 	 7.065390 	 0.065390 	 0.098085 
 rs0378 	 7.359646 	 0.098085 	 0.098085 
 rs0380 	 8.602060 	 8.602060 	 -8.602060 
 rs0381 	 7.359646 	 0.065390 	 0.065390 
 rs0382 	 7.228866 	 0.065390 	 0.098085 
 rs0384 	 7.326951 	 0.065390 	 0.065390 
 rs0386 	 8.046243 	 0.032695 	 0.000000 
 rs0388 	 7.457732 	 0.032695 	 0.065390 
 rs0389 	 7.653902 	 0.065390 	 0.032695 
 rs0390 	 8.602060 	 8.602060 	 -8.602060 
 rs0391 	 7.000000 	 0.000000 	 0.065390 
 rs0392 	 8.209719 	 0.000000 	 0.032695 
 rs0393 	 7.196171 	 0.032695 	 0.065390 
 rs0394 	 8.013548 	 0.032695 	 0.032695 
 rs0396 	 7.457732 	 0.000000 	 0.032695 
 rs0404 	 8.013548 	 0.032695 	 0.032695 
 rs0405 	 8.602060 	 8.602060 	 -8.602060 
 rs0406 	 7.228866 	 0.032695 	 0.032695 
 rs0408 	 8.111634 	 0.000000 	 0.000000 
 rs0409 	 7.065390 	 0.065390 	 0.065390 
 rs0411 	 7.588512 	 0.032695 	 0.032695 
 rs1332 	 7.425036 	 0.032695 	 0.098085 
 rs0415 	 8.242414 	 0.032695 	 0.032695 
 rs0416 	 7.555817 	 0.065390 	 0.065390 
 rs0418 	 7.457732 	 0.032695 	 0.065390 
 rs0419 	 8.602060 	 8.602060 	 -8.602060 
 rs0420 	 8.602060 	 8.602060 	 -8.602060 
 rs0421 	 7.588512 	 0.065390 	 0.032695 
 rs0422 	 7.817378 	 0.032695 	 0.098085 
 rs0424 	 8.013548 	 0.000000 	 0.000000 
 rs0425 	 8.602060 	 8.602060 	 -8.602060 
 rs0427 	 7.392341 	 0.065390 	 0.065390 
 rs0428 	 7.294256 	 0.065390 	 0.098085 
 rs0429 	 7.425036 	 0.065390 	 0.065390 
 rs0430 	 7.425036 	 0.032695 	 0.065390 
 rs0432 	 8.602060 	 0.000000 	 0.000000 
 rs0433 	 7.228866 	 0.098085 	 0.098085 
 rs0434 	 7.523122 	 0.065390 	 0.065390 
 rs0435 	 7.228866 	 0.065390 	 0.065390 
 rs0437 	 8.111634 	 0.000000 	 0.032695 
 rs0440 	 8.602060 	 8.602060 	 -8.602060 
 rs0442 	 7.425036 	 0.065390 	 0.065390 
 rs0444 	 8.602060 	 8.602060 	 -8.602060 
 rs0446 	 7.294256 	 0.032695 	 0.032695 
 rs1333 	 7.294256 	 0.032695 	 0.032695 
 rs1336 	 8.602060 	 8.602060 	 -8.602060 
 rs0448 	 7.523122 	 0.065390 	 0.032695 
 rs0449 	 7.032695 	 0.032695 	 0.098085 
 rs0450 	 8.602060 	 8.602060 	 -8.602060 
 rs0451 	 8.602060 	 8.602060 	 -8.602060 
 rs0452 	 8.602060 	 8.602060 	 -8.602060 
 rs0453 	 8.602060 	 8.602060 	 -8.602060 
 rs0454 	 7.032695 	 0.032695 	 0.098085 
 rs0456 	 7.228866 	 0.065390 	 0.065390 
 rs0457 	 8.209719 	 0.065390 	 0.000000 
 rs0460 	 7.523122 	 0.065390 	 0.065390 
 rs0463 	 8.242414 	 0.000000 	 0.000000 
 rs0466 	 7.196171 	 0.065390 	 0.098085 
 rs0467 	 7.294256 	 0.098085 	 0.065390 
 rs0468 	 8.602060 	 8.602060 	 -8.602060 
 rs0469 	 7.621207 	 0.065390 	 0.098085 
 rs0470 	 7.294256 	 0.065390 	 0.098085 
 rs0472 	 7.915463 	 0.065390 	 0.032695 
 rs0473 	 7.817378 	 0.065390 	 0.098085 
 rs0476 	 7.130780 	 0.098085 	 0.163476 
 rs0477 	 8.242414 	 0.032695 	 0.032695 
 rs0480 	 7.130780 	 0.032695 	 0.098085 
 rs0484 	 7.490427 	 0.065390 	 0.065390 
 rs0485 	 8.013548 	 0.065390 	 0.000000 
 rs0493 	 8.602060 	 8.602060 	 -8.602060 
 rs0495 	 7.326951 	 0.065390 	 0.065390 
 rs0496 	 7.032695 	 0.032695 	 0.098085 
 rs0497 	 7.882768 	 0.032695 	 0.098085 
 rs0498 	 7.098085 	 0.098085 	 0.130780 
 rs0501 	 7.392341 	 0.032695 	 0.098085 
 rs0503 	 8.602060 	 8.602060 	 -8.602060 
 rs0505 	 8.602060 	 8.602060 	 -8.602060 
 rs0508 	 7.294256 	 0.065390 	 0.065390 
 rs0513 	 8.307804 	 0.000000 	 0.032695 
 rs0516 	 8.602060 	 8.602060 	 -8.602060 
 rs0517 	 8.602060 	 8.602060 	 -8.602060 
 rs0519 	 8.602060 	 8.602060 	 -8.602060 
 rs0520 	 7.294256 	 0.032695 	 0.065390 
 rs0521 	 7.326951 	 0.065390 	 0.098085 
 rs0522 	 7.065390 	 0.065390 	 0.130780 
 rs0524 	 7.228866 	 0.065390 	 0.098085 
 rs0526 	 7.261561 	 0.032695 	 0.065390 
 rs0528 	 8.602060 	 8.602060 	 -8.602060 
 rs0529 	 7.523122 	 0.032695 	 0.065390 
 rs0531 	 8.602060 	 8.602060 	 -8.602060 
 rs0532 	 8.602060 	 8.602060 	 -8.602060 
 rs0534 	 7.326951 	 0.065390 	 0.098085 
 rs0536 	 8.602060 	 8.602060 	 -8.602060 
 rs0537 	 7.359646 	 0.032695 	 0.032695 
 rs0538 	 8.602060 	 8.602060 	 -8.602060 
 rs0541 	 8.602060 	 8.602060 	 -8.602060 
 rs0543 	 7.425036 	 0.065390 	 0.098085 
 rs0545 	 7.555817 	 0.065390 	 0.098085 
 rs0548 	 7.980853 	 0.130780 	 0.032695 
 rs0549 	 7.392341 	 0.098085 	 0.065390 
 rs0553 	 7.359646 	 0.065390 	 0.065390 
 rs0554 	 8.602060 	 8.602060 	 -8.602060 
 rs0555 	 8.602060 	 8.602060 	 -8.602060 
 rs0556 	 8.602060 	 0.000000 	 0.000000 
 rs0559 	 8.602060 	 8.602060 	 -8.602060 
 rs0560 	 8.602060 	 8.602060 	 -8.602060 
 rs0561 	 7.196171 	 0.032695 	 0.065390 
 rs0562 	 7.098085 	 0.065390 	 0.098085 
 rs0564 	 7.359646 	 0.065390 	 0.098085 
 rs0566 	 7.490427 	 0.032695 	 0.065390 
 rs0568 	 7.196171 	 0.032695 	 0.065390 
 rs0570 	 7.653902 	 0.163476 	 0.196171 
 rs0571 	 7.490427 	 0.065390 	 0.098085 
 rs0572 	 7.000000 	 0.000000 	 0.163476 
 rs0573 	 7.392341 	 0.032695 	 0.065390 
 rs0574 	 8.602060 	 8.602060 	 -8.602060 
 rs0578 	 7.130780 	 0.065390 	 0.163476 
 rs0580 	 7.163476 	 0.065390 	 0.098085 
 rs0582 	 8.602060 	 8.602060 	 -8.602060 
 rs0585 	 7.326951 	 0.065390 	 0.032695 
 rs0586 	 8.013548 	 0.032695 	 0.032695 
 rs0587 	 7.261561 	 0.032695 	 0.065390 
 rs0588 	 7.261561 	 0.098085 	 0.130780 
 rs0589 	 8.013548 	 0.032695 	 0.000000 
 rs0591 	 8.602060 	 8.602060 	 -8.602060 
 rs0597 	 7.163476 	 0.065390 	 0.098085 
 rs0598 	 8.602060 	 8.602060 	 -8.602060 
 rs0602 	 7.032695 	 0.032695 	 0.065390 
 rs0603 	 8.602060 	 8.602060 	 -8.602060 
 rs0605 	 7.065390 	 0.065390 	 0.228866 
 rs0609 	 7.196171 	 0.065390 	 0.065390 
 rs0610 	 7.392341 	 0.065390 	 0.032695 
 rs0612 	 8.602060 	 8.602060 	 -8.602060 
 rs0615 	 7.098085 	 0.065390 	 0.098085 
 rs0618 	 7.392341 	 0.098085 	 0.130780 
 rs0620 	 7.228866 	 0.032695 	 0.065390 
 rs0623 	 7.359646 	 0.065390 	 0.065390 
 rs0627 	 7.196171 	 0.065390 	 0.098085 
 rs0631 	 7.294256 	 0.065390 	 0.065390 
 rs0636 	 7.359646 	 0.065390 	 0.065390 
 rs0638 	 7.326951 	 0.196171 	 0.163476 
 rs0640 	 7.621207 	 0.032695 	 0.032695 
 rs0644 	 7.359646 	 0.065390 	 0.065390 
 rs0645 	 7.065390 	 0.065390 	 0.163476 
 rs0650 	 8.602060 	 8.602060 	 -8.602060 
 rs1337 	 8.602060 	 8.602060 	 -8.602060 
 rs0656 	 7.228866 	 0.065390 	 0.032695 
 rs0657 	 7.163476 	 0.065390 	 0.065390 
 rs0660 	 8.602060 	 8.602060 	 -8.602060 
 rs0669 	 7.000000 	 0.000000 	 0.032695 
 rs0671 	 7.163476 	 0.032695 	 0.065390 
 rs0672 	 7.326951 	 0.032695 	 0.032695 
 rs0678 	 7.359646 	 0.065390 	 0.065390 
 rs0679 	 8.602060 	 8.602060 	 -8.602060 
 rs0688 	 7.425036 	 0.163476 	 0.163476 
 rs0700 	 7.228866 	 0.032695 	 0.098085 
 rs0708 	 8.602060 	 8.602060 	 -8.602060 
 rs0710 	 7.261561 	 0.065390 	 0.065390 
 rs0712 	 7.228866 	 0.065390 	 0.098085 
 rs0719 	 8.078939 	 0.784683 	 0.523122 
 rs0722 	 7.326951 	 0.032695 	 0.065390 
 rs0731 	 7.392341 	 0.098085 	 0.098085 
 rs0736 	 7.261561 	 0.065390 	 0.130780 
 rs0742 	 7.621207 	 0.032695 	 0.032695 
 rs0741 	 8.602060 	 8.602060 	 -8.602060 
 rs0744 	 7.228866 	 0.065390 	 0.065390 
 rs0743 	 7.425036 	 0.065390 	 0.098085 
 rs0745 	 8.602060 	 8.602060 	 -8.602060 
 rs0751 	 8.602060 	 8.602060 	 -8.602060 
 rs0754 	 7.130780 	 0.098085 	 0.130780 
 rs0740 	 7.261561 	 0.065390 	 0.065390 
 rs0758 	 7.130780 	 0.065390 	 0.130780 
 rs0752 	 7.359646 	 0.098085 	 0.130780 
 rs0757 	 7.000000 	 0.000000 	 0.098085 
 rs0756 	 7.294256 	 0.032695 	 0.065390 
 rs0764 	 7.294256 	 0.098085 	 0.065390 
 rs0763 	 7.098085 	 0.032695 	 0.098085 
 rs0774 	 7.326951 	 0.065390 	 0.130780 
 rs0775 	 7.326951 	 0.032695 	 0.065390 
 rs0781 	 8.602060 	 8.602060 	 -8.602060 
 rs0776 	 7.196171 	 0.032695 	 0.065390 
 rs0779 	 8.602060 	 8.602060 	 -8.602060 
 rs0794 	 7.228866 	 0.098085 	 0.130780 
 rs0802 	 7.261561 	 0.032695 	 0.065390 
 rs0800 	 7.228866 	 0.065390 	 0.065390 
 rs1339 	 8.602060 	 8.602060 	 -8.602060 
 rs1338 	 7.130780 	 0.065390 	 0.098085 
 rs0824 	 8.602060 	 8.602060 	 -8.602060 
 rs0834 	 7.098085 	 0.032695 	 0.065390 
 rs1340 	 7.523122 	 0.065390 	 0.065390 
 rs0840 	 7.980853 	 0.032695 	 0.000000 
 rs0839 	 8.602060 	 8.602060 	 -8.602060 
 rs0845 	 7.065390 	 0.065390 	 0.098085 
 rs0846 	 7.130780 	 0.098085 	 0.065390 
 rs0855 	 8.602060 	 8.602060 	 -8.602060 
 rs0850 	 7.653902 	 0.032695 	 0.032695 
 rs0843 	 7.098085 	 0.065390 	 0.130780 
 rs0869 	 8.602060 	 8.602060 	 -8.602060 
 rs0871 	 8.013548 	 0.032695 	 0.000000 
 rs0882 	 7.392341 	 0.098085 	 0.065390 
 rs0895 	 7.621207 	 0.065390 	 0.098085 
 rs0891 	 7.196171 	 0.098085 	 0.130780 
 rs0888 	 8.602060 	 8.602060 	 -8.602060 
 rs0896 	 7.457732 	 0.032695 	 0.000000 
 rs0897 	 7.228866 	 0.032695 	 0.098085 
 rs0922 	 7.261561 	 0.065390 	 0.130780 
 rs0974 	 8.602060 	 8.602060 	 -8.602060 
 rs0962 	 7.163476 	 0.065390 	 0.130780 
 rs1354 	 7.555817 	 0.032695 	 0.032695 
 rs0767 	 7.130780 	 0.130780 	 0.163476 
 rs0768 	 7.130780 	 0.065390 	 0.032695 
 rs0738 	 7.098085 	 0.065390 	 0.098085 
 rs0734 	 8.602060 	 8.602060 	 -8.602060 
 rs0727 	 8.602060 	 8.602060 	 -8.602060 
 rs0726 	 7.457732 	 0.065390 	 0.065390 
 rs0724 	 8.602060 	 8.602060 	 -8.602060 
 rs0782 	 8.602060 	 8.602060 	 -8.602060 
 rs0778 	 7.228866 	 0.032695 	 0.065390 
 rs0777 	 7.948158 	 0.065390 	 0.065390 
 rs0784 	 7.294256 	 0.000000 	 0.032695 
 rs0788 	 8.602060 	 8.602060 	 -8.602060 
 rs0795 	 8.013548 	 0.032695 	 0.032695 
 rs0797 	 8.602060 	 8.602060 	 -8.602060 
 rs0798 	 8.602060 	 8.602060 	 -8.602060 
 rs0799 	 7.457732 	 0.065390 	 0.098085 
 rs0832 	 7.882768 	 0.098085 	 0.098085 
 rs0827 	 7.130780 	 0.032695 	 0.032695 
 rs0828 	 7.294256 	 0.065390 	 0.098085 
 rs0804 	 8.209719 	 0.032695 	 0.000000 
 rs0812 	 8.602060 	 8.602060 	 -8.602060 
 rs0810 	 7.359646 	 0.065390 	 0.065390 
 rs0811 	 8.602060 	 8.602060 	 -8.602060 
 rs0809 	 8.602060 	 8.602060 	 -8.602060 
 rs0808 	 8.602060 	 8.602060 	 -8.602060 
 rs0806 	 8.602060 	 8.602060 	 -8.602060 
 rs0876 	 8.242414 	 0.032695 	 0.000000 
 rs1343 	 7.425036 	 0.032695 	 0.065390 
 rs0860 	 7.098085 	 0.098085 	 0.163476 
 rs0842 	 7.915463 	 0.032695 	 0.065390 
 rs0847 	 8.602060 	 8.602060 	 -8.602060 
 rs0866 	 7.098085 	 0.098085 	 0.098085 
 rs0857 	 8.275109 	 0.032695 	 0.000000 
 rs0853 	 7.130780 	 0.098085 	 0.098085 
 rs0867 	 8.078939 	 0.032695 	 0.000000 
 rs0868 	 8.602060 	 8.602060 	 -8.602060 
 rs0870 	 8.046243 	 0.000000 	 0.032695 
 rs0906 	 8.602060 	 8.602060 	 -8.602060 
 rs0893 	 7.523122 	 0.065390 	 0.065390 
 rs0880 	 7.098085 	 0.065390 	 0.065390 
 rs0879 	 7.000000 	 0.000000 	 0.098085 
 rs0875 	 7.261561 	 0.065390 	 0.032695 
 rs0872 	 7.228866 	 0.098085 	 0.130780 
 rs0900 	 8.602060 	 8.602060 	 -8.602060 
 rs0923 	 7.261561 	 0.065390 	 0.098085 
 rs0919 	 7.425036 	 0.032695 	 0.098085 
 rs0908 	 7.948158 	 0.065390 	 0.032695 
 rs0907 	 7.163476 	 0.065390 	 0.130780 
 rs0915 	 7.621207 	 0.065390 	 0.065390 
 rs0917 	 8.209719 	 0.032695 	 0.000000 
 rs0916 	 7.294256 	 0.032695 	 0.065390 
 rs0920 	 7.228866 	 0.065390 	 0.098085 
 rs0921 	 7.130780 	 0.098085 	 0.130780 
 rs0932 	 7.392341 	 0.032695 	 0.065390 
 rs0926 	 7.490427 	 0.065390 	 0.098085 
 rs0930 	 7.326951 	 0.065390 	 0.032695 
 rs0934 	 7.228866 	 0.065390 	 0.065390 
 rs0945 	 7.196171 	 0.098085 	 0.130780 
 rs0944 	 7.359646 	 0.098085 	 0.065390 
 rs0968 	 7.523122 	 0.065390 	 0.130780 
 rs0953 	 8.602060 	 8.602060 	 -8.602060 
 rs1347 	 8.602060 	 8.602060 	 -8.602060 
 rs0976 	 7.555817 	 0.065390 	 0.065390 
 rs0975 	 7.228866 	 0.065390 	 0.098085 
 rs0978 	 8.602060 	 8.602060 	 -8.602060 
 rs0967 	 8.602060 	 8.602060 	 -8.602060 
 rs0970 	 7.490427 	 0.098085 	 0.065390 
 rs0958 	 8.602060 	 8.602060 	 -8.602060 
 rs0959 	 7.425036 	 0.065390 	 0.098085 
 rs0981 	 7.751987 	 0.065390 	 0.065390 
 rs0984 	 8.602060 	 8.602060 	 -8.602060 
 rs0985 	 7.784683 	 0.065390 	 0.032695 
 rs0983 	 7.653902 	 0.065390 	 0.065390 
 rs0790 	 7.457732 	 0.065390 	 0.098085 
 rs0793 	 7.261561 	 0.065390 	 0.065390 
 rs1342 	 8.602060 	 8.602060 	 -8.602060 
 rs0873 	 7.294256 	 0.065390 	 0.130780 
 rs0910 	 7.000000 	 0.000000 	 0.294256 
 rs0909 	 7.130780 	 0.032695 	 0.065390 
 rs0933 	 7.392341 	 0.065390 	 0.032695 
 rs0935 	 7.326951 	 0.065390 	 0.098085 
 rs0936 	 8.602060 	 8.602060 	 -8.602060 
 rs1345 	 8.602060 	 8.602060 	 -8.602060 
 rs0954 	 7.326951 	 0.065390 	 0.065390 
 rs1348 	 7.163476 	 0.065390 	 0.098085 
 rs0957 	 8.078939 	 0.000000 	 0.032695 
 rs0950 	 8.046243 	 0.000000 	 0.032695 
 rs0946 	 7.359646 	 0.228866 	 0.326951 
 rs0941 	 7.326951 	 0.032695 	 0.098085 
 rs1346 	 7.457732 	 0.098085 	 0.098085 
 rs0979 	 7.261561 	 0.065390 	 0.130780 
 rs0980 	 7.882768 	 0.032695 	 0.032695 
 rs1353 	 8.602060 	 8.602060 	 -8.602060 
 rs1350 	 7.130780 	 0.065390 	 0.098085 
 rs1351 	 8.602060 	 8.602060 	 -8.602060 
 rs1349 	 7.326951 	 0.032695 	 0.032695 
 rs0960 	 7.425036 	 0.065390 	 0.098085 
 rs0982 	 7.490427 	 0.065390 	 0.098085 
 rs0833 	 8.602060 	 8.602060 	 -8.602060 
 rs0831 	 7.588512 	 0.065390 	 0.032695 
 rs0818 	 7.425036 	 0.032695 	 0.065390 
 rs0822 	 7.751987 	 0.065390 	 0.098085 
 rs0821 	 8.209719 	 0.000000 	 0.000000 
 rs0823 	 8.602060 	 8.602060 	 -8.602060 
 rs0816 	 7.686597 	 0.065390 	 0.130780 
 rs0814 	 8.602060 	 0.000000 	 0.000000 
 rs0815 	 7.359646 	 0.065390 	 0.065390 
 rs0820 	 7.751987 	 0.065390 	 0.032695 
 rs0805 	 8.275109 	 0.000000 	 0.065390 
 rs1518 	 7.457732 	 0.130780 	 0.098085 
 rs1000 	 7.196171 	 0.065390 	 0.065390 
 rs1002 	 7.163476 	 0.098085 	 0.228866 
 rs1033 	 8.602060 	 8.602060 	 -8.602060 
 rs1034 	 7.457732 	 0.098085 	 0.065390 
 rs1074 	 7.784683 	 0.032695 	 0.032695 
 rs1081 	 7.261561 	 0.032695 	 0.065390 
 rs1109 	 8.602060 	 8.602060 	 -8.602060 
 rs1110 	 7.392341 	 0.196171 	 0.098085 
 rs1111 	 8.602060 	 8.602060 	 -8.602060 
 rs1114 	 7.555817 	 0.065390 	 0.065390 
 rs1116 	 8.602060 	 8.602060 	 -8.602060 
 rs1134 	 7.294256 	 0.065390 	 0.098085 
 rs1159 	 7.392341 	 0.065390 	 0.032695 
 rs1163 	 8.602060 	 8.602060 	 -8.602060 
 rs1175 	 7.392341 	 0.065390 	 0.098085 
 rs1202 	 7.228866 	 0.065390 	 0.065390 
 rs1036 	 8.602060 	 8.602060 	 -8.602060 
 rs1260 	 7.425036 	 0.065390 	 0.130780 
 rs1261 	 7.784683 	 0.065390 	 0.098085 
 rs1472 	 7.294256 	 0.098085 	 0.098085 
 rs1473 	 8.602060 	 8.602060 	 -8.602060 
 rs0989 	 8.602060 	 8.602060 	 -8.602060 
 rs1355 	 8.602060 	 8.602060 	 -8.602060 
 rs0991 	 8.602060 	 8.602060 	 -8.602060 
 rs0997 	 8.602060 	 8.602060 	 -8.602060 
 rs0998 	 8.111634 	 0.000000 	 0.032695 
 rs1015 	 8.078939 	 0.032695 	 0.000000 
 rs1026 	 7.523122 	 0.065390 	 0.065390 
 rs1038 	 7.196171 	 0.032695 	 0.032695 
 rs1437 	 8.602060 	 8.602060 	 -8.602060 
 rs1491 	 8.602060 	 8.602060 	 -8.602060 
 rs1449 	 8.602060 	 8.602060 	 -8.602060 
 rs0988 	 7.000000 	 0.000000 	 0.392341 
 rs1119 	 7.425036 	 0.098085 	 0.098085 
 rs1121 	 8.602060 	 8.602060 	 -8.602060 
 rs1122 	 8.602060 	 8.602060 	 -8.602060 
 rs1004 	 8.602060 	 8.602060 	 -8.602060 
 rs1005 	 7.425036 	 0.032695 	 0.000000 
 rs1010 	 7.915463 	 0.000000 	 0.032695 
 rs1075 	 8.602060 	 8.602060 	 -8.602060 
 rs1093 	 7.425036 	 0.032695 	 0.032695 
 rs1178 	 8.602060 	 8.602060 	 -8.602060 
 rs1297 	 8.602060 	 8.602060 	 -8.602060 
 rs1446 	 7.359646 	 0.065390 	 0.098085 
 rs1086 	 7.359646 	 0.032695 	 0.000000 
 rs0996 	 7.326951 	 0.065390 	 0.098085 
 rs1001 	 8.046243 	 0.000000 	 0.000000 
 rs1117 	 7.326951 	 0.065390 	 0.065390 
 rs1185 	 8.602060 	 8.602060 	 -8.602060 
 rs1003 	 7.653902 	 0.196171 	 0.261561 
 rs1394 	 8.144329 	 0.032695 	 0.032695 
 rf0058 	 7.228866 	 0.065390 	 0.098085 
 rf0526 	 7.784683 	 0.098085 	 0.130780 
 rf0024 	 7.000000 	 0.000000 	 0.065390 
 rs1054 	 7.490427 	 0.065390 	 0.130780 
 rs1219 	 8.602060 	 8.602060 	 -8.602060 
 rs1245 	 7.228866 	 0.065390 	 0.065390 
 rf0530 	 8.144329 	 0.000000 	 0.032695 
 rs1025 	 8.602060 	 8.602060 	 -8.602060 
 rf0053 	 8.602060 	 8.602060 	 -8.602060 
 rf0051 	 7.588512 	 0.065390 	 0.130780 
 rs1264 	 8.602060 	 8.602060 	 -8.602060 
 rs1143 	 7.359646 	 0.065390 	 0.032695 
 rs1361 	 7.490427 	 0.065390 	 0.065390 
 rs1398 	 8.602060 	 8.602060 	 -8.602060 
 rs1399 	 8.602060 	 8.602060 	 -8.602060 
 rs1409 	 7.228866 	 0.065390 	 0.032695 
 rs1291 	 8.602060 	 8.602060 	 -8.602060 
 rf0022 	 7.228866 	 0.032695 	 0.000000 
 rs1259 	 8.602060 	 8.602060 	 -8.602060 
 rs1018 	 7.130780 	 0.130780 	 0.130780 
 rs1028 	 7.261561 	 0.065390 	 0.065390 
 rs1031 	 7.359646 	 0.098085 	 0.098085 
 rs1032 	 7.490427 	 0.065390 	 0.065390 
 rs1062 	 8.602060 	 8.602060 	 -8.602060 
 rs1063 	 8.177024 	 0.032695 	 0.032695 
 rs1064 	 8.602060 	 8.602060 	 -8.602060 
 rs1068 	 7.163476 	 0.098085 	 0.163476 
 rs1084 	 7.163476 	 0.065390 	 0.065390 
 rs1157 	 7.359646 	 0.065390 	 0.032695 
 rs1162 	 7.196171 	 0.098085 	 0.065390 
 rs1395 	 7.196171 	 0.065390 	 0.098085 
 rs1211 	 7.621207 	 0.065390 	 0.032695 
 rs1364 	 8.602060 	 8.602060 	 -8.602060 
 rs1217 	 7.261561 	 0.163476 	 0.163476 
 rs1218 	 7.196171 	 0.065390 	 0.098085 
 rs1221 	 7.392341 	 0.065390 	 0.098085 
 rs1366 	 7.523122 	 0.032695 	 0.065390 
 rs1223 	 7.326951 	 0.065390 	 0.065390 
 rs1230 	 7.261561 	 0.032695 	 0.065390 
 rs1371 	 7.130780 	 0.065390 	 0.098085 
 rs1373 	 7.457732 	 0.065390 	 0.130780 
 rs1235 	 7.392341 	 0.098085 	 0.163476 
 rs1377 	 8.602060 	 8.602060 	 -8.602060 
 rs1385 	 7.228866 	 0.065390 	 0.065390 
 rs1396 	 7.621207 	 0.065390 	 0.032695 
 rs1397 	 7.261561 	 0.065390 	 0.065390 
 rs1401 	 7.555817 	 0.032695 	 0.065390 
 rs1257 	 8.046243 	 0.000000 	 0.032695 
 rs1262 	 7.359646 	 0.065390 	 0.065390 
 rs1293 	 8.602060 	 8.602060 	 -8.602060 
 rs1298 	 7.359646 	 0.065390 	 0.065390 
 rs1303 	 7.196171 	 0.130780 	 0.751987 
 rs1305 	 8.307804 	 0.000000 	 0.032695 
 rs1310 	 7.261561 	 0.065390 	 0.098085 
 rs1393 	 7.490427 	 0.032695 	 0.065390 
 rf0006 	 7.294256 	 0.065390 	 0.098085 
 rf0010 	 8.602060 	 8.602060 	 -8.602060 
 rf0012 	 7.326951 	 0.065390 	 0.065390 
 rf0013 	 8.602060 	 8.602060 	 -8.602060 
 rf0014 	 7.294256 	 0.065390 	 0.065390 
 rf0015 	 8.602060 	 8.602060 	 -8.602060 
 rs1106 	 8.602060 	 8.602060 	 -8.602060 
 rs1108 	 7.326951 	 0.032695 	 0.098085 
 rs1112 	 8.602060 	 8.602060 	 -8.602060 
 rs1126 	 8.602060 	 8.602060 	 -8.602060 
 rs1029 	 7.228866 	 0.065390 	 0.065390 
 rs1030 	 7.392341 	 0.065390 	 0.032695 
 rs1035 	 8.013548 	 0.000000 	 0.032695 
 rs1040 	 7.326951 	 0.098085 	 0.098085 
 rs1047 	 7.261561 	 0.065390 	 0.065390 
 rs1050 	 7.392341 	 0.065390 	 0.032695 
 rs1052 	 7.588512 	 0.065390 	 0.032695 
 rs1055 	 7.326951 	 0.032695 	 0.065390 
 rs1057 	 8.602060 	 8.602060 	 -8.602060 
 rs1065 	 7.228866 	 0.065390 	 0.098085 
 rs1072 	 7.163476 	 0.032695 	 0.065390 
 rs1382 	 7.523122 	 0.032695 	 0.065390 
 rs1149 	 7.490427 	 0.098085 	 0.065390 
 rs1150 	 7.326951 	 0.032695 	 0.000000 
 rs1165 	 7.425036 	 0.032695 	 0.065390 
 rs1278 	 8.602060 	 8.602060 	 -8.602060 
 rs1405 	 7.228866 	 0.065390 	 0.098085 
 rs1267 	 8.602060 	 8.602060 	 -8.602060 
 rf0150 	 8.602060 	 8.602060 	 -8.602060 
 rs1270 	 8.602060 	 8.602060 	 -8.602060 
 rf0049 	 7.425036 	 0.065390 	 0.098085 
 rs1271 	 7.425036 	 0.032695 	 0.065390 
 rf0573 	 7.621207 	 0.098085 	 0.130780 
 rf0129 	 7.130780 	 0.065390 	 0.065390 
 rs1152 	 8.602060 	 8.602060 	 -8.602060 
 rs1168 	 8.602060 	 8.602060 	 -8.602060 
 rs1187 	 8.602060 	 8.602060 	 -8.602060 
 rf0540 	 8.602060 	 8.602060 	 -8.602060 
 rs1378 	 7.098085 	 0.032695 	 0.065390 
 rs1387 	 7.490427 	 0.065390 	 0.065390 
 rs1302 	 7.392341 	 0.065390 	 0.065390 
 rs0995 	 8.602060 	 8.602060 	 -8.602060 
 rs1391 	 7.098085 	 0.032695 	 0.032695 
 rf0136 	 7.392341 	 0.130780 	 0.163476 
 rs1006 	 8.078939 	 0.032695 	 0.032695 
 rs1017 	 7.588512 	 0.065390 	 0.098085 
 rf0048 	 7.392341 	 0.032695 	 0.065390 
 rs1268 	 8.602060 	 8.602060 	 -8.602060 
 rf0554 	 7.621207 	 0.098085 	 0.065390 
 rs1266 	 8.602060 	 8.602060 	 -8.602060 
 rf0042 	 7.588512 	 0.065390 	 0.098085 
 rf0037 	 8.602060 	 8.602060 	 -8.602060 
 rf0108 	 8.046243 	 0.032695 	 0.000000 
 rf0527 	 7.555817 	 0.065390 	 0.098085 
 rf0109 	 7.261561 	 0.098085 	 0.098085 
 rs1169 	 8.602060 	 8.602060 	 -8.602060 
 rs1183 	 7.098085 	 0.065390 	 0.130780 
 rs1384 	 8.078939 	 0.000000 	 0.000000 
 rs1383 	 8.602060 	 8.602060 	 -8.602060 
 rs1248 	 8.602060 	 8.602060 	 -8.602060 
 rs1191 	 8.602060 	 8.602060 	 -8.602060 
 rf0099 	 7.359646 	 0.065390 	 0.098085 
 rf0549 	 7.490427 	 0.098085 	 0.098085 
 rf0076 	 7.359646 	 0.065390 	 0.065390 
 rs1272 	 7.326951 	 0.065390 	 0.065390 
 rf0561 	 7.392341 	 0.065390 	 0.065390 
 rf0041 	 8.602060 	 8.602060 	 -8.602060 
 rs1265 	 7.392341 	 0.098085 	 0.098085 
 rs1123 	 8.602060 	 8.602060 	 -8.602060 
 rs1132 	 7.490427 	 0.032695 	 0.098085 
 rf0062 	 8.602060 	 8.602060 	 -8.602060 
 rs1023 	 8.602060 	 8.602060 	 -8.602060 
 rf0564 	 7.163476 	 0.065390 	 0.098085 
 rf0065 	 7.326951 	 0.032695 	 0.065390 
 rf0102 	 7.326951 	 0.098085 	 0.130780 
 rf0531 	 7.751987 	 0.065390 	 0.065390 
 rs1087 	 7.032695 	 0.032695 	 0.098085 
 rs1103 	 8.275109 	 0.032695 	 0.000000 
 rs1105 	 7.326951 	 0.032695 	 0.065390 
 rf0023 	 7.392341 	 0.065390 	 0.065390 
 rf0111 	 7.359646 	 0.065390 	 0.065390 
 rs1128 	 8.078939 	 0.000000 	 0.032695 
 rs1129 	 7.425036 	 0.000000 	 0.032695 
 rs1142 	 7.294256 	 0.065390 	 0.065390 
 rs1145 	 7.326951 	 0.065390 	 0.065390 
 rs1151 	 7.163476 	 0.130780 	 0.130780 
 rs1156 	 7.523122 	 0.032695 	 0.065390 
 rf0517 	 7.425036 	 0.065390 	 0.098085 
 rf0524 	 7.228866 	 0.065390 	 0.098085 
 rs1210 	 7.228866 	 0.130780 	 0.163476 
 rf0518 	 7.653902 	 0.163476 	 0.948158 
 rs1224 	 7.032695 	 0.032695 	 0.130780 
 rs1386 	 8.602060 	 8.602060 	 -8.602060 
 rs1375 	 8.275109 	 0.032695 	 0.000000 
 rs1381 	 8.046243 	 0.065390 	 0.000000 
 rs1250 	 7.359646 	 0.098085 	 0.065390 
 rf0125 	 8.602060 	 8.602060 	 -8.602060 
 rs1277 	 7.457732 	 0.065390 	 0.065390 
 rf0126 	 8.602060 	 8.602060 	 -8.602060 
 rf0128 	 7.196171 	 0.065390 	 0.065390 
 rf0026 	 8.111634 	 0.032695 	 0.000000 
 rs1020 	 7.457732 	 0.065390 	 0.098085 
 rs1102 	 8.602060 	 8.602060 	 -8.602060 
 rs1118 	 8.602060 	 8.602060 	 -8.602060 
 rs1131 	 8.602060 	 8.602060 	 -8.602060 
 rs1138 	 7.261561 	 0.098085 	 0.065390 
 rs1188 	 8.013548 	 0.032695 	 0.032695 
 rs1192 	 7.294256 	 0.065390 	 0.098085 
 rf0118 	 7.294256 	 0.065390 	 0.098085 
 rs1372 	 7.359646 	 0.065390 	 0.098085 
 rs1016 	 8.602060 	 8.602060 	 -8.602060 
 rf0079 	 7.228866 	 0.065390 	 0.130780 
 rf0084 	 7.196171 	 0.065390 	 0.065390 
 rs1060 	 8.602060 	 8.602060 	 -8.602060 
 rf0537 	 7.457732 	 0.065390 	 0.098085 
 rf0148 	 7.359646 	 0.065390 	 0.065390 
 rs1229 	 7.523122 	 0.065390 	 0.065390 
 rf0162 	 7.621207 	 0.065390 	 0.065390 
 rf0060 	 7.294256 	 0.065390 	 0.065390 
 rs1236 	 7.261561 	 0.065390 	 0.032695 
 rf0077 	 7.817378 	 0.065390 	 0.032695 
 rf0072 	 8.307804 	 0.000000 	 0.032695 
 rf0083 	 7.326951 	 0.065390 	 0.098085 
 rf0532 	 7.686597 	 0.065390 	 0.065390 
 rf0064 	 7.653902 	 0.065390 	 0.065390 
 rf0092 	 8.602060 	 8.602060 	 -8.602060 
 rs1082 	 8.602060 	 8.602060 	 -8.602060 
 rs1083 	 8.602060 	 8.602060 	 -8.602060 
 rf0017 	 7.392341 	 0.032695 	 0.065390 
 rf0045 	 7.523122 	 0.065390 	 0.065390 
 rf0138 	 8.602060 	 8.602060 	 -8.602060 
 rf0055 	 7.000000 	 0.000000 	 0.098085 
 rf0547 	 7.980853 	 0.098085 	 0.032695 
 rf0207 	 7.425036 	 0.065390 	 0.065390 
 rf0550 	 7.751987 	 0.032695 	 0.065390 
 rf0528 	 7.523122 	 0.065390 	 0.065390 
 rf0225 	 8.144329 	 0.032695 	 0.000000 
 rf0534 	 7.523122 	 0.065390 	 0.098085 
 rf0143 	 7.196171 	 0.032695 	 0.098085 
 rf0007 	 7.196171 	 0.098085 	 0.130780 
 rf0576 	 7.621207 	 0.065390 	 0.065390 
 rf0551 	 7.425036 	 0.065390 	 0.098085 
 rf0061 	 7.228866 	 0.130780 	 0.130780 
 rf0553 	 7.621207 	 0.130780 	 0.228866 
 rf0104 	 7.457732 	 0.065390 	 0.065390 
 rf0107 	 7.457732 	 0.065390 	 0.065390 
 rf0043 	 7.621207 	 0.065390 	 0.032695 
 rs1059 	 7.032695 	 0.032695 	 0.098085 
 rf0105 	 7.457732 	 0.032695 	 0.065390 
 rs1070 	 8.602060 	 8.602060 	 -8.602060 
 rf0132 	 8.602060 	 8.602060 	 -8.602060 
 rs1076 	 7.098085 	 0.065390 	 0.098085 
 rs1080 	 7.065390 	 0.065390 	 0.294256 
 rf0133 	 7.392341 	 0.032695 	 0.032695 
 rf0113 	 7.359646 	 0.163476 	 0.130780 
 rf0040 	 8.602060 	 8.602060 	 -8.602060 
 rs1125 	 7.130780 	 0.032695 	 0.098085 
 rf0520 	 7.392341 	 0.065390 	 0.098085 
 rs1135 	 7.359646 	 0.098085 	 0.098085 
 rs1137 	 8.602060 	 8.602060 	 -8.602060 
 rf0294 	 8.602060 	 8.602060 	 -8.602060 
 rs1359 	 8.602060 	 8.602060 	 -8.602060 
 rf0543 	 7.457732 	 0.065390 	 0.130780 
 rs1406 	 7.326951 	 0.065390 	 0.065390 
 rs1154 	 8.602060 	 8.602060 	 -8.602060 
 rf0016 	 7.261561 	 0.032695 	 0.065390 
 rf0516 	 7.784683 	 0.065390 	 0.130780 
 rs1164 	 7.555817 	 0.065390 	 0.098085 
 rs1170 	 7.196171 	 0.065390 	 0.065390 
 rs1171 	 8.602060 	 8.602060 	 -8.602060 
 rs1172 	 7.751987 	 0.065390 	 0.065390 
 rf0068 	 7.359646 	 0.065390 	 0.130780 
 rs1177 	 7.261561 	 0.098085 	 0.065390 
 rs1179 	 8.602060 	 8.602060 	 -8.602060 
 rs1182 	 7.032695 	 0.032695 	 0.098085 
 rs1184 	 7.457732 	 0.065390 	 0.065390 
 rs1388 	 7.261561 	 0.065390 	 0.065390 
 rs1190 	 7.621207 	 0.032695 	 0.000000 
 rs1197 	 8.602060 	 8.602060 	 -8.602060 
 rs1198 	 8.602060 	 8.602060 	 -8.602060 
 rs1200 	 7.457732 	 0.065390 	 0.065390 
 rs1362 	 7.392341 	 0.065390 	 0.065390 
 rf0070 	 7.751987 	 0.065390 	 0.098085 
 rs1205 	 8.602060 	 8.602060 	 -8.602060 
 rs1207 	 8.602060 	 8.602060 	 -8.602060 
 rs1208 	 7.294256 	 0.065390 	 0.098085 
 rs1209 	 8.602060 	 8.602060 	 -8.602060 
 rs1212 	 7.130780 	 0.032695 	 0.032695 
 rs1213 	 7.294256 	 0.228866 	 0.130780 
 rs1214 	 8.602060 	 8.602060 	 -8.602060 
 rf0011 	 7.163476 	 0.065390 	 0.065390 
 rs1220 	 8.602060 	 8.602060 	 -8.602060 
 rs1222 	 7.228866 	 0.065390 	 0.098085 
 rf0555 	 8.078939 	 0.032695 	 0.032695 
 rf0036 	 7.523122 	 0.065390 	 0.098085 
 rs1226 	 7.000000 	 0.000000 	 0.098085 
 rs1370 	 7.359646 	 0.065390 	 0.065390 
 rf0117 	 7.261561 	 0.032695 	 0.065390 
 rf0121 	 8.209719 	 0.000000 	 0.032695 
 rf0621 	 7.784683 	 0.130780 	 0.228866 
 rs1389 	 8.013548 	 0.000000 	 0.032695 
 rf0579 	 7.686597 	 0.032695 	 0.065390 
 rs1403 	 7.294256 	 0.032695 	 0.098085 
 rs1404 	 7.261561 	 0.065390 	 0.032695 
 rs1283 	 7.392341 	 0.065390 	 0.098085 
 rs1296 	 8.013548 	 0.032695 	 0.032695 
 rf0134 	 7.359646 	 0.163476 	 0.098085 
 rs1091 	 8.602060 	 8.602060 	 -8.602060 
 rf0246 	 8.405890 	 0.065390 	 0.032695 
 rf0127 	 7.425036 	 0.032695 	 0.032695 
 rf0317 	 7.326951 	 0.065390 	 0.065390 
 rf0073 	 8.602060 	 8.602060 	 -8.602060 
 rf0577 	 7.392341 	 0.065390 	 0.130780 
 rf0533 	 7.228866 	 0.032695 	 0.032695 
 rf0028 	 7.261561 	 0.065390 	 0.098085 
 rf0029 	 7.555817 	 0.065390 	 0.032695 
 rf0030 	 7.130780 	 0.065390 	 0.065390 
 rf0031 	 8.602060 	 8.602060 	 -8.602060 
 rf0032 	 7.261561 	 0.065390 	 0.065390 
 rf0033 	 7.392341 	 0.065390 	 0.098085 
 rf0536 	 8.602060 	 8.602060 	 -8.602060 
 rf0034 	 7.523122 	 0.065390 	 0.065390 
 rf0539 	 7.425036 	 0.065390 	 0.065390 
 rf0574 	 7.719292 	 0.065390 	 0.065390 
 rs1254 	 7.359646 	 0.032695 	 0.032695 
 rs1092 	 7.228866 	 0.098085 	 0.065390 
 rs1098 	 7.359646 	 0.032695 	 0.065390 
 rs1100 	 8.602060 	 8.602060 	 -8.602060 
 rs1104 	 7.098085 	 0.065390 	 0.098085 
 rf0158 	 7.261561 	 0.130780 	 0.130780 
 rs1124 	 7.261561 	 0.065390 	 0.098085 
 rs1147 	 7.359646 	 0.065390 	 0.098085 
 rs1079 	 7.130780 	 0.065390 	 0.130780 
 rs1195 	 7.098085 	 0.032695 	 0.032695 
 rf0071 	 8.602060 	 8.602060 	 -8.602060 
 rf0119 	 7.261561 	 0.065390 	 0.098085 
 rf0123 	 7.425036 	 0.098085 	 0.098085 
 rs1294 	 7.032695 	 0.032695 	 0.065390 
 rs1292 	 7.098085 	 0.098085 	 0.196171 
 rs1290 	 8.013548 	 0.098085 	 0.032695 
 rs1289 	 7.457732 	 0.032695 	 0.065390 
 rs1286 	 7.228866 	 0.098085 	 0.098085 
 rf0620 	 7.425036 	 0.065390 	 0.130780 
 rs1284 	 8.078939 	 0.000000 	 0.032695 
 rf0074 	 7.196171 	 0.130780 	 0.130780 
 rs1408 	 7.000000 	 0.000000 	 0.196171 
 rs1043 	 8.046243 	 0.065390 	 0.032695 
 rf0545 	 7.098085 	 0.065390 	 0.065390 
 rs1053 	 8.307804 	 0.032695 	 0.032695 
 rs1048 	 8.602060 	 8.602060 	 -8.602060 
 rf0623 	 7.359646 	 0.065390 	 0.098085 
 rs1046 	 7.457732 	 0.000000 	 0.032695 
 rs1045 	 7.163476 	 0.098085 	 0.098085 
 rs1021 	 7.294256 	 0.032695 	 0.065390 
 rs1014 	 8.177024 	 0.032695 	 0.000000 
 rf0616 	 7.326951 	 0.065390 	 0.098085 
 rs1011 	 7.359646 	 0.098085 	 0.065390 
 rf0582 	 7.359646 	 0.065390 	 0.098085 
 rf0164 	 8.602060 	 8.602060 	 -8.602060 
 rf0249 	 8.602060 	 8.602060 	 -8.602060 
 rf0250 	 8.209719 	 0.000000 	 0.000000 
 rf0326 	 7.457732 	 0.065390 	 0.130780 
 rf0684 	 8.602060 	 8.602060 	 -8.602060 
 rf0340 	 7.653902 	 0.032695 	 0.032695 
 rf0612 	 7.228866 	 0.032695 	 0.065390 
 rf0221 	 7.294256 	 0.000000 	 0.032695 
 rf0283 	 8.602060 	 8.602060 	 -8.602060 
 rf0229 	 7.228866 	 0.163476 	 0.163476 
 rf0241 	 8.536670 	 0.065390 	 0.065390 
 rf0263 	 8.602060 	 8.602060 	 -8.602060 
 rf0264 	 8.602060 	 8.602060 	 -8.602060 
 rf0295 	 7.228866 	 0.000000 	 0.032695 
 rf0315 	 8.602060 	 8.602060 	 -8.602060 
 rf0316 	 7.228866 	 0.065390 	 0.098085 
 rs1304 	 7.719292 	 0.065390 	 0.098085 
 rf0303 	 7.261561 	 0.032695 	 0.098085 
 rs1301 	 7.228866 	 0.163476 	 0.163476 
 rs1282 	 7.294256 	 0.000000 	 0.032695 
 rs1299 	 7.555817 	 0.065390 	 0.032695 
 rf0314 	 7.392341 	 0.098085 	 0.130780 
 rf0318 	 7.980853 	 0.163476 	 0.228866 
 rf0267 	 8.602060 	 8.602060 	 -8.602060 
 rf0166 	 7.130780 	 0.000000 	 0.000000 
 rf0319 	 7.294256 	 0.000000 	 0.032695 
 rs1258 	 7.686597 	 0.032695 	 0.000000 
 rs1281 	 7.555817 	 0.065390 	 0.065390 
 rf0333 	 8.602060 	 8.602060 	 -8.602060 
 rf0223 	 8.602060 	 8.602060 	 -8.602060 
 rf0259 	 7.228866 	 0.065390 	 0.098085 
 rf0227 	 7.196171 	 0.065390 	 0.065390 
 rf0338 	 7.621207 	 0.032695 	 0.065390 
 rf0279 	 7.425036 	 0.098085 	 0.196171 
 rf0234 	 7.425036 	 0.196171 	 0.098085 
 rf0580 	 7.457732 	 0.098085 	 0.065390 
 rf0157 	 8.111634 	 0.000000 	 0.032695 
 rf0167 	 8.602060 	 8.602060 	 -8.602060 
 rf0237 	 8.602060 	 8.602060 	 -8.602060 
 rf0586 	 7.326951 	 0.130780 	 0.228866 
 rf0284 	 7.980853 	 0.032695 	 0.032695 
 rf0236 	 7.294256 	 0.032695 	 0.098085 
 rf0169 	 7.392341 	 0.065390 	 0.065390 
 rf0171 	 8.602060 	 8.602060 	 -8.602060 
 rf0173 	 8.602060 	 8.602060 	 -8.602060 
 rf0238 	 7.228866 	 0.065390 	 0.065390 
 rf0638 	 7.163476 	 0.065390 	 0.098085 
 rf0175 	 7.130780 	 0.065390 	 0.098085 
 rf0587 	 7.392341 	 0.065390 	 0.065390 
 rf0328 	 7.065390 	 0.065390 	 0.098085 
 rf0176 	 8.602060 	 8.602060 	 -8.602060 
 rf0291 	 7.228866 	 0.065390 	 0.065390 
 rf0177 	 7.196171 	 0.032695 	 0.065390 
 rf0292 	 8.602060 	 8.602060 	 -8.602060 
 rf0179 	 7.588512 	 0.065390 	 0.032695 
 rf0242 	 8.602060 	 8.602060 	 -8.602060 
 rf0181 	 7.555817 	 0.098085 	 0.163476 
 rs1307 	 8.602060 	 8.602060 	 -8.602060 
 rs1280 	 7.621207 	 0.098085 	 0.098085 
 rf0335 	 7.392341 	 0.065390 	 0.098085 
 rf0297 	 8.602060 	 8.602060 	 -8.602060 
 rf0596 	 7.294256 	 0.065390 	 0.065390 
 rf0240 	 8.144329 	 0.032695 	 0.032695 
 rf0251 	 8.602060 	 8.602060 	 -8.602060 
 rf0190 	 7.228866 	 0.032695 	 0.032695 
 rf0268 	 7.228866 	 0.098085 	 0.098085 
 rf0332 	 8.078939 	 0.032695 	 0.000000 
 rf0192 	 7.326951 	 0.065390 	 0.065390 
 rf0193 	 7.000000 	 0.000000 	 0.098085 
 rf0195 	 7.130780 	 0.130780 	 0.163476 
 rf0197 	 7.228866 	 0.032695 	 0.032695 
 rf0201 	 8.602060 	 8.602060 	 -8.602060 
 rf0205 	 8.602060 	 8.602060 	 -8.602060 
 rf0622 	 7.457732 	 0.065390 	 0.098085 
 rf0239 	 8.602060 	 8.602060 	 -8.602060 
 rf0206 	 7.261561 	 0.098085 	 0.098085 
 rf0339 	 8.602060 	 8.602060 	 -8.602060 
 rf0210 	 7.261561 	 0.032695 	 0.032695 
 rf0631 	 8.111634 	 0.032695 	 0.000000 
 rf0342 	 7.065390 	 0.032695 	 0.065390 
 rf0634 	 7.425036 	 0.098085 	 0.130780 
 rf0265 	 8.046243 	 0.032695 	 0.000000 
 rf0343 	 8.602060 	 8.602060 	 -8.602060 
 rf0331 	 7.425036 	 0.098085 	 0.098085 
 rf0217 	 7.686597 	 0.065390 	 0.065390 
 rf0244 	 7.555817 	 0.294256 	 1.046243 
 rf0180 	 8.602060 	 8.602060 	 -8.602060 
 rf0226 	 7.065390 	 0.065390 	 0.098085 
 rf0280 	 7.588512 	 0.065390 	 0.032695 
 rf0300 	 7.228866 	 0.065390 	 0.065390 
 rf0306 	 7.359646 	 0.032695 	 0.065390 
 rf0286 	 7.392341 	 0.032695 	 0.065390 
 rf0271 	 7.000000 	 0.000000 	 0.130780 
 rf0262 	 7.261561 	 0.065390 	 0.098085 
 rf0272 	 7.621207 	 0.065390 	 0.065390 
 rf0277 	 7.326951 	 0.065390 	 0.098085 
 rf0235 	 7.392341 	 0.098085 	 0.098085 
 rf0003 	 8.602060 	 8.602060 	 -8.602060 
 rf0258 	 8.602060 	 8.602060 	 -8.602060 
 rf0002 	 8.602060 	 8.602060 	 -8.602060 
 rf0312 	 8.602060 	 8.602060 	 -8.602060 
 rf0515 	 8.602060 	 8.602060 	 -8.602060 
 rf0298 	 7.163476 	 0.032695 	 0.065390 
 rf0313 	 8.242414 	 0.000000 	 0.000000 
 rf0642 	 8.177024 	 0.032695 	 0.000000 
 rf0299 	 7.326951 	 0.032695 	 0.098085 
 rf0643 	 8.242414 	 0.032695 	 0.032695 
 rf0649 	 8.602060 	 8.602060 	 -8.602060 
 rf0646 	 7.196171 	 0.065390 	 0.098085 
 rf0001 	 7.392341 	 0.065390 	 0.065390 
 rf0650 	 8.046243 	 0.065390 	 0.065390 
 rf0654 	 7.326951 	 0.065390 	 0.065390 
 rs1276 	 8.602060 	 8.602060 	 -8.602060 
 rs1300 	 7.359646 	 0.098085 	 0.098085 
 rf0256 	 8.602060 	 8.602060 	 -8.602060 
 rf0309 	 8.602060 	 8.602060 	 -8.602060 
 rf0653 	 7.653902 	 0.065390 	 0.065390 
 rf0305 	 7.294256 	 0.065390 	 0.065390 
 rf0655 	 7.392341 	 0.098085 	 0.065390 
 rf0308 	 7.228866 	 0.065390 	 0.065390 
 rf0311 	 7.261561 	 0.098085 	 0.163476 
 rf0266 	 8.242414 	 0.032695 	 0.000000 
 rf0627 	 7.392341 	 0.065390 	 0.098085 
 rf0247 	 8.602060 	 8.602060 	 -8.602060 
 rf0248 	 8.602060 	 8.602060 	 -8.602060 
 rf0585 	 7.457732 	 0.065390 	 0.098085 
 rf0663 	 8.111634 	 0.032695 	 0.000000 
 rf0320 	 7.653902 	 0.065390 	 0.032695 
 rf0327 	 7.000000 	 0.000000 	 1.602060 
 rf0670 	 7.326951 	 0.065390 	 0.065390 
 rf0252 	 7.425036 	 0.098085 	 0.098085 
 rf0253 	 7.000000 	 0.000000 	 0.392341 
 rf0154 	 8.602060 	 8.602060 	 -8.602060 
 rf0607 	 7.425036 	 0.065390 	 0.032695 
 rf0156 	 7.130780 	 0.098085 	 0.163476 
 rf0630 	 8.177024 	 0.032695 	 0.032695 
 rf0287 	 8.602060 	 8.602060 	 -8.602060 
 rf0322 	 7.196171 	 0.098085 	 0.098085 
 rf0628 	 7.980853 	 0.098085 	 0.032695 
 rf0204 	 7.980853 	 0.000000 	 0.032695 
 rf0257 	 7.425036 	 0.065390 	 0.065390 
 rf0685 	 7.425036 	 0.065390 	 0.065390 
 rf0669 	 7.523122 	 0.098085 	 0.098085 
 rf0674 	 7.490427 	 0.065390 	 0.098085 
 rf0680 	 7.621207 	 0.065390 	 0.098085 
 rf0668 	 7.817378 	 0.098085 	 0.130780 
 rf0324 	 8.602060 	 8.602060 	 -8.602060 
 rf0329 	 7.326951 	 0.065390 	 0.065390 
 rf0683 	 7.490427 	 0.065390 	 0.098085 
 rf0661 	 7.555817 	 0.065390 	 0.130780 
 rf0325 	 8.602060 	 8.602060 	 -8.602060 
