#Name 	 q_Estimate 	 Err_down 	 Err_up
 rf0001 	 7.719292 	 0.228866 	 0.261561 
 rf0002 	 7.425036 	 0.032695 	 0.065390 
 rf0003 	 7.228866 	 0.098085 	 0.130780 
 rf0006 	 7.490427 	 0.130780 	 0.163476 
 rf0007 	 7.196171 	 0.065390 	 0.098085 
 rf0010 	 8.602060 	 8.602060 	 -8.602060 
 rf0011 	 7.359646 	 0.098085 	 0.098085 
 rf0013 	 7.555817 	 0.000000 	 0.000000 
 rf0014 	 7.588512 	 0.228866 	 0.261561 
 rf0015 	 7.359646 	 0.032695 	 0.065390 
 rf0016 	 7.294256 	 0.032695 	 0.065390 
 rf0017 	 7.621207 	 0.163476 	 0.130780 
 rf0020 	 7.294256 	 0.098085 	 0.130780 
 rf0022 	 7.457732 	 0.032695 	 0.032695 
 rf0023 	 8.602060 	 8.602060 	 -8.602060 
 rf0024 	 7.163476 	 0.098085 	 0.130780 
 rf0025 	 7.359646 	 0.065390 	 0.032695 
 rf0029 	 7.588512 	 0.098085 	 0.130780 
 rf0030 	 7.294256 	 0.130780 	 0.098085 
 rf0031 	 7.392341 	 0.065390 	 0.032695 
 rf0033 	 7.653902 	 0.196171 	 0.261561 
 rf0034 	 8.602060 	 8.602060 	 -8.602060 
 rf0040 	 7.130780 	 0.098085 	 0.130780 
 rf0042 	 7.751987 	 0.163476 	 0.196171 
 rf0043 	 7.098085 	 0.098085 	 0.098085 
 rf0045 	 7.719292 	 0.163476 	 0.228866 
 rf0048 	 7.621207 	 0.130780 	 0.228866 
 rf0049 	 7.686597 	 0.196171 	 0.228866 
 rf0051 	 8.602060 	 8.602060 	 -8.602060 
 rf0053 	 7.719292 	 0.130780 	 0.163476 
 rf0055 	 7.555817 	 0.163476 	 0.163476 
 rf0057 	 7.261561 	 0.130780 	 0.098085 
 rf0058 	 7.425036 	 0.130780 	 0.130780 
 rf0059 	 7.653902 	 0.098085 	 0.130780 
 rf0060 	 7.555817 	 0.163476 	 0.163476 
 rf0062 	 7.261561 	 0.065390 	 0.065390 
 rf0064 	 8.602060 	 8.602060 	 -8.602060 
 rf0065 	 7.653902 	 0.196171 	 0.196171 
 rf0071 	 7.098085 	 0.065390 	 0.098085 
 rf0072 	 8.111634 	 0.098085 	 0.130780 
 rf0073 	 7.751987 	 0.098085 	 0.065390 
 rf0074 	 7.163476 	 0.065390 	 0.130780 
 rf0075 	 7.588512 	 0.032695 	 0.065390 
 rf0076 	 8.602060 	 8.602060 	 -8.602060 
 rf0077 	 7.555817 	 0.130780 	 0.163476 
 rf0079 	 7.490427 	 0.196171 	 0.196171 
 rf0083 	 8.602060 	 8.602060 	 -8.602060 
 rf0084 	 7.359646 	 0.098085 	 0.196171 
 rf0092 	 7.065390 	 0.065390 	 0.098085 
 rf0098 	 7.065390 	 0.065390 	 0.163476 
 rf0099 	 7.523122 	 0.163476 	 0.163476 
 rf0104 	 7.751987 	 0.228866 	 0.326951 
 rf0106 	 7.490427 	 0.196171 	 0.163476 
 rf0107 	 8.602060 	 8.602060 	 -8.602060 
 rf0108 	 7.686597 	 0.130780 	 0.196171 
 rf0109 	 7.359646 	 0.098085 	 0.098085 
 rf0111 	 7.457732 	 0.098085 	 0.130780 
 rf0115 	 7.359646 	 0.065390 	 0.032695 
 rf0117 	 7.588512 	 0.130780 	 0.098085 
 rf0118 	 8.602060 	 8.602060 	 -8.602060 
 rf0119 	 8.602060 	 8.602060 	 -8.602060 
 rf0120 	 8.602060 	 8.602060 	 -8.602060 
 rf0122 	 8.602060 	 8.602060 	 -8.602060 
 rf0125 	 7.621207 	 0.000000 	 0.032695 
 rf0126 	 7.098085 	 0.098085 	 0.098085 
 rf0127 	 7.588512 	 0.032695 	 0.032695 
 rf0128 	 7.425036 	 0.130780 	 0.163476 
 rf0129 	 7.359646 	 0.130780 	 0.130780 
 rf0132 	 7.294256 	 0.065390 	 0.065390 
 rf0133 	 7.392341 	 0.032695 	 0.065390 
 rf0134 	 7.261561 	 0.098085 	 0.163476 
 rf0138 	 8.602060 	 8.602060 	 -8.602060 
 rf0143 	 7.425036 	 0.130780 	 0.130780 
 rf0145 	 7.261561 	 0.065390 	 0.098085 
 rf0147 	 7.163476 	 0.098085 	 0.065390 
 rf0150 	 7.098085 	 0.098085 	 0.098085 
 rf0154 	 7.653902 	 0.163476 	 0.196171 
 rf0156 	 7.261561 	 0.130780 	 0.098085 
 rf0157 	 8.602060 	 8.602060 	 -8.602060 
 rf0158 	 7.621207 	 0.196171 	 0.228866 
 rf0160 	 7.228866 	 0.130780 	 0.196171 
 rf0164 	 7.098085 	 0.098085 	 0.130780 
 rf0165 	 7.130780 	 0.130780 	 0.228866 
 rf0166 	 8.602060 	 8.602060 	 -8.602060 
 rf0167 	 7.000000 	 0.000000 	 0.196171 
 rf0169 	 7.653902 	 0.163476 	 0.196171 
 rf0170 	 8.602060 	 8.602060 	 -8.602060 
 rf0171 	 7.000000 	 0.000000 	 0.359646 
 rf0172 	 7.163476 	 0.130780 	 0.163476 
 rf0173 	 7.032695 	 0.032695 	 0.163476 
 rf0175 	 7.359646 	 0.130780 	 0.196171 
 rf0176 	 7.294256 	 0.130780 	 0.163476 
 rf0177 	 7.392341 	 0.098085 	 0.130780 
 rf0179 	 7.588512 	 0.130780 	 0.196171 
 rf0180 	 7.392341 	 0.130780 	 0.130780 
 rf0182 	 7.000000 	 0.000000 	 0.228866 
 rf0190 	 7.457732 	 0.032695 	 0.098085 
 rf0191 	 7.065390 	 0.065390 	 0.130780 
 rf0192 	 7.621207 	 0.196171 	 0.228866 
 rf0193 	 7.098085 	 0.098085 	 0.098085 
 rf0195 	 7.163476 	 0.098085 	 0.196171 
 rf0197 	 7.523122 	 0.130780 	 0.196171 
 rf0199 	 7.326951 	 0.163476 	 0.326951 
 rf0201 	 7.686597 	 0.098085 	 0.098085 
 rf0204 	 7.784683 	 0.130780 	 0.130780 
 rf0205 	 7.130780 	 0.098085 	 0.130780 
 rf0206 	 7.261561 	 0.032695 	 0.098085 
 rf0207 	 8.602060 	 8.602060 	 -8.602060 
 rf0209 	 7.032695 	 0.032695 	 0.196171 
 rf0210 	 7.588512 	 0.130780 	 0.098085 
 rf0216 	 7.098085 	 0.098085 	 0.163476 
 rf0217 	 7.294256 	 0.098085 	 0.196171 
 rf0221 	 7.294256 	 0.032695 	 0.000000 
 rf0223 	 7.065390 	 0.065390 	 0.130780 
 rf0226 	 7.261561 	 0.130780 	 0.261561 
 rf0227 	 7.392341 	 0.130780 	 0.196171 
 rf0229 	 7.261561 	 0.130780 	 0.163476 
 rf0233 	 7.228866 	 0.032695 	 0.032695 
 rf0234 	 7.098085 	 0.098085 	 0.163476 
 rf0236 	 7.588512 	 0.196171 	 0.261561 
 rf0237 	 7.163476 	 0.065390 	 0.130780 
 rf0238 	 7.523122 	 0.196171 	 0.228866 
 rf0241 	 8.602060 	 8.602060 	 -8.602060 
 rf0242 	 7.294256 	 0.065390 	 0.032695 
 rf0246 	 8.602060 	 8.602060 	 -8.602060 
 rf0247 	 7.621207 	 0.098085 	 0.196171 
 rf0248 	 8.602060 	 8.602060 	 -8.602060 
 rf0249 	 7.392341 	 0.032695 	 0.032695 
 rf0250 	 8.602060 	 8.602060 	 -8.602060 
 rf0251 	 7.326951 	 0.130780 	 0.130780 
 rf0252 	 7.621207 	 0.163476 	 0.228866 
 rf0256 	 7.196171 	 0.065390 	 0.130780 
 rf0257 	 8.602060 	 8.602060 	 -8.602060 
 rf0258 	 7.261561 	 0.065390 	 0.130780 
 rf0259 	 7.457732 	 0.163476 	 0.294256 
 rf0261 	 7.653902 	 0.098085 	 0.032695 
 rf0262 	 7.392341 	 0.098085 	 1.013548 
 rf0263 	 7.490427 	 0.130780 	 0.163476 
 rf0264 	 7.196171 	 0.098085 	 0.163476 
 rf0265 	 7.784683 	 0.130780 	 0.196171 
 rf0266 	 8.602060 	 8.602060 	 -8.602060 
 rf0267 	 7.359646 	 0.098085 	 0.163476 
 rf0268 	 7.490427 	 0.196171 	 0.326951 
 rf0271 	 7.425036 	 0.065390 	 0.065390 
 rf0272 	 7.784683 	 0.098085 	 0.163476 
 rf0277 	 7.588512 	 0.130780 	 0.163476 
 rf0280 	 8.602060 	 8.602060 	 -8.602060 
 rf0283 	 7.523122 	 0.065390 	 0.000000 
 rf0284 	 7.817378 	 0.163476 	 0.196171 
 rf0286 	 7.588512 	 0.065390 	 0.098085 
 rf0287 	 7.228866 	 0.032695 	 0.032695 
 rf0292 	 7.163476 	 0.098085 	 0.098085 
 rf0294 	 7.032695 	 0.032695 	 0.163476 
 rf0295 	 7.359646 	 0.032695 	 0.032695 
 rf0297 	 7.555817 	 0.130780 	 0.130780 
 rf0298 	 7.425036 	 0.130780 	 0.163476 
 rf0299 	 7.555817 	 0.130780 	 0.228866 
 rf0300 	 7.457732 	 0.130780 	 0.130780 
 rf0302 	 7.261561 	 0.032695 	 0.098085 
 rf0303 	 7.490427 	 0.130780 	 0.196171 
 rf0305 	 7.523122 	 0.130780 	 0.163476 
 rf0306 	 7.653902 	 0.196171 	 0.294256 
 rf0309 	 7.196171 	 0.032695 	 0.065390 
 rf0314 	 8.602060 	 8.602060 	 -8.602060 
 rf0315 	 8.602060 	 8.602060 	 -8.602060 
 rf0316 	 7.359646 	 0.098085 	 0.098085 
 rf0319 	 7.326951 	 0.000000 	 0.000000 
 rf0320 	 7.817378 	 0.163476 	 0.228866 
 rf0323 	 7.392341 	 0.130780 	 0.098085 
 rf0324 	 7.457732 	 0.000000 	 0.000000 
 rf0325 	 7.294256 	 0.000000 	 0.032695 
 rf0326 	 8.602060 	 8.602060 	 -8.602060 
 rf0328 	 7.196171 	 0.065390 	 0.130780 
 rf0329 	 7.294256 	 0.065390 	 0.032695 
 rf0332 	 7.850073 	 0.163476 	 0.098085 
 rf0333 	 7.228866 	 0.098085 	 0.130780 
 rf0335 	 7.719292 	 0.261561 	 0.392341 
 rf0338 	 7.915463 	 0.130780 	 0.098085 
 rf0339 	 7.228866 	 0.098085 	 0.098085 
 rf0340 	 8.602060 	 8.602060 	 -8.602060 
 rf0341 	 7.196171 	 0.098085 	 0.065390 
 rf0342 	 7.294256 	 0.098085 	 0.163476 
 rf0343 	 7.228866 	 0.098085 	 0.065390 
 rf0348 	 7.000000 	 0.000000 	 0.098085 
 rf0351 	 7.588512 	 0.130780 	 0.163476 
 rf0354 	 7.294256 	 0.098085 	 0.163476 
 rf0358 	 7.850073 	 0.098085 	 0.163476 
 rf0363 	 7.980853 	 0.130780 	 0.098085 
 rf0364 	 7.294256 	 0.098085 	 0.163476 
 rf0365 	 7.457732 	 0.098085 	 0.065390 
 rf0366 	 7.653902 	 0.098085 	 0.163476 
 rf0367 	 7.915463 	 0.196171 	 0.196171 
 rf0368 	 8.602060 	 8.602060 	 -8.602060 
 rf0370 	 7.621207 	 0.130780 	 0.130780 
 rf0372 	 7.457732 	 0.000000 	 0.000000 
 rf0374 	 7.425036 	 0.261561 	 0.457732 
 rf0375 	 7.294256 	 0.032695 	 0.000000 
 rf0376 	 7.555817 	 0.032695 	 0.098085 
 rf0377 	 7.261561 	 0.032695 	 0.000000 
 rf0378 	 7.261561 	 0.130780 	 0.130780 
 rf0381 	 7.621207 	 0.163476 	 0.163476 
 rf0383 	 7.065390 	 0.065390 	 0.196171 
 rf0385 	 7.425036 	 0.130780 	 0.130780 
 rf0386 	 7.228866 	 0.098085 	 0.130780 
 rf0388 	 7.032695 	 0.032695 	 0.098085 
 rf0389 	 7.555817 	 0.065390 	 0.098085 
 rf0391 	 7.555817 	 0.196171 	 0.261561 
 rf0392 	 8.602060 	 8.602060 	 -8.602060 
 rf0395 	 7.130780 	 0.098085 	 0.130780 
 rf0396 	 7.163476 	 0.098085 	 0.065390 
 rf0397 	 7.130780 	 0.032695 	 0.065390 
 rf0398 	 7.261561 	 0.098085 	 0.098085 
 rf0399 	 7.392341 	 0.065390 	 0.130780 
 rf0400 	 7.000000 	 0.000000 	 0.163476 
 rf0401 	 8.602060 	 8.602060 	 -8.602060 
 rf0403 	 7.555817 	 0.130780 	 0.098085 
 rf0405 	 7.457732 	 0.032695 	 0.065390 
 rf0411 	 7.326951 	 0.032695 	 0.032695 
 rf0412 	 7.457732 	 0.130780 	 0.130780 
 rf0413 	 7.359646 	 0.130780 	 0.196171 
 rf0415 	 7.261561 	 0.065390 	 0.130780 
 rf0417 	 7.196171 	 0.098085 	 0.098085 
 rf0419 	 7.980853 	 0.130780 	 0.130780 
 rf0425 	 7.359646 	 0.130780 	 0.130780 
 rf0426 	 8.602060 	 8.602060 	 -8.602060 
 rf0427 	 7.196171 	 0.098085 	 0.163476 
 rf0428 	 7.653902 	 0.130780 	 0.130780 
 rf0431 	 8.602060 	 8.602060 	 -8.602060 
 rf0432 	 7.425036 	 0.163476 	 0.228866 
 rf0434 	 7.751987 	 0.130780 	 0.196171 
 rf0435 	 7.326951 	 0.032695 	 0.032695 
 rf0436 	 7.686597 	 0.261561 	 0.915463 
 rf0439 	 8.602060 	 8.602060 	 -8.602060 
 rf0441 	 8.602060 	 8.602060 	 -8.602060 
 rf0443 	 7.653902 	 0.163476 	 0.228866 
 rf0444 	 7.359646 	 0.000000 	 0.000000 
 rf0447 	 7.425036 	 0.032695 	 0.032695 
 rf0448 	 7.359646 	 0.130780 	 0.130780 
 rf0453 	 7.392341 	 0.163476 	 0.261561 
 rf0454 	 7.555817 	 0.130780 	 0.228866 
 rf0455 	 7.130780 	 0.098085 	 0.163476 
 rf0456 	 7.425036 	 0.130780 	 0.163476 
 rf0459 	 8.602060 	 8.602060 	 -8.602060 
 rf0460 	 7.163476 	 0.098085 	 0.065390 
 rf0461 	 7.686597 	 0.130780 	 0.098085 
 rf0462 	 7.653902 	 0.261561 	 0.326951 
 rf0463 	 7.163476 	 0.098085 	 0.098085 
 rf0464 	 8.602060 	 8.602060 	 -8.602060 
 rf0465 	 8.602060 	 8.602060 	 -8.602060 
 rf0466 	 7.425036 	 0.130780 	 0.130780 
 rf0467 	 7.359646 	 0.228866 	 0.261561 
 rf0468 	 7.065390 	 0.065390 	 0.130780 
 rf0473 	 7.261561 	 0.130780 	 0.130780 
 rf0474 	 7.850073 	 0.130780 	 0.130780 
 rf0476 	 7.555817 	 0.163476 	 0.196171 
 rf0477 	 7.653902 	 0.098085 	 0.163476 
 rf0479 	 7.719292 	 0.163476 	 0.261561 
 rf0480 	 7.457732 	 0.261561 	 0.457732 
 rf0482 	 7.621207 	 0.163476 	 0.228866 
 rf0485 	 8.602060 	 8.602060 	 -8.602060 
 rf0487 	 7.621207 	 0.163476 	 0.228866 
 rf0488 	 7.359646 	 0.098085 	 0.130780 
 rf0493 	 7.490427 	 0.065390 	 0.065390 
 rf0496 	 7.915463 	 0.196171 	 0.196171 
 rf0497 	 8.602060 	 8.602060 	 -8.602060 
 rf0498 	 8.602060 	 8.602060 	 -8.602060 
 rf0499 	 7.588512 	 0.130780 	 0.196171 
 rf0500 	 7.228866 	 0.098085 	 0.163476 
 rf0503 	 7.555817 	 0.098085 	 0.065390 
 rf0504 	 7.196171 	 0.032695 	 0.000000 
 rf0505 	 7.621207 	 0.163476 	 0.228866 
 rf0506 	 7.294256 	 0.065390 	 0.065390 
 rf0507 	 7.392341 	 0.130780 	 0.196171 
 rf0510 	 7.719292 	 0.000000 	 0.000000 
 rf0511 	 7.555817 	 0.163476 	 0.163476 
 rf0513 	 7.130780 	 0.098085 	 0.163476 
 rf0524 	 8.602060 	 8.602060 	 -8.602060 
 rf0545 	 7.196171 	 0.098085 	 1.046243 
 rf0583 	 8.602060 	 8.602060 	 -8.602060 
 rf0607 	 7.686597 	 0.130780 	 0.196171 
 rf0622 	 8.602060 	 8.602060 	 -8.602060 
 rf0630 	 8.602060 	 8.602060 	 -8.602060 
 rf0642 	 8.602060 	 8.602060 	 -8.602060 
 rf0644 	 8.602060 	 8.602060 	 -8.602060 
 rf0663 	 8.602060 	 8.602060 	 -8.602060 
 rf0684 	 7.098085 	 0.098085 	 0.163476 
 rf0693 	 8.602060 	 8.602060 	 -8.602060 
 rf0695 	 8.602060 	 8.602060 	 -8.602060 
 rf0707 	 7.294256 	 0.130780 	 0.163476 
 rf0713 	 7.555817 	 0.261561 	 0.392341 
 rf0716 	 7.196171 	 0.098085 	 0.032695 
 rf0730 	 7.196171 	 0.130780 	 0.163476 
 rf0745 	 8.602060 	 8.602060 	 -8.602060 
 rf0783 	 8.602060 	 8.602060 	 -8.602060 
 rf0795 	 7.523122 	 0.098085 	 0.163476 
 rs0001 	 7.719292 	 0.098085 	 0.130780 
 rs0002 	 7.392341 	 0.098085 	 0.163476 
 rs0003 	 7.523122 	 0.098085 	 0.130780 
 rs0010 	 7.588512 	 0.130780 	 0.098085 
 rs0011 	 7.621207 	 0.163476 	 0.163476 
 rs0012 	 7.555817 	 0.130780 	 0.130780 
 rs0013 	 7.490427 	 0.163476 	 0.163476 
 rs0014 	 7.588512 	 0.032695 	 0.000000 
 rs0017 	 7.098085 	 0.098085 	 0.065390 
 rs0020 	 8.602060 	 8.602060 	 -8.602060 
 rs0022 	 7.359646 	 0.032695 	 0.032695 
 rs0023 	 7.326951 	 0.130780 	 0.196171 
 rs0027 	 8.602060 	 8.602060 	 -8.602060 
 rs0029 	 7.392341 	 0.032695 	 0.098085 
 rs0030 	 7.457732 	 0.098085 	 0.098085 
 rs0035 	 7.915463 	 0.098085 	 0.163476 
 rs0038 	 7.163476 	 0.130780 	 0.163476 
 rs0039 	 7.751987 	 0.196171 	 0.196171 
 rs0042 	 7.490427 	 0.163476 	 0.130780 
 rs0045 	 7.392341 	 0.098085 	 0.130780 
 rs0046 	 8.602060 	 8.602060 	 -8.602060 
 rs0048 	 7.261561 	 0.130780 	 0.130780 
 rs0050 	 7.196171 	 0.098085 	 0.098085 
 rs0051 	 7.196171 	 0.098085 	 0.130780 
 rs0052 	 7.359646 	 0.130780 	 0.130780 
 rs0053 	 7.228866 	 0.032695 	 0.000000 
 rs0054 	 7.621207 	 0.196171 	 0.196171 
 rs0062 	 7.653902 	 0.130780 	 0.098085 
 rs0063 	 7.392341 	 0.065390 	 0.098085 
 rs0064 	 7.196171 	 0.098085 	 0.098085 
 rs0065 	 7.555817 	 0.163476 	 0.196171 
 rs0068 	 7.490427 	 0.196171 	 0.326951 
 rs0070 	 8.602060 	 8.602060 	 -8.602060 
 rs0071 	 7.000000 	 0.000000 	 0.130780 
 rs0077 	 7.065390 	 0.065390 	 0.130780 
 rs0080 	 7.392341 	 0.065390 	 0.032695 
 rs0081 	 7.653902 	 0.196171 	 0.228866 
 rs0083 	 7.686597 	 0.098085 	 0.196171 
 rs0084 	 7.392341 	 0.130780 	 0.098085 
 rs0085 	 7.392341 	 0.098085 	 0.163476 
 rs0087 	 7.359646 	 0.098085 	 0.130780 
 rs0088 	 7.653902 	 0.163476 	 0.163476 
 rs0089 	 7.065390 	 0.065390 	 0.130780 
 rs0090 	 8.602060 	 8.602060 	 -8.602060 
 rs0092 	 7.555817 	 0.163476 	 0.163476 
 rs0093 	 7.098085 	 0.098085 	 0.163476 
 rs0094 	 7.392341 	 0.098085 	 0.163476 
 rs0095 	 8.602060 	 8.602060 	 -8.602060 
 rs0096 	 7.196171 	 0.098085 	 0.098085 
 rs0097 	 7.817378 	 0.130780 	 0.163476 
 rs0098 	 7.196171 	 0.098085 	 0.130780 
 rs0103 	 7.098085 	 0.098085 	 0.130780 
 rs0104 	 7.261561 	 0.098085 	 0.098085 
 rs0105 	 7.555817 	 0.196171 	 0.294256 
 rs0107 	 8.602060 	 8.602060 	 -8.602060 
 rs0109 	 7.621207 	 0.000000 	 0.000000 
 rs0111 	 7.817378 	 0.228866 	 0.326951 
 rs0113 	 7.359646 	 0.065390 	 0.032695 
 rs0118 	 7.392341 	 0.098085 	 0.196171 
 rs0120 	 7.359646 	 0.098085 	 0.098085 
 rs0121 	 7.163476 	 0.130780 	 0.130780 
 rs0122 	 8.602060 	 8.602060 	 -8.602060 
 rs0123 	 7.000000 	 0.000000 	 0.130780 
 rs0124 	 7.784683 	 0.196171 	 0.261561 
 rs0126 	 7.392341 	 0.065390 	 0.098085 
 rs0127 	 7.490427 	 0.098085 	 0.130780 
 rs0128 	 7.196171 	 0.098085 	 0.098085 
 rs0130 	 7.653902 	 0.163476 	 0.261561 
 rs0133 	 7.065390 	 0.065390 	 0.130780 
 rs0134 	 7.065390 	 0.065390 	 0.098085 
 rs0135 	 7.261561 	 0.098085 	 0.130780 
 rs0136 	 7.130780 	 0.065390 	 0.032695 
 rs0137 	 7.392341 	 0.098085 	 0.098085 
 rs0138 	 7.719292 	 0.163476 	 0.163476 
 rs0140 	 8.602060 	 8.602060 	 -8.602060 
 rs0141 	 7.490427 	 0.130780 	 0.196171 
 rs0143 	 7.130780 	 0.098085 	 0.098085 
 rs0145 	 7.326951 	 0.098085 	 0.098085 
 rs0146 	 7.686597 	 0.130780 	 0.065390 
 rs0147 	 7.359646 	 0.065390 	 0.130780 
 rs0148 	 7.130780 	 0.065390 	 0.065390 
 rs0149 	 7.392341 	 0.163476 	 0.163476 
 rs0150 	 7.588512 	 0.163476 	 0.228866 
 rs0156 	 7.425036 	 0.130780 	 0.098085 
 rs0157 	 8.602060 	 8.602060 	 -8.602060 
 rs0159 	 7.032695 	 0.032695 	 0.065390 
 rs0162 	 8.602060 	 8.602060 	 -8.602060 
 rs0163 	 7.228866 	 0.065390 	 0.130780 
 rs0165 	 7.490427 	 0.098085 	 0.163476 
 rs0166 	 7.196171 	 0.065390 	 0.098085 
 rs0167 	 7.719292 	 0.163476 	 0.163476 
 rs0168 	 7.817378 	 0.130780 	 0.196171 
 rs0170 	 7.588512 	 0.130780 	 0.163476 
 rs0171 	 7.555817 	 0.130780 	 0.163476 
 rs0172 	 7.326951 	 0.130780 	 0.130780 
 rs0174 	 7.621207 	 0.163476 	 0.130780 
 rs0175 	 7.392341 	 0.065390 	 0.098085 
 rs0178 	 7.850073 	 0.130780 	 0.130780 
 rs0180 	 7.392341 	 0.098085 	 0.130780 
 rs0181 	 8.602060 	 8.602060 	 -8.602060 
 rs0183 	 7.130780 	 0.065390 	 0.098085 
 rs0185 	 7.196171 	 0.130780 	 0.130780 
 rs0188 	 7.228866 	 0.065390 	 0.098085 
 rs0189 	 7.098085 	 0.098085 	 0.065390 
 rs0190 	 7.359646 	 0.065390 	 0.098085 
 rs0191 	 7.490427 	 0.032695 	 0.000000 
 rs0192 	 7.392341 	 0.098085 	 0.130780 
 rs0193 	 7.294256 	 0.098085 	 0.130780 
 rs0194 	 7.457732 	 0.000000 	 0.065390 
 rs0195 	 7.130780 	 0.098085 	 0.130780 
 rs0196 	 7.425036 	 0.065390 	 0.032695 
 rs0200 	 8.602060 	 8.602060 	 -8.602060 
 rs0201 	 7.032695 	 0.032695 	 0.098085 
 rs0202 	 7.261561 	 0.000000 	 0.065390 
 rs0203 	 7.032695 	 0.032695 	 0.130780 
 rs0206 	 7.098085 	 0.098085 	 0.098085 
 rs0209 	 7.294256 	 0.098085 	 0.065390 
 rs0211 	 7.065390 	 0.065390 	 0.130780 
 rs0212 	 7.523122 	 0.163476 	 0.228866 
 rs0215 	 8.602060 	 8.602060 	 -8.602060 
 rs0216 	 8.602060 	 8.602060 	 -8.602060 
 rs0218 	 7.555817 	 0.163476 	 0.163476 
 rs0220 	 7.850073 	 0.130780 	 0.163476 
 rs0221 	 7.196171 	 0.065390 	 0.130780 
 rs0224 	 7.130780 	 0.098085 	 0.130780 
 rs0225 	 7.228866 	 0.130780 	 0.098085 
 rs0226 	 7.621207 	 0.130780 	 0.098085 
 rs0227 	 7.130780 	 0.098085 	 0.130780 
 rs0228 	 7.621207 	 0.130780 	 0.130780 
 rs0231 	 7.490427 	 0.098085 	 0.130780 
 rs0236 	 7.621207 	 0.196171 	 0.294256 
 rs0237 	 7.425036 	 0.032695 	 0.032695 
 rs0239 	 7.555817 	 0.000000 	 0.032695 
 rs0240 	 7.000000 	 0.000000 	 0.098085 
 rs0241 	 7.457732 	 0.065390 	 0.163476 
 rs0242 	 7.359646 	 0.130780 	 0.130780 
 rs0243 	 7.294256 	 0.065390 	 0.098085 
 rs0244 	 8.602060 	 8.602060 	 -8.602060 
 rs0246 	 7.882768 	 0.130780 	 0.130780 
 rs0247 	 8.602060 	 8.602060 	 -8.602060 
 rs0250 	 7.098085 	 0.098085 	 0.130780 
 rs0253 	 7.261561 	 0.000000 	 0.065390 
 rs0255 	 7.653902 	 0.130780 	 0.163476 
 rs0256 	 7.621207 	 0.098085 	 0.130780 
 rs0257 	 7.523122 	 0.163476 	 0.196171 
 rs0259 	 7.326951 	 0.065390 	 0.065390 
 rs0260 	 7.065390 	 0.065390 	 0.163476 
 rs0261 	 7.326951 	 0.032695 	 0.032695 
 rs0262 	 7.686597 	 0.130780 	 0.130780 
 rs0263 	 7.163476 	 0.098085 	 0.065390 
 rs0264 	 7.882768 	 0.130780 	 0.196171 
 rs0266 	 7.294256 	 0.065390 	 0.032695 
 rs0267 	 7.163476 	 0.098085 	 0.098085 
 rs0268 	 7.163476 	 0.098085 	 0.098085 
 rs0269 	 7.588512 	 0.130780 	 0.163476 
 rs0270 	 7.196171 	 0.130780 	 0.098085 
 rs0273 	 7.490427 	 0.130780 	 0.196171 
 rs0274 	 7.457732 	 0.098085 	 0.098085 
 rs0275 	 7.588512 	 0.130780 	 0.098085 
 rs0276 	 7.457732 	 0.098085 	 0.163476 
 rs0277 	 7.653902 	 0.196171 	 0.196171 
 rs0280 	 7.098085 	 0.065390 	 0.130780 
 rs0282 	 7.261561 	 0.065390 	 0.098085 
 rs0283 	 7.457732 	 0.098085 	 0.130780 
 rs0284 	 7.653902 	 0.098085 	 0.098085 
 rs0289 	 7.392341 	 0.130780 	 0.130780 
 rs0297 	 8.602060 	 8.602060 	 -8.602060 
 rs0299 	 7.163476 	 0.098085 	 0.098085 
 rs0303 	 7.523122 	 0.130780 	 0.621207 
 rs0306 	 7.228866 	 0.065390 	 0.098085 
 rs0308 	 7.196171 	 0.130780 	 0.163476 
 rs0313 	 7.196171 	 0.098085 	 0.130780 
 rs0314 	 7.392341 	 0.098085 	 0.163476 
 rs0315 	 7.425036 	 0.065390 	 0.065390 
 rs0316 	 7.130780 	 0.065390 	 0.098085 
 rs0318 	 8.602060 	 8.602060 	 -8.602060 
 rs0320 	 7.228866 	 0.098085 	 0.065390 
 rs0323 	 7.392341 	 0.098085 	 0.098085  rs0325 	 8.602060 	 8.602060 	 -8.602060 
 rs0328 	 7.359646 	 0.130780 	 0.228866 
 rs0329 	 7.588512 	 0.065390 	 0.098085 
 rs0331 	 7.392341 	 0.130780 	 0.098085 
 rs0334 	 7.359646 	 0.098085 	 0.130780 
 rs0336 	 7.457732 	 0.098085 	 0.196171 
 rs0337 	 7.392341 	 0.098085 	 0.098085 
 rs0339 	 7.130780 	 0.098085 	 0.098085 
 rs0340 	 7.392341 	 0.130780 	 0.098085 
 rs0341 	 7.621207 	 0.130780 	 0.163476 
 rs0343 	 7.719292 	 0.130780 	 0.130780 
 rs0344 	 7.719292 	 0.130780 	 0.130780 
 rs0345 	 8.602060 	 8.602060 	 -8.602060 
 rs0349 	 8.602060 	 8.602060 	 -8.602060 
 rs0350 	 7.523122 	 0.065390 	 0.098085 
 rs0351 	 7.457732 	 0.098085 	 0.098085 
 rs0354 	 7.784683 	 0.130780 	 0.130780 
 rs0356 	 7.359646 	 0.098085 	 0.098085 
 rs0358 	 7.228866 	 0.098085 	 0.098085 
 rs0364 	 7.817378 	 0.228866 	 0.228866 
 rs0365 	 7.588512 	 0.196171 	 0.294256 
 rs0367 	 8.602060 	 8.602060 	 -8.602060 
 rs0371 	 7.163476 	 0.098085 	 0.065390 
 rs0372 	 8.602060 	 8.602060 	 -8.602060 
 rs0373 	 7.490427 	 0.065390 	 0.130780 
 rs0374 	 7.523122 	 0.196171 	 0.392341 
 rs0376 	 7.359646 	 0.098085 	 0.163476 
 rs0377 	 7.261561 	 0.130780 	 0.228866 
 rs0378 	 7.294256 	 0.065390 	 0.065390 
 rs0380 	 7.653902 	 0.098085 	 0.163476 
 rs0382 	 7.196171 	 0.065390 	 0.065390 
 rs0384 	 7.555817 	 0.130780 	 0.130780 
 rs0386 	 7.751987 	 0.130780 	 0.130780 
 rs0389 	 7.751987 	 0.130780 	 0.196171 
 rs0390 	 7.326951 	 0.032695 	 0.032695 
 rs0391 	 7.196171 	 0.130780 	 0.130780 
 rs0392 	 7.980853 	 0.130780 	 0.163476 
 rs0393 	 7.457732 	 0.098085 	 0.163476 
 rs0394 	 8.602060 	 8.602060 	 -8.602060 
 rs0396 	 7.392341 	 0.000000 	 0.000000 
 rs0401 	 7.098085 	 0.065390 	 0.130780 
 rs0402 	 7.850073 	 0.065390 	 0.000000 
 rs0405 	 7.163476 	 0.032695 	 0.065390 
 rs0406 	 7.457732 	 0.065390 	 0.065390 
 rs0408 	 7.719292 	 0.130780 	 0.130780 
 rs0409 	 7.261561 	 0.130780 	 0.130780 
 rs0410 	 7.751987 	 0.228866 	 0.326951 
 rs0411 	 7.686597 	 0.130780 	 0.163476 
 rs0416 	 8.602060 	 8.602060 	 -8.602060 
 rs0418 	 7.686597 	 0.130780 	 0.163476 
 rs0419 	 7.392341 	 0.098085 	 0.130780 
 rs0420 	 7.196171 	 0.065390 	 0.098085 
 rs0421 	 8.602060 	 8.602060 	 -8.602060 
 rs0422 	 8.602060 	 8.602060 	 -8.602060 
 rs0424 	 8.602060 	 8.602060 	 -8.602060 
 rs0425 	 7.359646 	 0.130780 	 0.098085 
 rs0427 	 7.621207 	 0.130780 	 0.130780 
 rs0428 	 7.457732 	 0.098085 	 0.163476 
 rs0429 	 7.686597 	 0.130780 	 0.163476 
 rs0430 	 8.602060 	 8.602060 	 -8.602060 
 rs0432 	 8.602060 	 0.065390 	 0.000000 
 rs0435 	 7.490427 	 0.196171 	 0.326951 
 rs0437 	 8.602060 	 8.602060 	 -8.602060 
 rs0440 	 7.359646 	 0.032695 	 0.032695 
 rs0442 	 8.602060 	 8.602060 	 -8.602060 
 rs0444 	 7.588512 	 0.098085 	 0.130780 
 rs0449 	 7.196171 	 0.098085 	 0.065390 
 rs0451 	 8.602060 	 8.602060 	 -8.602060 
 rs0452 	 7.294256 	 0.065390 	 0.098085 
 rs0453 	 7.130780 	 0.065390 	 0.065390 
 rs0454 	 7.261561 	 0.098085 	 0.196171 
 rs0456 	 7.457732 	 0.130780 	 0.163476 
 rs0458 	 7.098085 	 0.098085 	 0.228866 
 rs0460 	 7.686597 	 0.130780 	 0.196171 
 rs0461 	 7.163476 	 0.098085 	 0.098085 
 rs0463 	 7.784683 	 0.130780 	 0.196171 
 rs0466 	 7.261561 	 0.065390 	 0.032695 
 rs0467 	 8.602060 	 8.602060 	 -8.602060 
 rs0468 	 7.425036 	 0.130780 	 0.163476 
 rs0469 	 8.602060 	 8.602060 	 -8.602060 
 rs0470 	 7.490427 	 0.163476 	 0.653902 
 rs0472 	 8.602060 	 8.602060 	 -8.602060 
 rs0473 	 8.602060 	 8.602060 	 -8.602060 
 rs0477 	 7.980853 	 0.098085 	 0.130780 
 rs0480 	 7.359646 	 0.130780 	 0.196171 
 rs0485 	 8.602060 	 8.602060 	 -8.602060 
 rs0492 	 7.294256 	 0.196171 	 1.307804 
 rs0493 	 7.653902 	 0.163476 	 0.163476 
 rs0494 	 7.228866 	 0.098085 	 0.098085 
 rs0495 	 7.588512 	 0.163476 	 0.228866 
 rs0496 	 7.196171 	 0.098085 	 0.130780 
 rs0502 	 7.065390 	 0.065390 	 0.065390 
 rs0503 	 7.228866 	 0.032695 	 0.032695 
 rs0505 	 7.032695 	 0.032695 	 0.196171 
 rs0508 	 7.555817 	 0.163476 	 0.261561 
 rs0512 	 7.163476 	 0.163476 	 0.196171 
 rs0516 	 7.621207 	 0.098085 	 0.098085 
 rs0517 	 7.032695 	 0.032695 	 0.196171 
 rs0519 	 7.425036 	 0.130780 	 0.130780 
 rs0520 	 7.555817 	 0.130780 	 0.098085 
 rs0521 	 7.425036 	 0.098085 	 0.130780 
 rs0522 	 7.228866 	 0.098085 	 0.130780 
 rs0526 	 7.457732 	 0.098085 	 0.130780 
 rs0528 	 7.032695 	 0.032695 	 0.130780 
 rs0529 	 8.602060 	 8.602060 	 -8.602060 
 rs0531 	 7.065390 	 0.065390 	 0.130780 
 rs0532 	 7.392341 	 0.098085 	 0.098085 
 rs0534 	 7.490427 	 0.098085 	 0.130780 
 rs0536 	 7.686597 	 0.130780 	 0.163476 
 rs0537 	 7.392341 	 0.065390 	 0.000000 
 rs0538 	 7.326951 	 0.098085 	 0.098085 
 rs0541 	 7.228866 	 0.098085 	 0.098085 
 rs0543 	 7.653902 	 0.196171 	 0.196171 
 rs0545 	 8.602060 	 8.602060 	 -8.602060 
 rs0546 	 7.425036 	 0.098085 	 0.098085 
 rs0548 	 7.719292 	 0.130780 	 0.228866 
 rs0549 	 7.490427 	 0.098085 	 0.130780 
 rs0553 	 7.555817 	 0.098085 	 0.196171 
 rs0554 	 7.065390 	 0.065390 	 0.098085 
 rs0555 	 7.196171 	 0.098085 	 0.130780 
 rs0556 	 8.602060 	 8.602060 	 -8.602060 
 rs0559 	 7.588512 	 0.098085 	 0.163476 
 rs0560 	 7.196171 	 0.098085 	 0.065390 
 rs0561 	 7.359646 	 0.065390 	 0.032695 
 rs0566 	 7.686597 	 0.130780 	 0.163476 
 rs0567 	 7.425036 	 0.032695 	 0.032695 
 rs0568 	 7.425036 	 0.130780 	 0.228866 
 rs0571 	 8.602060 	 8.602060 	 -8.602060 
 rs0572 	 7.130780 	 0.098085 	 0.098085 
 rs0573 	 7.686597 	 0.163476 	 0.130780 
 rs0574 	 7.261561 	 0.098085 	 0.098085 
 rs0578 	 7.196171 	 0.065390 	 0.130780 
 rs0579 	 7.000000 	 0.000000 	 0.196171 
 rs0582 	 8.602060 	 8.602060 	 -8.602060 
 rs0585 	 7.555817 	 0.163476 	 0.130780 
 rs0586 	 8.602060 	 8.602060 	 -8.602060 
 rs0587 	 7.326951 	 0.032695 	 0.065390 
 rs0591 	 7.032695 	 0.032695 	 0.130780 
 rs0595 	 7.588512 	 0.000000 	 0.000000 
 rs0598 	 7.228866 	 0.065390 	 0.098085 
 rs0599 	 7.261561 	 0.065390 	 0.098085 
 rs0602 	 7.294256 	 0.196171 	 0.228866 
 rs0603 	 7.326951 	 0.032695 	 0.000000 
 rs0609 	 7.359646 	 0.098085 	 0.130780 
 rs0610 	 7.457732 	 0.065390 	 0.065390 
 rs0612 	 7.196171 	 0.000000 	 0.032695 
 rs0615 	 7.261561 	 0.130780 	 0.130780 
 rs0620 	 7.457732 	 0.130780 	 0.163476 
 rs0623 	 8.602060 	 8.602060 	 -8.602060 
 rs0626 	 7.523122 	 0.228866 	 0.457732 
 rs0627 	 7.294256 	 0.065390 	 0.130780 
 rs0630 	 7.294256 	 0.163476 	 0.163476 
 rs0636 	 7.392341 	 0.032695 	 0.065390 
 rs0637 	 7.196171 	 0.130780 	 0.163476 
 rs0641 	 7.326951 	 0.098085 	 0.098085 
 rs0645 	 7.228866 	 0.130780 	 0.130780 
 rs0650 	 7.392341 	 0.032695 	 0.000000 
 rs0656 	 7.392341 	 0.065390 	 0.065390 
 rs0660 	 7.065390 	 0.065390 	 0.130780 
 rs0667 	 7.196171 	 0.065390 	 0.098085 
 rs0671 	 7.457732 	 0.163476 	 0.130780 
 rs0672 	 7.359646 	 0.032695 	 0.000000 
 rs0679 	 7.326951 	 0.130780 	 0.163476 
 rs0691 	 7.065390 	 0.065390 	 0.196171 
 rs0696 	 7.065390 	 0.065390 	 0.098085 
 rs0703 	 7.065390 	 0.065390 	 0.196171 
 rs0708 	 7.163476 	 0.065390 	 0.098085 
 rs0710 	 7.457732 	 0.130780 	 0.228866 
 rs0713 	 7.359646 	 0.098085 	 1.046243 
 rs0720 	 7.261561 	 0.098085 	 0.098085 
 rs0722 	 7.555817 	 0.130780 	 0.196171 
 rs0724 	 7.098085 	 0.065390 	 0.130780 
 rs0726 	 7.686597 	 0.163476 	 0.196171 
 rs0727 	 7.588512 	 0.130780 	 0.228866 
 rs0731 	 7.425036 	 0.098085 	 0.163476 
 rs0733 	 7.163476 	 0.098085 	 0.098085 
 rs0734 	 7.326951 	 0.098085 	 0.098085 
 rs0738 	 7.294256 	 0.130780 	 0.163476 
 rs0740 	 7.457732 	 0.130780 	 0.261561 
 rs0741 	 7.098085 	 0.098085 	 0.130780 
 rs0743 	 8.602060 	 8.602060 	 -8.602060 
 rs0744 	 7.326951 	 0.065390 	 0.065390 
 rs0745 	 7.294256 	 0.065390 	 0.065390 
 rs0747 	 7.163476 	 0.098085 	 0.130780 
 rs0751 	 7.032695 	 0.032695 	 0.163476 
 rs0754 	 7.261561 	 0.098085 	 0.163476 
 rs0756 	 7.588512 	 0.130780 	 0.130780 
 rs0758 	 7.228866 	 0.098085 	 0.098085 
 rs0763 	 7.294256 	 0.098085 	 0.163476 
 rs0766 	 7.098085 	 0.098085 	 0.130780 
 rs0768 	 7.326951 	 0.098085 	 0.163476 
 rs0769 	 7.294256 	 0.196171 	 0.294256 
 rs0774 	 7.555817 	 0.163476 	 0.261561 
 rs0775 	 7.621207 	 0.163476 	 0.228866 
 rs0777 	 8.013548 	 0.163476 	 0.294256 
 rs0778 	 7.523122 	 0.130780 	 0.163476 
 rs0779 	 7.163476 	 0.032695 	 0.098085 
 rs0781 	 7.163476 	 0.065390 	 0.098085 
 rs0782 	 8.602060 	 8.602060 	 -8.602060 
 rs0784 	 7.294256 	 0.032695 	 0.000000 
 rs0785 	 7.784683 	 0.130780 	 0.817378 
 rs0786 	 8.602060 	 8.602060 	 -8.602060 
 rs0788 	 7.588512 	 0.130780 	 0.130780 
 rs0790 	 8.602060 	 8.602060 	 -8.602060 
 rs0793 	 7.425036 	 0.098085 	 0.098085 
 rs0797 	 7.425036 	 0.032695 	 0.032695 
 rs0798 	 7.326951 	 0.032695 	 0.032695 
 rs0800 	 7.425036 	 0.130780 	 0.130780 
 rs0802 	 7.555817 	 0.163476 	 0.228866 
 rs0804 	 7.948158 	 0.098085 	 0.098085 
 rs0805 	 8.602060 	 8.602060 	 -8.602060 
 rs0806 	 7.196171 	 0.098085 	 0.098085 
 rs0808 	 8.602060 	 8.602060 	 -8.602060 
 rs0809 	 7.130780 	 0.065390 	 0.130780 
 rs0810 	 8.602060 	 8.602060 	 -8.602060 
 rs0811 	 7.098085 	 0.065390 	 0.098085 
 rs0812 	 7.196171 	 0.098085 	 0.130780 
 rs0815 	 7.653902 	 0.163476 	 0.163476 
 rs0818 	 7.653902 	 0.130780 	 0.163476 
 rs0823 	 7.098085 	 0.065390 	 0.098085 
 rs0828 	 7.490427 	 0.130780 	 0.196171 
 rs0830 	 7.457732 	 0.130780 	 0.130780 
 rs0831 	 7.163476 	 0.130780 	 0.130780 
 rs0832 	 7.817378 	 0.196171 	 0.163476 
 rs0833 	 7.425036 	 0.098085 	 0.098085 
 rs0834 	 7.294256 	 0.098085 	 0.065390 
 rs0838 	 7.228866 	 0.098085 	 0.098085 
 rs0839 	 7.032695 	 0.032695 	 0.163476 
 rs0840 	 7.588512 	 0.130780 	 0.163476 
 rs0842 	 7.751987 	 0.130780 	 0.163476 
 rs0843 	 7.294256 	 0.130780 	 0.098085 
 rs0846 	 7.261561 	 0.098085 	 0.130780 
 rs0847 	 7.228866 	 0.065390 	 0.130780 
 rs0850 	 7.065390 	 0.065390 	 0.196171 
 rs0855 	 7.163476 	 0.130780 	 0.196171 
 rs0866 	 7.196171 	 0.098085 	 0.130780 
 rs0868 	 7.228866 	 0.098085 	 0.130780 
 rs0869 	 7.621207 	 0.098085 	 0.098085 
 rs0871 	 7.490427 	 0.130780 	 0.196171 
 rs0873 	 7.261561 	 0.065390 	 0.098085 
 rs0875 	 7.425036 	 0.065390 	 0.032695 
 rs0880 	 7.261561 	 0.098085 	 0.098085 
 rs0882 	 7.326951 	 0.032695 	 0.032695 
 rs0886 	 7.523122 	 0.032695 	 0.032695 
 rs0887 	 7.196171 	 0.065390 	 0.098085 
 rs0893 	 8.602060 	 8.602060 	 -8.602060 
 rs0896 	 7.457732 	 0.000000 	 0.032695 
 rs0897 	 7.392341 	 0.098085 	 0.098085 
 rs0899 	 7.392341 	 0.294256 	 0.653902 
 rs0900 	 7.751987 	 0.130780 	 0.098085 
 rs0906 	 7.719292 	 0.130780 	 0.130780 
 rs0907 	 7.392341 	 0.130780 	 0.196171 
 rs0909 	 7.425036 	 0.130780 	 0.163476 
 rs0916 	 7.523122 	 0.098085 	 0.130780 
 rs0919 	 7.686597 	 0.163476 	 0.228866 
 rs0920 	 7.457732 	 0.163476 	 0.228866 
 rs0921 	 7.163476 	 0.065390 	 0.130780 
 rs0923 	 7.555817 	 0.228866 	 0.490427 
 rs0927 	 7.163476 	 0.130780 	 0.196171 
 rs0930 	 7.588512 	 0.130780 	 0.196171 
 rs0932 	 7.686597 	 0.163476 	 0.228866 
 rs0933 	 7.686597 	 0.196171 	 0.228866 
 rs0934 	 7.392341 	 0.098085 	 0.163476 
 rs0935 	 7.523122 	 0.130780 	 0.163476 
 rs0944 	 8.602060 	 8.602060 	 -8.602060 
 rs0945 	 7.359646 	 0.130780 	 0.130780 
 rs0950 	 7.719292 	 0.163476 	 0.130780 
 rs0953 	 7.098085 	 0.032695 	 0.098085 
 rs0954 	 7.261561 	 0.000000 	 0.065390 
 rs0957 	 7.948158 	 0.163476 	 0.196171 
 rs0958 	 7.163476 	 0.098085 	 0.163476 
 rs0959 	 8.602060 	 8.602060 	 -8.602060 
 rs0960 	 7.784683 	 0.261561 	 0.457732 
 rs0962 	 7.326951 	 0.130780 	 0.163476 
 rs0967 	 7.326951 	 0.098085 	 0.130780 
 rs0970 	 7.163476 	 0.098085 	 0.163476 
 rs0974 	 7.130780 	 0.032695 	 0.065390 
 rs0976 	 8.602060 	 8.602060 	 -8.602060 
 rs0977 	 7.784683 	 0.228866 	 0.392341 
 rs0978 	 7.490427 	 0.032695 	 0.065390 
 rs0980 	 7.228866 	 0.098085 	 0.130780 
 rs0981 	 7.686597 	 0.130780 	 0.130780 
 rs0982 	 8.602060 	 8.602060 	 -8.602060 
 rs0983 	 7.719292 	 0.098085 	 0.163476 
 rs0984 	 7.425036 	 0.098085 	 0.098085 
 rs0985 	 7.653902 	 0.163476 	 0.130780 
 rs0986 	 7.588512 	 0.261561 	 1.013548 
 rs0989 	 7.294256 	 0.065390 	 0.098085 
 rs0991 	 7.098085 	 0.065390 	 0.130780 
 rs0995 	 7.196171 	 0.098085 	 0.098085 
 rs0996 	 7.588512 	 0.196171 	 0.261561 
 rs0997 	 7.261561 	 0.098085 	 0.098085 
 rs1000 	 7.261561 	 0.065390 	 0.065390 
 rs1001 	 8.602060 	 8.602060 	 -8.602060 
 rs1004 	 8.602060 	 8.602060 	 -8.602060 
 rs1005 	 7.392341 	 0.000000 	 0.032695 
 rs1010 	 7.163476 	 0.098085 	 0.098085 
 rs1014 	 8.046243 	 0.196171 	 0.228866 
 rs1016 	 7.032695 	 0.032695 	 0.130780 
 rs1017 	 8.602060 	 8.602060 	 -8.602060 
 rs1020 	 8.602060 	 8.602060 	 -8.602060 
 rs1021 	 7.555817 	 0.130780 	 0.163476 
 rs1023 	 7.294256 	 0.032695 	 0.032695 
 rs1025 	 8.602060 	 8.602060 	 -8.602060 
 rs1028 	 7.392341 	 0.065390 	 0.130780 
 rs1029 	 7.490427 	 0.130780 	 0.130780 
 rs1030 	 8.602060 	 8.602060 	 -8.602060 
 rs1032 	 7.719292 	 0.163476 	 0.196171 
 rs1034 	 7.653902 	 0.163476 	 0.163476 
 rs1035 	 7.784683 	 0.098085 	 0.130780 
 rs1036 	 7.457732 	 0.000000 	 0.065390 
 rs1038 	 7.555817 	 0.163476 	 0.196171 
 rs1040 	 7.588512 	 0.228866 	 0.359646 
 rs1041 	 8.602060 	 8.602060 	 -8.602060 
 rs1043 	 8.602060 	 8.602060 	 -8.602060 
 rs1045 	 7.359646 	 0.130780 	 0.196171 
 rs1046 	 7.555817 	 0.032695 	 0.000000 
 rs1047 	 7.523122 	 0.130780 	 0.163476 
 rs1048 	 7.065390 	 0.065390 	 0.130780 
 rs1049 	 7.098085 	 0.065390 	 0.130780 
 rs1050 	 7.686597 	 0.196171 	 0.261561 
 rs1052 	 7.425036 	 0.163476 	 0.130780 
 rs1054 	 8.602060 	 8.602060 	 -8.602060 
 rs1055 	 7.588512 	 0.130780 	 0.163476 
 rs1057 	 7.098085 	 0.098085 	 0.098085 
 rs1058 	 7.294256 	 0.130780 	 0.196171 
 rs1059 	 7.163476 	 0.098085 	 0.098085 
 rs1060 	 8.046243 	 0.065390 	 0.130780 
 rs1062 	 7.130780 	 0.065390 	 0.098085 
 rs1065 	 7.457732 	 0.130780 	 0.130780 
 rs1070 	 7.621207 	 0.130780 	 0.196171 
 rs1072 	 7.392341 	 0.098085 	 0.163476 
 rs1073 	 7.490427 	 0.294256 	 0.980853 
 rs1074 	 7.653902 	 0.130780 	 0.130780 
 rs1075 	 7.098085 	 0.032695 	 0.098085 
 rs1079 	 7.228866 	 0.098085 	 0.098085 
 rs1080 	 7.261561 	 0.163476 	 0.130780 
 rs1081 	 7.457732 	 0.065390 	 0.130780 
 rs1082 	 7.228866 	 0.098085 	 0.065390 
 rs1083 	 7.425036 	 0.130780 	 0.163476 
 rs1084 	 7.359646 	 0.098085 	 0.163476 
 rs1086 	 7.392341 	 0.000000 	 0.032695 
 rs1087 	 7.261561 	 0.130780 	 0.163476 
 rs1088 	 7.588512 	 0.000000 	 0.000000 
 rs1091 	 7.359646 	 0.065390 	 0.098085 
 rs1092 	 7.228866 	 0.065390 	 0.065390 
 rs1098 	 7.588512 	 0.130780 	 0.130780 
 rs1100 	 7.359646 	 0.098085 	 0.098085 
 rs1102 	 7.000000 	 0.000000 	 0.098085 
 rs1103 	 8.602060 	 8.602060 	 -8.602060 
 rs1104 	 7.326951 	 0.163476 	 0.196171 
 rs1105 	 7.621207 	 0.130780 	 0.163476 
 rs1106 	 8.602060 	 8.602060 	 -8.602060 
 rs1108 	 7.653902 	 0.228866 	 0.294256 
 rs1109 	 7.163476 	 0.098085 	 0.098085 
 rs1110 	 7.261561 	 0.130780 	 0.130780 
 rs1111 	 7.392341 	 0.000000 	 0.032695 
 rs1112 	 7.425036 	 0.032695 	 0.000000 
 rs1113 	 7.653902 	 0.163476 	 0.948158 
 rs1114 	 7.196171 	 0.098085 	 0.163476 
 rs1116 	 7.294256 	 0.032695 	 0.000000 
 rs1117 	 7.555817 	 0.130780 	 0.196171 
 rs1118 	 7.228866 	 0.065390 	 0.065390 
 rs1120 	 8.602060 	 8.602060 	 -8.602060 
 rs1121 	 7.032695 	 0.032695 	 0.098085 
 rs1122 	 7.130780 	 0.098085 	 0.130780 
 rs1123 	 7.163476 	 0.032695 	 0.098085 
 rs1125 	 7.326951 	 0.098085 	 0.130780 
 rs1126 	 7.621207 	 0.130780 	 0.163476 
 rs1128 	 7.784683 	 0.098085 	 0.130780 
 rs1129 	 7.457732 	 0.000000 	 0.000000 
 rs1131 	 7.032695 	 0.032695 	 0.098085 
 rs1132 	 8.602060 	 8.602060 	 -8.602060 
 rs1134 	 7.326951 	 0.065390 	 0.032695 
 rs1137 	 7.392341 	 0.098085 	 0.098085 
 rs1142 	 7.523122 	 0.163476 	 0.163476 
 rs1143 	 7.621207 	 0.163476 	 0.261561 
 rs1146 	 7.163476 	 0.098085 	 0.098085 
 rs1147 	 8.602060 	 8.602060 	 -8.602060 
 rs1148 	 7.065390 	 0.065390 	 0.163476 
 rs1149 	 8.602060 	 8.602060 	 -8.602060 
 rs1150 	 7.457732 	 0.000000 	 0.065390 
 rs1152 	 7.163476 	 0.032695 	 0.032695 
 rs1154 	 7.359646 	 0.098085 	 0.130780 
 rs1156 	 7.621207 	 0.130780 	 0.163476 
 rs1157 	 8.602060 	 8.602060 	 -8.602060 
 rs1159 	 7.621207 	 0.130780 	 0.163476 
 rs1162 	 7.326951 	 0.098085 	 0.098085 
 rs1163 	 7.653902 	 0.163476 	 0.130780 
