#Name 	 Z_Estimate 	 Err_down 	 Err_up
 rf0780 	 7.358970 	 0.000000 	 1.046243 
 rf0433 	 8.470603 	 0.228866 	 0.359646 
 rf0446 	 8.961030 	 0.163476 	 0.000000 
 rf0447 	 8.862945 	 0.228866 	 0.065390 
 rf0448 	 8.437908 	 0.163476 	 0.163476 
 rf0456 	 8.307128 	 0.523122 	 0.425036 
 rf0462 	 7.718616 	 0.359646 	 0.523122 
 rf0463 	 8.895640 	 0.196171 	 0.032695 
 rf0779 	 8.437908 	 0.098085 	 0.228866 
 rf0376 	 8.339823 	 0.326951 	 0.392341 
 rf0377 	 8.895640 	 0.065390 	 0.032695 
 rf0378 	 8.405213 	 0.098085 	 0.228866 
 rf0383 	 8.928335 	 0.163476 	 0.032695 
 rf0384 	 7.391665 	 0.032695 	 0.653902 
 rf0706 	 8.568689 	 0.196171 	 0.196171 
 rf0707 	 8.470603 	 0.196171 	 0.196171 
 rf0386 	 8.601384 	 0.163476 	 0.163476 
 rf0387 	 8.503298 	 0.130780 	 0.228866 
 rf0391 	 7.685921 	 0.326951 	 0.588512 
 rf0711 	 8.961030 	 1.602060 	 0.000000 
 rf0397 	 8.764859 	 0.326951 	 0.065390 
 rf0398 	 8.862945 	 0.196171 	 0.065390 
 rf0399 	 8.339823 	 0.326951 	 0.392341 
 rf0400 	 8.961030 	 0.065390 	 0.000000 
 rf0405 	 8.862945 	 0.163476 	 0.065390 
 rf0414 	 7.947482 	 0.588512 	 0.359646 
 rf0741 	 7.914787 	 0.555817 	 0.392341 
 rf0415 	 8.666774 	 0.228866 	 0.130780 
 rf0465 	 8.143652 	 0.653902 	 0.359646 
 rf0466 	 8.307128 	 0.425036 	 0.392341 
 rf0471 	 8.241738 	 0.719292 	 0.425036 
 rf0765 	 7.358970 	 0.000000 	 0.751987 
 rf0773 	 7.489750 	 0.130780 	 0.751987 
 rf0774 	 7.685921 	 0.326951 	 0.588512 
 rf0500 	 8.110957 	 0.130780 	 0.228866 
 rf0781 	 7.489750 	 0.130780 	 0.621207 
 rf0782 	 7.947482 	 0.555817 	 0.425036 
 rf0720 	 8.307128 	 0.392341 	 0.359646 
 rf0724 	 8.961030 	 1.602060 	 0.000000 
 rf0402 	 8.961030 	 1.602060 	 0.000000 
 rf0403 	 8.535994 	 0.392341 	 0.163476 
 rf0365 	 7.358970 	 0.000000 	 0.817378 
 rf0367 	 7.358970 	 0.000000 	 0.784682 
 rf0372 	 8.339823 	 0.653902 	 0.065390 
 rf0374 	 8.307128 	 0.326951 	 0.261561 
 rf0375 	 8.307128 	 0.228866 	 0.326951 
 rf0388 	 8.601384 	 0.130780 	 0.098085 
 rf0392 	 7.947482 	 0.588512 	 0.326951 
 rf0394 	 8.928335 	 0.163476 	 0.032695 
 rf0395 	 8.928335 	 0.098085 	 0.032695 
 rf0396 	 8.568689 	 0.228866 	 0.359646 
 rf0719 	 8.961030 	 1.602060 	 0.000000 
 rf0401 	 7.358970 	 0.000000 	 0.653902 
 rf0725 	 7.424360 	 0.065390 	 0.686597 
 rf0730 	 8.699469 	 0.261561 	 0.130780 
 rf0346 	 8.961030 	 0.098085 	 0.000000 
 rf0348 	 8.797554 	 0.098085 	 0.065390 
 rf0688 	 8.078262 	 0.457731 	 0.294256 
 rf0689 	 8.961030 	 1.602060 	 0.000000 
 rf0351 	 8.307128 	 0.261561 	 0.196171 
 rf0353 	 8.241738 	 0.784682 	 0.130780 
 rf0690 	 7.424360 	 0.065390 	 0.751987 
 rf0692 	 7.522445 	 0.163476 	 0.719292 
 rf0354 	 8.961030 	 1.602060 	 0.000000 
 rf0693 	 7.424360 	 0.065390 	 0.850073 
 rf0358 	 8.241738 	 0.751987 	 0.228866 
 rf0363 	 7.947482 	 0.555817 	 0.359646 
 rf0364 	 8.535994 	 0.163476 	 0.196171 
 rf0366 	 8.961030 	 1.602060 	 0.000000 
 rf0368 	 8.012872 	 0.621207 	 0.326951 
 rf0694 	 8.274433 	 0.294256 	 0.457731 
 rf0370 	 8.110957 	 0.457731 	 0.326951 
 rf0695 	 7.358970 	 0.000000 	 0.980853 
 rf0696 	 8.961030 	 1.602060 	 0.000000 
 rf0373 	 8.961030 	 0.301030 	 -0.301030 
 rf0697 	 7.816701 	 0.457731 	 0.457731 
 rf0701 	 7.457055 	 0.098085 	 0.686597 
 rf0702 	 7.358970 	 0.000000 	 0.621207 
 rf0381 	 8.110957 	 0.653902 	 0.326951 
 rf0703 	 7.424360 	 0.065390 	 0.686597 
 rf0385 	 8.339823 	 0.359646 	 0.392341 
 rf0776 	 7.391665 	 0.032695 	 0.621207 
 rf0495 	 8.307128 	 0.490427 	 0.065390 
 rf0496 	 7.522445 	 0.163476 	 1.242414 
 rf0777 	 7.358970 	 0.000000 	 0.621207 
 rf0778 	 7.358970 	 0.000000 	 0.817378 
 rf0499 	 8.961030 	 1.602060 	 0.000000 
 rf0502 	 8.241738 	 0.882768 	 0.719292 
 rf0503 	 8.961030 	 1.602060 	 0.000000 
 rf0784 	 8.961030 	 0.457731 	 0.000000 
 rf0785 	 8.307128 	 0.261561 	 0.196171 
 rf0789 	 7.358970 	 0.000000 	 0.686597 
 rf0505 	 8.961030 	 1.602060 	 0.000000 
 rf0506 	 8.535994 	 0.523122 	 0.228866 
 rf0792 	 8.078262 	 0.621207 	 0.326951 
 rf0507 	 8.274433 	 0.621207 	 0.261561 
 rf0510 	 8.961030 	 0.301030 	 -0.301030 
 rf0513 	 8.797554 	 0.228866 	 0.098085 
 rf0795 	 7.358970 	 0.000000 	 0.653902 
 rf0796 	 7.424360 	 0.032695 	 0.098085 
 rf0797 	 7.816701 	 0.457731 	 0.457731 
 rf0290 	 8.895640 	 0.130780 	 0.032695 
 rf0323 	 8.535994 	 0.294256 	 0.326951 
 rf0453 	 8.241738 	 0.686597 	 0.326951 
 rf0763 	 7.587836 	 0.228866 	 0.686597 
 rf0436 	 8.143652 	 0.751987 	 0.621207 
 rf0439 	 7.358970 	 0.000000 	 0.686597 
 rf0441 	 7.751311 	 0.392341 	 0.588512 
 rf0476 	 8.143652 	 0.653902 	 0.425036 
 rf0477 	 8.241738 	 0.817378 	 0.523122 
 rf0771 	 8.732164 	 0.163476 	 0.130780 
 rf0487 	 8.961030 	 1.602060 	 0.000000 
 rf0488 	 8.961030 	 1.602060 	 0.000000 
 rf0756 	 7.489750 	 0.130780 	 0.751987 
 rf0413 	 8.339823 	 0.425036 	 0.359646 
 rf0723 	 8.143652 	 0.653902 	 0.392341 
 rf0427 	 8.601384 	 0.228866 	 0.163476 
 rf0464 	 7.980177 	 0.588512 	 0.294256 
 rf0430 	 7.587836 	 0.228866 	 0.621207 
 rf0761 	 7.457055 	 0.098085 	 0.686597 
 rf0750 	 8.078262 	 0.653902 	 0.392341 
 rf0432 	 8.176347 	 0.686597 	 0.294256 
 rf0434 	 8.045567 	 0.653902 	 0.326951 
 rf0788 	 7.587836 	 0.228866 	 0.653902 
 rf0712 	 8.666774 	 1.307804 	 0.261561 
 rf0729 	 8.307128 	 0.523122 	 0.425036 
 rf0731 	 7.424360 	 0.065390 	 0.686597 
 rf0419 	 7.882092 	 0.523122 	 0.392341 
 rf0425 	 8.405213 	 0.326951 	 0.425036 
 rf0753 	 7.489750 	 0.130780 	 0.621207 
 rf0435 	 8.405213 	 0.392341 	 0.098085 
 rf0454 	 8.045567 	 0.621207 	 0.326951 
 rf0455 	 8.307128 	 0.523122 	 0.065390 
 rf0762 	 8.372518 	 0.490427 	 0.196171 
 rf0467 	 8.405213 	 0.294256 	 0.196171 
 rf0479 	 7.685921 	 0.326951 	 0.621207 
 rf0714 	 8.045567 	 0.621207 	 0.326951 
 rf0412 	 8.307128 	 0.490427 	 0.294256 
 rf0717 	 8.176347 	 0.653902 	 0.425036 
 rf0718 	 8.110957 	 0.523122 	 0.326951 
 rf0444 	 8.372518 	 0.294256 	 0.098085 
 rf0705 	 8.209043 	 0.686597 	 0.326951 
 rf0713 	 8.012872 	 0.621207 	 0.326951 
 rf0473 	 8.437908 	 0.130780 	 0.196171 
 rf0480 	 7.457055 	 0.098085 	 0.751987 
 rf0482 	 8.961030 	 1.602060 	 0.000000 
 rf0485 	 7.522445 	 0.163476 	 0.653902 
 rf0474 	 7.980177 	 0.588512 	 0.359646 
 rf0772 	 7.358970 	 0.000000 	 0.588512 
 rf0775 	 7.358970 	 0.000000 	 0.425036 
 rf0428 	 7.980177 	 0.588512 	 0.228866 
 rf0764 	 7.980177 	 0.621207 	 0.359646 
 rf0460 	 8.862945 	 0.261561 	 0.065390 
 rf0461 	 8.241738 	 0.588512 	 0.294256 
 rf0791 	 7.424360 	 0.065390 	 0.751987 
 rf0728 	 8.143652 	 0.719292 	 0.359646 
 rf0745 	 7.391665 	 0.032695 	 0.588512 
 rf0748 	 8.961030 	 0.130780 	 0.000000 
 rf0431 	 7.391665 	 0.032695 	 0.621207 
 rf0459 	 7.587836 	 0.228866 	 0.653902 
 rf0440 	 8.274433 	 0.326951 	 0.555817 
 rf0393 	 7.424360 	 0.065390 	 0.751987 
 rf0749 	 7.391665 	 0.032695 	 0.686597 
 rs0002 	 8.339823 	 0.359646 	 0.425036 
 rs0003 	 8.961030 	 1.602060 	 0.000000 
 rs0004 	 8.012872 	 0.588512 	 0.294256 
 rs0005 	 8.241738 	 0.882768 	 0.392341 
 rs1314 	 8.503298 	 0.130780 	 0.196171 
 rs0006 	 8.241738 	 0.784682 	 0.523122 
 rs0007 	 8.012872 	 0.621207 	 0.326951 
 rs0009 	 7.522445 	 0.163476 	 0.719292 
 rs0010 	 8.110957 	 0.621207 	 0.392341 
 rs0011 	 7.980177 	 0.588512 	 0.294256 
 rs0012 	 8.307128 	 0.523122 	 0.425036 
 rs0013 	 8.274433 	 0.555817 	 0.490427 
 rs0014 	 8.307128 	 0.228866 	 0.196171 
 rs0015 	 7.391665 	 0.032695 	 0.686597 
 rs0018 	 8.928335 	 0.196171 	 0.032695 
 rs0019 	 8.764859 	 0.228866 	 0.098085 
 rs0021 	 8.961030 	 1.602060 	 0.000000 
 rs0022 	 8.503298 	 0.163476 	 0.098085 
 rs0023 	 8.666774 	 0.196171 	 0.098085 
 rs0029 	 8.797554 	 0.261561 	 0.098085 
 rs0030 	 8.372518 	 0.196171 	 0.163476 
 rs0032 	 8.961030 	 0.163476 	 0.000000 
 rs0035 	 7.947482 	 0.588512 	 0.359646 
 rs0037 	 7.587836 	 0.228866 	 0.621207 
 rs0039 	 7.784006 	 0.425036 	 0.490427 
 rs0040 	 8.176347 	 0.588512 	 0.326951 
 rs0041 	 8.110957 	 0.751987 	 0.457731 
 rs0042 	 8.372518 	 0.326951 	 0.457731 
 rs0043 	 8.961030 	 1.602060 	 0.000000 
 rs0044 	 8.568689 	 0.228866 	 0.294256 
 rs0045 	 8.372518 	 0.326951 	 0.490427 
 rs0046 	 8.862945 	 0.425036 	 0.065390 
 rs1315 	 8.274433 	 0.196171 	 0.163476 
 rs0048 	 8.666774 	 0.228866 	 0.163476 
 rs0049 	 8.961030 	 0.130780 	 0.000000 
 rs1316 	 8.764859 	 0.294256 	 0.163476 
 rs0050 	 8.732164 	 0.228866 	 0.130780 
 rs0051 	 8.797554 	 0.196171 	 0.098085 
 rs0052 	 8.470603 	 0.163476 	 0.196171 
 rs0053 	 8.928335 	 0.163476 	 0.032695 
 rs0054 	 8.143652 	 0.719292 	 0.326951 
 rs0055 	 8.895640 	 0.228866 	 0.032695 
 rs0056 	 8.339823 	 0.326951 	 0.425036 
 rs0057 	 7.947482 	 0.588512 	 0.457731 
 rs1317 	 8.666774 	 0.817378 	 0.294256 
 rs0060 	 7.980177 	 0.588512 	 0.326951 
 rs1318 	 7.947482 	 0.588512 	 0.980853 
 rs1319 	 8.928335 	 0.196171 	 0.032695 
 rs0062 	 7.980177 	 0.588512 	 0.228866 
 rs0063 	 8.437908 	 0.196171 	 0.196171 
 rs0064 	 8.503298 	 0.130780 	 0.098085 
 rs0065 	 8.078262 	 0.653902 	 0.326951 
 rs0066 	 7.489750 	 0.130780 	 0.686597 
 rs0068 	 8.372518 	 0.392341 	 0.457731 
 rs0070 	 7.587836 	 0.228866 	 0.686597 
 rs0074 	 8.503298 	 0.196171 	 0.196171 
 rs0077 	 8.928335 	 0.228866 	 0.032695 
 rs0080 	 8.961030 	 0.065390 	 0.000000 
 rs0081 	 8.666774 	 1.307804 	 0.261561 
 rs0082 	 7.391665 	 0.032695 	 0.621207 
 rs0083 	 7.424360 	 0.065390 	 0.457731 
 rs0084 	 8.961030 	 1.602060 	 0.000000 
 rs0085 	 8.307128 	 0.523122 	 0.392341 
 rs0088 	 8.110957 	 0.653902 	 0.294256 
 rs0087 	 8.503298 	 0.196171 	 0.098085 
 rs0089 	 8.895640 	 0.228866 	 0.065390 
 rs0090 	 7.947482 	 0.588512 	 0.425036 
 rs0092 	 8.961030 	 1.602060 	 0.000000 
 rs0093 	 8.862945 	 0.196171 	 0.065390 
 rs0094 	 8.666774 	 0.359646 	 0.261561 
 rs0095 	 7.358970 	 0.000000 	 0.915463 
 rs0096 	 8.895640 	 0.196171 	 0.032695 
 rs0097 	 8.241738 	 0.784682 	 0.425036 
 rs0098 	 8.732164 	 0.719292 	 0.130780 
 rs0104 	 8.764859 	 0.261561 	 0.098085 
 rs0105 	 7.980177 	 0.621207 	 0.326951 
 rs0107 	 8.961030 	 1.602060 	 0.000000 
 rs0109 	 8.045567 	 0.588512 	 0.098085 
 rs0111 	 7.358970 	 0.000000 	 0.719292 
 rs1321 	 8.961030 	 1.602060 	 0.000000 
 rs1322 	 7.358970 	 0.000000 	 0.915463 
 rs0113 	 8.568689 	 0.163476 	 0.098085 
 rs0114 	 8.732164 	 0.196171 	 0.130780 
 rs0118 	 8.372518 	 0.326951 	 0.457731 
 rs0120 	 8.339823 	 0.196171 	 0.228866 
 rs0121 	 8.732164 	 0.261561 	 0.098085 
 rs0122 	 8.078262 	 0.686597 	 0.359646 
 rs0124 	 7.358970 	 0.000000 	 0.817378 
 rs0125 	 8.961030 	 0.301030 	 -0.301030 
 rs0126 	 8.503298 	 0.294256 	 0.359646 
 rs0127 	 8.666774 	 0.294256 	 0.294256 
 rs0128 	 8.764859 	 0.228866 	 0.130780 
 rs0129 	 8.928335 	 0.130780 	 0.032695 
 rs0130 	 7.947482 	 0.588512 	 0.392341 
 rs0132 	 7.424360 	 0.065390 	 0.686597 
 rs0133 	 8.535994 	 0.163476 	 0.065390 
 rs0134 	 8.601384 	 0.196171 	 0.130780 
 rs0135 	 8.732164 	 0.261561 	 0.130780 
 rs0136 	 8.568689 	 0.163476 	 0.065390 
 rs0137 	 8.339823 	 0.326951 	 0.294256 
 rs0138 	 7.882092 	 0.490427 	 0.392341 
 rs0139 	 7.489750 	 0.130780 	 0.621207 
 rs0140 	 7.424360 	 0.065390 	 0.784682 
 rs0141 	 8.012872 	 0.588512 	 0.294256 
 rs0142 	 8.568689 	 0.098085 	 0.065390 
 rs0143 	 8.928335 	 0.196171 	 0.032695 
 rs0145 	 8.339823 	 0.490427 	 0.098085 
 rs0146 	 8.241738 	 0.621207 	 0.261561 
 rs0147 	 8.535994 	 0.359646 	 0.196171 
 rs0148 	 8.961030 	 0.098085 	 0.000000 
 rs0149 	 8.307128 	 0.555817 	 0.326951 
 rs1323 	 8.143652 	 0.457731 	 0.228866 
 rs1324 	 8.503298 	 0.130780 	 0.196171 
 rs0150 	 7.555141 	 0.196171 	 0.621207 
 rs0151 	 8.078262 	 0.653902 	 0.294256 
 rs0152 	 8.012872 	 0.588512 	 0.261561 
 rs0154 	 7.980177 	 0.621207 	 0.326951 
 rs1325 	 8.961030 	 1.602060 	 0.000000 
 rs0155 	 8.797554 	 0.425036 	 0.130780 
 rs0156 	 8.143652 	 0.490427 	 0.294256 
 rs0159 	 8.601384 	 0.163476 	 0.130780 
 rs0161 	 8.143652 	 0.751987 	 0.490427 
 rs0163 	 8.470603 	 0.163476 	 0.130780 
 rs0165 	 8.339823 	 0.490427 	 0.392341 
 rs0166 	 8.830249 	 0.228866 	 0.065390 
 rs0167 	 8.241738 	 0.686597 	 0.523122 
 rs0168 	 7.947482 	 0.588512 	 0.326951 
 rs0170 	 8.143652 	 0.686597 	 0.326951 
 rs0171 	 8.143652 	 0.621207 	 0.425036 
 rs0172 	 8.405213 	 0.228866 	 0.163476 
 rs0173 	 7.980177 	 0.555817 	 0.326951 
 rs0174 	 8.012872 	 0.588512 	 0.294256 
 rs0175 	 8.503298 	 0.196171 	 0.359646 
 rs0177 	 7.391665 	 0.032695 	 1.307804 
 rs0178 	 8.961030 	 0.294256 	 0.000000 
 rs0179 	 8.961030 	 1.602060 	 0.000000 
 rs0180 	 8.372518 	 0.326951 	 0.425036 
 rs0181 	 8.961030 	 0.392341 	 0.000000 
 rs0182 	 8.568689 	 0.196171 	 0.228866 
 rs0183 	 8.928335 	 0.196171 	 0.032695 
 rs0188 	 8.339823 	 0.359646 	 0.098085 
 rs0190 	 8.928335 	 0.163476 	 0.032695 
 rs0191 	 8.470603 	 0.163476 	 0.065390 
 rs0193 	 8.470603 	 0.163476 	 0.163476 
 rs0194 	 8.830249 	 0.294256 	 0.065390 
 rs0196 	 8.241738 	 0.882768 	 0.686597 
 rs0201 	 8.961030 	 1.602060 	 0.000000 
 rs0202 	 7.522445 	 0.163476 	 0.588512 
 rs0203 	 8.470603 	 0.163476 	 0.098085 
 rs0206 	 8.895640 	 0.196171 	 0.065390 
 rs0209 	 8.862945 	 0.228866 	 0.065390 
 rs0210 	 7.849396 	 0.457731 	 0.457731 
 rs0211 	 8.928335 	 0.163476 	 0.032695 
 rs0212 	 8.012872 	 0.621207 	 0.326951 
 rs0214 	 8.601384 	 0.196171 	 0.196171 
 rs0215 	 7.457055 	 0.098085 	 0.653902 
 rs0218 	 8.961030 	 1.602060 	 0.000000 
 rs0220 	 7.980177 	 0.588512 	 0.359646 
 rs0221 	 8.732164 	 0.228866 	 0.130780 
 rs0222 	 8.895640 	 0.196171 	 0.032695 
 rs0223 	 8.895640 	 0.196171 	 0.032695 
 rs0225 	 8.405213 	 0.294256 	 0.130780 
 rs0226 	 8.110957 	 0.588512 	 0.294256 
 rs0227 	 8.895640 	 0.163476 	 0.065390 
 rs0228 	 8.078262 	 0.621207 	 0.294256 
 rs0231 	 8.241738 	 0.621207 	 0.425036 
 rs1329 	 7.522445 	 0.163476 	 0.588512 
 rs0236 	 7.653226 	 0.294256 	 0.588512 
 rs0237 	 8.601384 	 0.196171 	 0.065390 
 rs0239 	 8.078262 	 0.588512 	 0.392341 
 rs0240 	 8.797554 	 0.294256 	 0.163476 
 rs0241 	 8.372518 	 0.359646 	 0.425036 
 rs0242 	 8.437908 	 0.163476 	 0.163476 
 rs0243 	 8.797554 	 0.228866 	 0.098085 
 rs0244 	 8.045567 	 0.621207 	 0.163476 
 rs0246 	 8.274433 	 0.719292 	 0.359646 
 rs0247 	 7.391665 	 0.032695 	 0.555817 
 rs0250 	 8.503298 	 0.130780 	 0.359646 
 rs0253 	 8.862945 	 0.196171 	 0.065390 
 rs0255 	 8.176347 	 0.686597 	 0.326951 
 rs0256 	 8.568689 	 0.523122 	 0.196171 
 rs0257 	 8.078262 	 0.653902 	 0.326951 
 rs0259 	 8.503298 	 0.163476 	 0.130780 
 rs0260 	 8.961030 	 0.130780 	 0.000000 
 rs0261 	 8.535994 	 0.196171 	 0.130780 
 rs0262 	 8.078262 	 0.653902 	 0.261561 
 rs0263 	 8.862945 	 0.196171 	 0.065390 
 rs0264 	 7.947482 	 0.588512 	 0.425036 
 rs0266 	 8.470603 	 0.163476 	 0.098085 
 rs0267 	 8.961030 	 1.602060 	 0.000000 
 rs0268 	 8.961030 	 1.602060 	 0.000000 
 rs0269 	 8.241738 	 0.719292 	 0.425036 
 rs0270 	 8.928335 	 0.196171 	 0.032695 
 rs0272 	 8.274433 	 0.653902 	 0.457731 
 rs0273 	 8.274433 	 0.653902 	 0.457731 
 rs0274 	 8.339823 	 0.326951 	 0.425036 
 rs0275 	 8.961030 	 1.602060 	 0.000000 
 rs0276 	 8.241738 	 0.621207 	 0.359646 
 rs0277 	 7.718616 	 0.359646 	 0.555817 
 rs1330 	 7.555141 	 0.196171 	 0.588512 
 rs0280 	 8.470603 	 0.163476 	 0.065390 
 rs0282 	 8.503298 	 0.163476 	 0.098085 
 rs0283 	 8.307128 	 0.457731 	 0.490427 
 rs0285 	 8.045567 	 0.621207 	 0.294256 
 rs0289 	 8.339823 	 0.555817 	 0.326951 
 rs0290 	 7.980177 	 0.588512 	 0.326951 
 rs0291 	 7.587836 	 0.228866 	 0.621207 
 rs0292 	 8.241738 	 0.719292 	 0.425036 
 rs0297 	 7.685921 	 0.326951 	 0.588512 
 rs0302 	 7.489750 	 0.130780 	 0.653902 
 rs0303 	 7.391665 	 0.032695 	 0.653902 
 rs0306 	 8.405213 	 0.228866 	 0.130780 
 rs0308 	 8.699469 	 0.228866 	 0.163476 
 rs0310 	 8.830249 	 0.359646 	 0.130780 
 rs1331 	 7.555141 	 0.196171 	 0.686597 
 rs0313 	 8.764859 	 0.425036 	 0.130780 
 rs0314 	 8.339823 	 0.294256 	 0.490427 
 rs0315 	 8.961030 	 1.602060 	 0.000000 
 rs0316 	 8.470603 	 0.228866 	 0.130780 
 rs0318 	 7.391665 	 0.032695 	 1.275109 
 rs0320 	 8.895640 	 0.490427 	 0.032695 
 rs0323 	 8.372518 	 0.359646 	 0.261561 
 rs0328 	 8.143652 	 0.588512 	 0.261561 
 rs0331 	 8.372518 	 0.359646 	 0.457731 
 rs0334 	 8.503298 	 0.163476 	 0.196171 
 rs0336 	 8.274433 	 0.653902 	 0.359646 
 rs0337 	 8.437908 	 0.294256 	 0.326951 
 rs0339 	 8.895640 	 0.196171 	 0.065390 
 rs0340 	 8.405213 	 0.294256 	 0.392341 
 rs0341 	 8.241738 	 0.751987 	 0.621207 
 rs0342 	 7.980177 	 0.588512 	 0.359646 
 rs0343 	 8.078262 	 0.653902 	 0.294256 
 rs0344 	 8.209043 	 0.751987 	 0.294256 
 rs0345 	 7.391665 	 0.032695 	 0.621207 
 rs0346 	 7.489750 	 0.130780 	 0.719292 
 rs0348 	 8.241738 	 0.555817 	 0.228866 
 rs0349 	 7.391665 	 0.032695 	 0.588512 
 rs0350 	 8.437908 	 0.228866 	 0.163476 
 rs0351 	 8.895640 	 0.228866 	 0.032695 
 rs0354 	 8.012872 	 0.588512 	 0.326951 
 rs0356 	 8.895640 	 0.196171 	 0.065390 
 rs0358 	 8.405213 	 0.294256 	 0.130780 
 rs0362 	 8.961030 	 0.196171 	 0.000000 
 rs0363 	 8.012872 	 0.653902 	 0.326951 
 rs0364 	 7.424360 	 0.065390 	 0.719292 
 rs0365 	 7.947482 	 0.555817 	 0.359646 
 rs0371 	 8.764859 	 0.228866 	 0.130780 
 rs0372 	 7.947482 	 0.588512 	 0.359646 
 rs0373 	 8.634079 	 0.326951 	 0.228866 
 rs0374 	 8.012872 	 0.588512 	 0.392341 
 rs0376 	 8.437908 	 0.326951 	 0.425036 
 rs0377 	 8.470603 	 0.163476 	 0.196171 
 rs0378 	 8.830249 	 0.196171 	 0.065390 
 rs0380 	 8.666774 	 0.588512 	 0.228866 
 rs0381 	 8.961030 	 1.602060 	 0.000000 
 rs0382 	 8.928335 	 0.196171 	 0.032695 
 rs0384 	 8.274433 	 0.719292 	 0.359646 
 rs0386 	 8.274433 	 0.653902 	 0.555817 
 rs0388 	 7.653226 	 0.294256 	 0.523122 
 rs0389 	 7.424360 	 0.065390 	 0.555817 
 rs0390 	 8.961030 	 1.602060 	 0.000000 
 rs0391 	 8.634079 	 0.228866 	 0.130780 
 rs0392 	 8.110957 	 0.686597 	 0.588512 
 rs0393 	 8.143652 	 0.588512 	 0.359646 
 rs0394 	 7.587836 	 0.228866 	 0.653902 
 rs0396 	 8.928335 	 0.130780 	 0.000000 
 rs0404 	 7.358970 	 0.000000 	 0.686597 
 rs0405 	 7.653226 	 0.294256 	 0.457731 
 rs0406 	 8.339823 	 0.326951 	 0.392341 
 rs0408 	 8.372518 	 0.294256 	 0.359646 
 rs0409 	 7.358970 	 0.000000 	 0.621207 
 rs0411 	 7.816701 	 0.425036 	 0.425036 
 rs1332 	 8.012872 	 0.588512 	 0.261561 
 rs0415 	 7.358970 	 0.000000 	 0.784682 
 rs0416 	 7.358970 	 0.000000 	 0.817378 
 rs0418 	 8.078262 	 0.653902 	 0.294256 
 rs0419 	 8.405213 	 0.326951 	 0.196171 
 rs0420 	 8.961030 	 1.602060 	 0.000000 
 rs0421 	 7.358970 	 0.000000 	 0.588512 
 rs0422 	 7.457055 	 0.098085 	 0.621207 
 rs0424 	 7.816701 	 0.425036 	 0.294256 
 rs0425 	 8.143652 	 0.163476 	 0.196171 
 rs0427 	 7.816701 	 0.425036 	 0.457731 
 rs0428 	 8.274433 	 0.719292 	 0.326951 
 rs0429 	 7.816701 	 0.425036 	 0.359646 
 rs0430 	 7.424360 	 0.065390 	 0.784682 
 rs0432 	 7.685921 	 0.326951 	 0.294256 
 rs0433 	 8.372518 	 0.326951 	 0.425036 
 rs0434 	 8.241738 	 0.784682 	 0.490427 
 rs0435 	 7.587836 	 0.228866 	 0.653902 
 rs0437 	 8.241738 	 0.555817 	 0.228866 
 rs0440 	 8.405213 	 0.065390 	 0.163476 
 rs0442 	 7.358970 	 0.000000 	 0.621207 
 rs0444 	 7.391665 	 0.032695 	 0.588512 
 rs0446 	 8.666774 	 0.163476 	 0.098085 
 rs1333 	 8.666774 	 0.163476 	 0.098085 
 rs1336 	 8.961030 	 1.602060 	 0.000000 
 rs0448 	 8.078262 	 0.523122 	 0.228866 
 rs0449 	 8.437908 	 0.294256 	 0.130780 
 rs0450 	 8.568689 	 0.098085 	 0.032695 
 rs0451 	 8.274433 	 0.228866 	 0.098085 
 rs0452 	 8.503298 	 0.163476 	 0.098085 
 rs0453 	 8.961030 	 0.457731 	 0.000000 
 rs0454 	 8.961030 	 1.602060 	 0.000000 
 rs0456 	 8.143652 	 0.294256 	 0.261561 
 rs0457 	 7.424360 	 0.065390 	 0.653902 
 rs0460 	 7.751311 	 0.359646 	 0.490427 
 rs0463 	 8.634079 	 0.326951 	 0.163476 
 rs0466 	 8.961030 	 0.425036 	 0.000000 
 rs0467 	 7.620531 	 0.261561 	 0.653902 
 rs0468 	 8.961030 	 1.602060 	 0.000000 
 rs0469 	 8.274433 	 0.653902 	 0.457731 
 rs0470 	 7.555141 	 0.196171 	 0.719292 
 rs0472 	 7.424360 	 0.065390 	 0.588512 
 rs0473 	 7.587836 	 0.228866 	 0.653902 
 rs0476 	 8.601384 	 0.261561 	 0.163476 
 rs0477 	 8.961030 	 1.602060 	 0.000000 
 rs0480 	 8.307128 	 0.588512 	 0.359646 
 rs0484 	 7.587836 	 0.228866 	 0.719292 
 rs0485 	 8.045567 	 0.653902 	 0.326951 
 rs0493 	 8.666774 	 0.686597 	 0.228866 
 rs0495 	 7.980177 	 0.588512 	 0.326951 
 rs0496 	 8.732164 	 0.261561 	 0.098085 
 rs0497 	 7.522445 	 0.163476 	 0.751987 
 rs0498 	 8.895640 	 0.228866 	 0.065390 
 rs0501 	 8.045567 	 0.621207 	 0.294256 
 rs0503 	 8.928335 	 0.163476 	 0.032695 
 rs0505 	 8.961030 	 0.523122 	 0.000000 
 rs0508 	 8.012872 	 0.621207 	 0.359646 
 rs0513 	 8.241738 	 0.751987 	 0.261561 
 rs0516 	 8.110957 	 0.621207 	 0.228866 
 rs0517 	 8.568689 	 0.228866 	 0.130780 
 rs0519 	 8.405213 	 0.326951 	 0.261561 
 rs0520 	 8.143652 	 0.621207 	 0.359646 
 rs0521 	 8.405213 	 0.326951 	 0.425036 
 rs0522 	 8.601384 	 0.228866 	 0.196171 
 rs0524 	 8.045567 	 0.621207 	 0.326951 
 rs0526 	 8.307128 	 0.621207 	 0.294256 
 rs0528 	 8.961030 	 0.130780 	 0.000000 
 rs0529 	 8.307128 	 0.686597 	 0.261561 
 rs0531 	 8.928335 	 0.163476 	 0.032695 
 rs0532 	 8.405213 	 0.326951 	 0.196171 
 rs0534 	 8.961030 	 1.602060 	 0.000000 
 rs0536 	 8.666774 	 0.719292 	 0.228866 
 rs0537 	 8.862945 	 0.228866 	 0.065390 
 rs0538 	 8.699469 	 0.588512 	 0.130780 
 rs0541 	 8.895640 	 0.163476 	 0.032695 
 rs0543 	 8.241738 	 0.751987 	 0.294256 
 rs0545 	 7.358970 	 0.000000 	 0.817378 
 rs0548 	 8.241738 	 0.850073 	 0.490427 
 rs0549 	 8.274433 	 0.523122 	 0.359646 
 rs0553 	 8.012872 	 0.588512 	 0.359646 
 rs0554 	 8.961030 	 0.000000 	 0.000000 
 rs0555 	 8.797554 	 0.228866 	 0.098085 
 rs0556 	 7.358970 	 0.000000 	 0.588512 
 rs0559 	 8.274433 	 0.294256 	 0.490427 
 rs0560 	 8.830249 	 0.196171 	 0.065390 
 rs0561 	 8.862945 	 0.228866 	 0.065390 
 rs0562 	 7.522445 	 0.130780 	 0.719292 
 rs0564 	 8.012872 	 0.653902 	 0.326951 
 rs0566 	 8.176347 	 0.719292 	 0.425036 
 rs0568 	 8.078262 	 0.621207 	 0.359646 
 rs0570 	 8.764859 	 0.621207 	 0.130780 
 rs0571 	 7.522445 	 0.163476 	 0.686597 
 rs0572 	 8.862945 	 0.228866 	 0.065390 
 rs0573 	 8.012872 	 0.621207 	 0.326951 
 rs0574 	 8.862945 	 0.294256 	 0.065390 
 rs0578 	 8.895640 	 0.196171 	 0.032695 
 rs0580 	 8.601384 	 0.130780 	 0.163476 
 rs0582 	 8.437908 	 0.163476 	 0.032695 
 rs0585 	 8.012872 	 0.653902 	 0.392341 
 rs0586 	 8.241738 	 0.784682 	 0.425036 
 rs0587 	 8.437908 	 0.228866 	 0.392341 
 rs0588 	 7.358970 	 0.000000 	 1.209719 
 rs0589 	 8.241738 	 0.784682 	 0.523122 
 rs0591 	 8.503298 	 0.130780 	 0.098085 
 rs0597 	 8.307128 	 0.555817 	 0.425036 
 rs0598 	 8.961030 	 0.098085 	 0.000000 
 rs0602 	 8.405213 	 0.196171 	 0.130780 
 rs0603 	 8.307128 	 0.523122 	 0.065390 
 rs0605 	 8.699469 	 0.228866 	 0.130780 
 rs0609 	 8.405213 	 0.359646 	 0.326951 
 rs0610 	 8.732164 	 0.261561 	 0.130780 
 rs0612 	 8.928335 	 0.130780 	 0.032695 
 rs0615 	 8.568689 	 0.196171 	 0.163476 
 rs0618 	 8.176347 	 0.751987 	 0.392341 
 rs0620 	 8.241738 	 0.784682 	 0.392341 
 rs0623 	 7.587836 	 0.228866 	 0.621207 
 rs0627 	 8.535994 	 0.163476 	 0.196171 
 rs0631 	 8.143652 	 0.653902 	 0.294256 
 rs0636 	 8.535994 	 0.228866 	 0.326951 
 rs0638 	 8.699469 	 0.228866 	 0.163476 
 rs0640 	 8.176347 	 0.621207 	 0.326951 
 rs0644 	 8.045567 	 0.621207 	 0.326951 
 rs0645 	 8.699469 	 0.261561 	 0.163476 
 rs0650 	 8.535994 	 0.163476 	 0.098085 
 rs1337 	 8.241738 	 0.882768 	 0.686597 
 rs0656 	 8.601384 	 0.196171 	 0.196171 
 rs0657 	 8.535994 	 0.130780 	 0.196171 
 rs0660 	 8.928335 	 0.130780 	 0.032695 
 rs0669 	 8.961030 	 1.602060 	 0.000000 
 rs0671 	 8.209043 	 0.686597 	 0.261561 
 rs0672 	 8.568689 	 0.163476 	 0.000000 
 rs0678 	 7.980177 	 0.588512 	 0.359646 
 rs0679 	 8.176347 	 0.490427 	 0.490427 
 rs0688 	 8.961030 	 0.098085 	 0.000000 
 rs0700 	 7.522445 	 0.163476 	 0.751987 
 rs0708 	 8.568689 	 0.163476 	 0.032695 
 rs0710 	 8.209043 	 0.686597 	 0.392341 
 rs0712 	 7.980177 	 0.588512 	 0.326951 
 rs0719 	 8.961030 	 0.163476 	 0.000000 
 rs0722 	 7.980177 	 0.588512 	 0.359646 
 rs0731 	 8.535994 	 0.261561 	 0.326951 
 rs0736 	 7.685921 	 0.326951 	 0.686597 
 rs0742 	 8.666774 	 0.359646 	 0.261561 
 rs0741 	 8.961030 	 0.098085 	 0.000000 
 rs0744 	 8.797554 	 0.196171 	 0.098085 
 rs0743 	 7.849396 	 0.457731 	 0.425036 
 rs0745 	 8.372518 	 0.294256 	 0.098085 
 rs0751 	 8.503298 	 0.163476 	 0.130780 
 rs0754 	 8.568689 	 0.196171 	 0.196171 
 rs0740 	 8.209043 	 0.686597 	 0.392341 
 rs0758 	 8.797554 	 0.261561 	 0.098085 
 rs0752 	 8.078262 	 0.653902 	 0.326951 
 rs0757 	 8.895640 	 0.261561 	 0.065390 
 rs0756 	 8.045567 	 0.621207 	 0.425036 
 rs0764 	 8.535994 	 0.261561 	 0.359646 
 rs0763 	 8.470603 	 0.163476 	 0.163476 
 rs0774 	 8.372518 	 0.392341 	 0.457731 
 rs0775 	 7.947482 	 0.588512 	 0.326951 
 rs0781 	 8.535994 	 0.163476 	 0.098085 
 rs0776 	 8.274433 	 0.621207 	 0.392341 
 rs0779 	 8.928335 	 0.523122 	 0.032695 
 rs0794 	 8.437908 	 0.294256 	 0.425036 
 rs0802 	 8.012872 	 0.621207 	 0.294256 
 rs0800 	 8.176347 	 0.653902 	 0.294256 
 rs1339 	 8.961030 	 1.602060 	 0.000000 
 rs1338 	 8.503298 	 0.196171 	 0.163476 
 rs0824 	 8.961030 	 1.602060 	 0.000000 
 rs0834 	 8.699469 	 0.196171 	 0.163476 
 rs1340 	 7.522445 	 0.163476 	 0.751987 
 rs0840 	 8.339823 	 0.425036 	 0.425036 
 rs0839 	 8.470603 	 0.163476 	 0.130780 
 rs0845 	 8.437908 	 0.163476 	 0.163476 
 rs0846 	 8.176347 	 0.392341 	 0.196171 
 rs0855 	 8.634079 	 0.228866 	 0.130780 
 rs0850 	 8.830249 	 0.228866 	 0.065390 
 rs0843 	 8.699469 	 0.261561 	 0.130780 
 rs0869 	 8.241738 	 0.588512 	 0.261561 
 rs0871 	 8.372518 	 0.326951 	 0.359646 
 rs0882 	 8.961030 	 1.602060 	 0.000000 
 rs0895 	 7.489750 	 0.130780 	 0.751987 
 rs0891 	 8.732164 	 0.196171 	 0.130780 
 rs0888 	 8.503298 	 0.130780 	 0.163476 
 rs0896 	 8.961030 	 1.602060 	 0.000000 
 rs0897 	 8.503298 	 0.261561 	 0.359646 
 rs0922 	 8.307128 	 0.261561 	 0.196171 
 rs0974 	 8.961030 	 0.130780 	 0.000000 
 rs0962 	 8.568689 	 0.196171 	 0.163476 
 rs1354 	 8.797554 	 0.326951 	 0.098085 
 rs0767 	 7.718616 	 0.359646 	 0.686597 
 rs0768 	 8.470603 	 0.163476 	 0.163476 
 rs0738 	 8.503298 	 0.163476 	 0.163476 
 rs0734 	 8.503298 	 0.196171 	 0.196171 
 rs0727 	 8.601384 	 0.490427 	 0.196171 
 rs0726 	 7.980177 	 0.588512 	 0.392341 
 rs0724 	 8.895640 	 0.163476 	 0.065390 
 rs0782 	 8.241738 	 0.850073 	 0.392341 
 rs0778 	 8.110957 	 0.588512 	 0.392341 
 rs0777 	 7.816701 	 0.457731 	 0.457731 
 rs0784 	 8.961030 	 0.065390 	 0.000000 
 rs0788 	 8.143652 	 0.588512 	 0.294256 
 rs0795 	 7.784006 	 0.392341 	 0.425036 
 rs0797 	 8.503298 	 0.163476 	 0.130780 
 rs0798 	 8.535994 	 0.196171 	 0.098085 
 rs0799 	 7.555141 	 0.196171 	 0.686597 
 rs0832 	 8.012872 	 0.621207 	 0.326951 
 rs0827 	 8.961030 	 1.602060 	 0.000000 
 rs0828 	 8.274433 	 0.621207 	 0.392341 
 rs0804 	 8.209043 	 0.784682 	 0.163476 
 rs0812 	 8.862945 	 0.228866 	 0.065390 
 rs0810 	 7.980177 	 0.588512 	 0.326951 
 rs0811 	 8.437908 	 0.163476 	 0.130780 
 rs0809 	 8.928335 	 0.163476 	 0.032695 
 rs0808 	 8.961030 	 1.602060 	 0.000000 
 rs0806 	 8.797554 	 0.196171 	 0.098085 
 rs0876 	 8.241738 	 0.882768 	 0.228866 
 rs1343 	 7.718616 	 0.359646 	 0.588512 
 rs0860 	 8.961030 	 1.602060 	 0.000000 
 rs0842 	 7.489750 	 0.130780 	 0.555817 
 rs0847 	 8.764859 	 0.326951 	 0.098085 
 rs0866 	 8.699469 	 0.228866 	 0.163476 
 rs0857 	 7.358970 	 0.000000 	 0.588512 
 rs0853 	 8.176347 	 0.653902 	 0.457731 
 rs0867 	 7.555141 	 0.196171 	 0.686597 
 rs0868 	 8.601384 	 0.196171 	 0.196171 
 rs0870 	 8.666774 	 1.209719 	 0.163476 
 rs0906 	 8.241738 	 0.751987 	 0.392341 
 rs0893 	 8.045567 	 0.621207 	 0.392341 
 rs0880 	 8.601384 	 0.196171 	 0.163476 
 rs0879 	 8.797554 	 0.326951 	 0.130780 
 rs0875 	 8.666774 	 0.490427 	 0.228866 
 rs0872 	 8.209043 	 0.817378 	 0.555817 
 rs0900 	 8.961030 	 1.602060 	 0.000000 
 rs0923 	 7.555141 	 0.196171 	 0.588512 
 rs0919 	 7.882092 	 0.523122 	 0.425036 
 rs0908 	 7.457055 	 0.098085 	 0.555817 
 rs0907 	 8.307128 	 0.686597 	 0.326951 
 rs0915 	 7.457055 	 0.098085 	 0.719292 
 rs0917 	 7.587836 	 0.228866 	 0.555817 
 rs0916 	 8.307128 	 0.555817 	 0.392341 
 rs0920 	 8.110957 	 0.686597 	 0.359646 
 rs0921 	 8.928335 	 0.196171 	 0.032695 
 rs0932 	 7.457055 	 0.098085 	 0.653902 
 rs0926 	 7.980177 	 0.621207 	 0.359646 
 rs0930 	 7.980177 	 0.588512 	 0.359646 
 rs0934 	 8.339823 	 0.326951 	 0.425036 
 rs0945 	 8.535994 	 0.196171 	 0.196171 
 rs0944 	 8.274433 	 0.686597 	 0.392341 
 rs0968 	 7.424360 	 0.065390 	 0.588512 
 rs0953 	 8.535994 	 0.163476 	 0.098085 
 rs1347 	 8.961030 	 1.602060 	 0.000000 
 rs0976 	 7.489750 	 0.130780 	 0.784682 
 rs0975 	 8.372518 	 0.392341 	 0.490427 
 rs0978 	 7.751311 	 0.326951 	 0.326951 
 rs0967 	 8.078262 	 0.359646 	 0.326951 
 rs0970 	 8.699469 	 0.294256 	 0.098085 
 rs0958 	 8.372518 	 0.294256 	 0.457731 
 rs0959 	 7.522445 	 0.163476 	 0.751987 
 rs0981 	 8.176347 	 0.719292 	 0.294256 
 rs0984 	 8.339823 	 0.326951 	 0.163476 
 rs0985 	 8.241738 	 0.719292 	 0.392341 
 rs0983 	 8.241738 	 0.817378 	 0.359646 
 rs0790 	 7.489750 	 0.130780 	 0.784682 
 rs0793 	 8.339823 	 0.326951 	 0.425036 
 rs1342 	 8.601384 	 0.163476 	 0.130780 
 rs0873 	 8.895640 	 0.196171 	 0.032695 
 rs0910 	 8.961030 	 0.098085 	 0.000000 
 rs0909 	 8.307128 	 0.621207 	 0.261561 
 rs0933 	 8.241738 	 0.882768 	 0.523122 
 rs0935 	 8.339823 	 0.196171 	 0.261561 
 rs0936 	 8.339823 	 0.163476 	 0.163476 
 rs1345 	 8.503298 	 0.130780 	 0.392341 
 rs0954 	 8.961030 	 1.602060 	 0.000000 
 rs1348 	 8.699469 	 0.261561 	 0.130780 
 rs0957 	 7.555141 	 0.196171 	 0.751987 
 rs0950 	 8.241738 	 0.686597 	 0.359646 
 rs0946 	 8.862945 	 0.326951 	 0.065390 
 rs0941 	 8.110957 	 0.653902 	 0.359646 
 rs1346 	 7.457055 	 0.098085 	 0.719292 
 rs0979 	 8.732164 	 0.392341 	 0.098085 
 rs0980 	 8.961030 	 0.098085 	 0.000000 
 rs1353 	 8.666774 	 0.457731 	 0.294256 
 rs1350 	 8.961030 	 1.046243 	 0.000000 
 rs1351 	 8.961030 	 1.602060 	 0.000000 
 rs1349 	 8.666774 	 1.307804 	 0.294256 
 rs0960 	 7.358970 	 0.000000 	 0.784682 
 rs0982 	 7.358970 	 0.000000 	 0.621207 
 rs0833 	 8.797554 	 0.163476 	 0.163476 
 rs0831 	 8.764859 	 0.228866 	 0.098085 
 rs0818 	 8.012872 	 0.588512 	 0.326951 
 rs0822 	 7.358970 	 0.000000 	 0.621207 
 rs0821 	 8.241738 	 0.719292 	 0.261561 
 rs0823 	 8.961030 	 0.130780 	 0.000000 
 rs0816 	 7.424360 	 0.065390 	 0.686597 
 rs0814 	 7.391665 	 0.032695 	 0.621207 
 rs0815 	 8.012872 	 0.621207 	 0.326951 
 rs0820 	 7.587836 	 0.228866 	 0.555817 
 rs0805 	 7.358970 	 0.000000 	 0.621207 
 rs1518 	 8.830249 	 0.098085 	 0.065390 
 rs1000 	 8.830249 	 0.228866 	 0.065390 
 rs1002 	 8.372518 	 0.359646 	 0.425036 
 rs1033 	 8.961030 	 0.301030 	 -0.301030 
 rs1034 	 8.078262 	 0.621207 	 0.359646 
 rs1074 	 8.012872 	 0.588512 	 0.326951 
 rs1081 	 8.143652 	 0.621207 	 0.294256 
 rs1109 	 8.928335 	 1.569365 	 0.032695 
 rs1110 	 8.568689 	 0.196171 	 0.163476 
 rs1111 	 8.961030 	 1.602060 	 0.000000 
 rs1114 	 7.358970 	 0.000000 	 0.621207 
 rs1116 	 8.143652 	 0.130780 	 0.196171 
 rs1134 	 8.961030 	 1.602060 	 0.000000 
 rs1159 	 8.012872 	 0.621207 	 0.294256 
 rs1163 	 8.666774 	 1.307804 	 0.294256 
 rs1175 	 8.012872 	 0.653902 	 0.425036 
 rs1202 	 8.012872 	 0.621207 	 0.326951 
 rs1036 	 7.751311 	 0.294256 	 0.326951 
 rs1260 	 8.732164 	 0.392341 	 0.065390 
 rs1261 	 8.274433 	 0.751987 	 0.457731 
 rs1472 	 8.830249 	 0.098085 	 0.065390 
 rs1473 	 8.928335 	 0.065390 	 0.032695 
 rs0989 	 8.405213 	 0.261561 	 0.130780 
 rs1355 	 8.961030 	 1.602060 	 0.000000 
 rs0991 	 8.895640 	 0.228866 	 0.032695 
 rs0997 	 8.568689 	 0.196171 	 0.163476 
 rs0998 	 7.522445 	 0.163476 	 0.653902 
 rs1015 	 7.489750 	 0.130780 	 0.555817 
 rs1026 	 7.358970 	 0.000000 	 0.915463 
 rs1038 	 8.012872 	 0.588512 	 0.261561 
 rs1437 	 8.732164 	 0.196171 	 0.032695 
 rs1491 	 8.535994 	 0.130780 	 0.098085 
 rs1449 	 8.405213 	 0.098085 	 0.196171 
 rs0988 	 8.928335 	 0.359646 	 0.032695 
 rs1119 	 7.914787 	 0.523122 	 0.392341 
 rs1121 	 8.209043 	 0.196171 	 0.196171 
 rs1122 	 8.666774 	 1.307804 	 0.294256 
 rs1004 	 8.601384 	 0.196171 	 0.032695 
 rs1005 	 8.307128 	 0.555817 	 0.098085 
 rs1010 	 8.601384 	 0.196171 	 0.032695 
 rs1075 	 8.732164 	 0.294256 	 0.065390 
 rs1093 	 8.503298 	 0.163476 	 0.032695 
 rs1178 	 8.666774 	 0.163476 	 0.130780 
 rs1297 	 8.241738 	 0.817378 	 0.425036 
 rs1446 	 7.947482 	 0.588512 	 1.013548 
 rs1086 	 8.961030 	 1.602060 	 0.000000 
 rs0996 	 7.522445 	 0.163476 	 0.653902 
 rs1001 	 8.666774 	 0.588512 	 0.196171 
 rs1117 	 8.961030 	 1.307804 	 0.000000 
 rs1185 	 8.405213 	 0.261561 	 0.130780 
 rs1003 	 8.764859 	 0.261561 	 0.065390 
 rs1394 	 8.961030 	 1.602060 	 0.000000 
 rf0058 	 8.339823 	 0.326951 	 0.457731 
 rf0526 	 7.457055 	 0.098085 	 0.686597 
 rf0024 	 8.732164 	 0.294256 	 0.098085 
 rs1054 	 7.620531 	 0.261561 	 0.621207 
 rs1219 	 8.601384 	 0.163476 	 0.163476 
 rs1245 	 7.980177 	 0.588512 	 0.326951 
 rf0530 	 8.241738 	 0.817378 	 0.196171 
 rs1025 	 8.535994 	 0.163476 	 0.032695 
 rf0053 	 8.012872 	 0.621207 	 0.294256 
 rf0051 	 7.391665 	 0.032695 	 0.686597 
 rs1264 	 8.045567 	 0.621207 	 0.261561 
 rs1143 	 7.653226 	 0.294256 	 0.621207 
 rs1361 	 8.045567 	 0.653902 	 0.294256 
 rs1398 	 8.307128 	 0.392341 	 0.163476 
 rs1399 	 8.307128 	 0.392341 	 0.457731 
 rs1409 	 8.961030 	 1.602060 	 0.000000 
 rs1291 	 8.176347 	 0.588512 	 0.294256 
 rf0022 	 8.437908 	 0.294256 	 0.261561 
 rs1259 	 8.274433 	 0.555817 	 0.261561 
 rs1018 	 8.961030 	 1.602060 	 0.000000 
 rs1028 	 8.405213 	 0.326951 	 0.392341 
 rs1031 	 8.241738 	 0.686597 	 0.425036 
 rs1032 	 7.980177 	 0.621207 	 0.326951 
 rs1062 	 8.568689 	 0.196171 	 0.098085 
 rs1063 	 7.457055 	 0.098085 	 0.555817 
 rs1064 	 8.437908 	 0.098085 	 0.228866 
 rs1068 	 8.568689 	 0.196171 	 0.228866 
 rs1084 	 8.339823 	 0.359646 	 0.359646 
 rs1157 	 8.961030 	 0.817378 	 0.000000 
 rs1162 	 8.961030 	 1.602060 	 0.000000 
 rs1395 	 8.307128 	 0.196171 	 0.196171 
 rs1211 	 8.535994 	 0.163476 	 0.032695 
 rs1364 	 8.961030 	 1.602060 	 0.000000 
 rs1217 	 8.961030 	 0.098085 	 0.000000 
 rs1218 	 8.405213 	 0.163476 	 0.098085 
 rs1221 	 7.816701 	 0.457731 	 0.490427 
 rs1366 	 8.470603 	 0.359646 	 0.359646 
 rs1223 	 8.961030 	 1.602060 	 0.000000 
 rs1230 	 8.339823 	 0.130780 	 0.130780 
 rs1371 	 8.307128 	 0.621207 	 0.392341 
 rs1373 	 8.176347 	 0.719292 	 0.425036 
 rs1235 	 7.358970 	 0.000000 	 0.850073 
 rs1377 	 8.405213 	 0.228866 	 0.130780 
 rs1385 	 8.274433 	 0.686597 	 0.359646 
 rs1396 	 7.424360 	 0.065390 	 0.653902 
 rs1397 	 8.241738 	 0.392341 	 0.326951 
 rs1401 	 7.653226 	 0.294256 	 0.457731 
 rs1257 	 7.980177 	 0.588512 	 0.359646 
 rs1262 	 8.012872 	 0.621207 	 0.326951 
 rs1293 	 8.666774 	 0.228866 	 0.098085 
 rs1298 	 8.241738 	 0.817378 	 0.490427 
 rs1303 	 8.110957 	 0.686597 	 0.425036 
 rs1305 	 8.241738 	 0.850073 	 0.196171 
 rs1310 	 8.274433 	 0.653902 	 0.359646 
 rs1393 	 7.358970 	 0.000000 	 0.653902 
 rf0006 	 8.241738 	 0.719292 	 0.359646 
 rf0010 	 7.555141 	 0.196171 	 0.523122 
 rf0012 	 7.685921 	 0.326951 	 0.588512 
 rf0013 	 8.143652 	 0.490427 	 0.294256 
 rf0014 	 7.947482 	 0.588512 	 0.326951 
 rf0015 	 8.601384 	 0.163476 	 0.130780 
 rs1106 	 7.489750 	 0.098085 	 0.359646 
 rs1108 	 8.241738 	 0.882768 	 0.523122 
 rs1112 	 8.601384 	 1.242414 	 0.228866 
 rs1126 	 8.666774 	 1.177024 	 0.261561 
 rs1029 	 8.307128 	 0.490427 	 0.425036 
 rs1030 	 7.457055 	 0.098085 	 0.686597 
 rs1035 	 8.241738 	 0.719292 	 0.228866 
 rs1040 	 7.980177 	 0.621207 	 0.359646 
 rs1047 	 8.012872 	 0.621207 	 0.326951 
 rs1050 	 8.961030 	 1.602060 	 0.000000 
 rs1052 	 8.143652 	 0.588512 	 0.294256 
 rs1055 	 8.078262 	 0.653902 	 0.392341 
 rs1057 	 8.535994 	 0.163476 	 0.065390 
 rs1065 	 8.339823 	 0.359646 	 0.425036 
 rs1072 	 8.274433 	 0.653902 	 0.326951 
 rs1382 	 7.522445 	 0.163476 	 0.653902 
 rs1149 	 8.961030 	 0.915463 	 0.000000 
 rs1150 	 7.358970 	 0.000000 	 0.784682 
 rs1165 	 7.685921 	 0.326951 	 0.621207 
 rs1278 	 8.764859 	 0.359646 	 0.130780 
 rs1405 	 7.980177 	 0.588512 	 0.326951 
 rs1267 	 8.568689 	 0.163476 	 0.065390 
 rf0150 	 8.568689 	 0.163476 	 0.130780 
 rs1270 	 8.307128 	 0.294256 	 0.425036 
 rf0049 	 7.620531 	 0.261561 	 0.653902 
 rs1271 	 7.914787 	 0.523122 	 0.326951 
 rf0573 	 8.176347 	 0.751987 	 0.359646 
 rf0129 	 8.405213 	 0.261561 	 0.130780 
 rs1152 	 8.535994 	 0.163476 	 0.065390 
 rs1168 	 8.830249 	 0.294256 	 0.032695 
 rs1187 	 8.241738 	 0.882768 	 0.425036 
 rf0540 	 8.601384 	 0.196171 	 0.130780 
 rs1378 	 8.372518 	 0.294256 	 0.130780 
 rs1387 	 8.961030 	 1.602060 	 0.000000 
 rs1302 	 7.522445 	 0.163476 	 0.784682 
 rs0995 	 8.470603 	 0.196171 	 0.098085 
 rs1391 	 8.012872 	 0.588512 	 0.326951 
 rf0136 	 8.601384 	 0.261561 	 0.294256 
 rs1006 	 8.274433 	 0.588512 	 0.457731 
 rs1017 	 7.489750 	 0.130780 	 0.686597 
 rf0048 	 8.241738 	 0.817378 	 0.425036 
 rs1268 	 8.241738 	 0.882768 	 0.163476 
 rf0554 	 7.391665 	 0.032695 	 0.686597 
 rs1266 	 8.634079 	 0.392341 	 0.196171 
 rf0042 	 8.045567 	 0.621207 	 0.359646 
 rf0037 	 8.961030 	 0.065390 	 0.000000 
 rf0108 	 7.457055 	 0.098085 	 0.555817 
 rf0527 	 7.457055 	 0.098085 	 0.653902 
 rf0109 	 8.535994 	 0.163476 	 0.163476 
 rs1169 	 8.437908 	 0.130780 	 0.130780 
 rs1183 	 8.732164 	 0.228866 	 0.130780 
 rs1384 	 8.961030 	 1.602060 	 0.000000 
 rs1383 	 8.209043 	 0.719292 	 0.326951 
 rs1248 	 8.535994 	 0.163476 	 0.098085 
 rs1191 	 8.830249 	 0.196171 	 0.065390 
 rf0099 	 8.078262 	 0.621207 	 0.326951 
 rf0549 	 7.947482 	 0.588512 	 0.359646 
 rf0076 	 7.980177 	 0.555817 	 0.359646 
 rs1272 	 7.358970 	 0.000000 	 0.686597 
 rf0561 	 7.391665 	 0.032695 	 0.719292 
 rf0041 	 8.961030 	 0.301030 	 -0.301030 
 rs1265 	 8.405213 	 0.392341 	 0.359646 
 rs1123 	 8.437908 	 0.163476 	 0.098085 
 rs1132 	 7.424360 	 0.065390 	 0.621207 
 rf0062 	 8.470603 	 0.228866 	 0.359646 
 rs1023 	 8.862945 	 0.326951 	 0.065390 
 rf0564 	 8.307128 	 0.621207 	 0.359646 
 rf0065 	 7.751311 	 0.392341 	 0.523122 
 rf0102 	 8.764859 	 0.457731 	 0.098085 
 rf0531 	 7.358970 	 0.000000 	 0.653902 
 rs1087 	 8.470603 	 0.163476 	 0.163476 
 rs1103 	 8.241738 	 0.686597 	 0.359646 
 rs1105 	 7.980177 	 0.555817 	 0.359646 
 rf0023 	 7.522445 	 0.163476 	 0.686597 
 rf0111 	 8.307128 	 0.555817 	 0.294256 
 rs1128 	 8.045567 	 0.588512 	 0.261561 
 rs1129 	 8.666774 	 1.307804 	 0.294256 
 rs1142 	 8.078262 	 0.653902 	 0.326951 
 rs1145 	 8.339823 	 0.359646 	 0.392341 
 rs1151 	 8.110957 	 0.621207 	 0.359646 
 rs1156 	 8.176347 	 0.719292 	 0.294256 
 rf0517 	 7.489750 	 0.130780 	 0.653902 
 rf0524 	 7.587836 	 0.228866 	 0.621207 
 rs1210 	 8.601384 	 0.163476 	 0.196171 
 rf0518 	 7.391665 	 0.032695 	 0.882768 
 rs1224 	 8.372518 	 0.163476 	 0.261561 
 rs1386 	 8.437908 	 0.359646 	 0.326951 
 rs1375 	 7.424360 	 0.065390 	 0.686597 
 rs1381 	 7.489750 	 0.130780 	 0.784682 
 rs1250 	 8.961030 	 0.032695 	 0.000000 
 rf0125 	 8.437908 	 0.163476 	 0.130780 
 rs1277 	 8.209043 	 0.751987 	 0.490427 
 rf0126 	 8.961030 	 0.130780 	 0.000000 
 rf0128 	 8.241738 	 0.719292 	 0.294256 
 rf0026 	 7.653226 	 0.294256 	 0.523122 
 rs1020 	 7.358970 	 0.000000 	 1.340499 
 rs1102 	 8.961030 	 1.602060 	 0.000000 
 rs1118 	 8.437908 	 0.163476 	 0.130780 
 rs1131 	 8.601384 	 0.196171 	 0.130780 
 rs1138 	 8.176347 	 0.653902 	 0.359646 
 rs1188 	 7.522445 	 0.163476 	 0.523122 
 rs1192 	 7.685921 	 0.326951 	 0.588512 
 rf0118 	 7.457055 	 0.098085 	 0.653902 
 rs1372 	 8.666774 	 0.457731 	 0.294256 
 rs1016 	 8.568689 	 0.196171 	 0.130780 
 rf0079 	 8.176347 	 0.719292 	 0.326951 
 rf0084 	 8.339823 	 0.326951 	 0.425036 
 rs1060 	 7.522445 	 0.163476 	 0.719292 
 rf0537 	 7.358970 	 0.000000 	 0.621207 
 rf0148 	 8.961030 	 0.032695 	 0.000000 
 rs1229 	 8.961030 	 1.602060 	 0.000000 
 rf0162 	 7.457055 	 0.098085 	 0.784682 
 rf0060 	 8.078262 	 0.653902 	 0.425036 
 rs1236 	 8.241738 	 0.751987 	 0.294256 
 rf0077 	 8.307128 	 0.425036 	 0.490427 
 rf0072 	 7.424360 	 0.065390 	 0.719292 
 rf0083 	 8.012872 	 0.621207 	 0.326951 
 rf0532 	 7.424360 	 0.065390 	 0.719292 
 rf0064 	 7.489750 	 0.130780 	 0.588512 
 rf0092 	 8.568689 	 0.163476 	 0.130780 
 rs1082 	 8.797554 	 0.326951 	 0.098085 
 rs1083 	 8.503298 	 0.294256 	 0.359646 
 rf0017 	 7.980177 	 0.555817 	 0.261561 
 rf0045 	 7.587836 	 0.228866 	 0.555817 
 rf0138 	 8.961030 	 1.602060 	 0.000000 
 rf0055 	 8.895640 	 0.294256 	 0.032695 
 rf0547 	 7.358970 	 0.000000 	 0.850073 
 rf0207 	 8.045567 	 0.653902 	 0.359646 
 rf0550 	 7.620531 	 0.261561 	 0.653902 
 rf0528 	 7.358970 	 0.000000 	 0.719292 
 rf0225 	 7.457055 	 0.098085 	 0.719292 
 rf0534 	 7.424360 	 0.065390 	 0.751987 
 rf0143 	 8.339823 	 0.326951 	 0.425036 
 rf0007 	 8.895640 	 0.163476 	 0.065390 
 rf0576 	 8.961030 	 1.602060 	 0.000000 
 rf0551 	 7.424360 	 0.065390 	 0.686597 
 rf0061 	 8.274433 	 0.784682 	 0.490427 
 rf0553 	 8.241738 	 0.784682 	 0.359646 
 rf0104 	 7.947482 	 0.588512 	 0.457731 
 rf0107 	 7.653226 	 0.294256 	 0.588512 
 rf0043 	 8.568689 	 0.163476 	 0.032695 
 rs1059 	 8.339823 	 0.326951 	 0.098085 
 rf0105 	 7.391665 	 0.032695 	 0.850073 
 rs1070 	 8.601384 	 0.588512 	 0.196171 
 rf0132 	 8.535994 	 0.228866 	 0.228866 
 rs1076 	 8.503298 	 0.163476 	 0.196171 
 rs1080 	 8.666774 	 0.228866 	 0.163476 
 rf0133 	 8.895640 	 0.130780 	 0.032695 
 rf0113 	 8.830249 	 0.294256 	 0.098085 
 rf0040 	 8.862945 	 0.163476 	 0.065390 
 rs1125 	 8.437908 	 0.163476 	 0.163476 
 rf0520 	 7.522445 	 0.163476 	 0.653902 
 rs1135 	 7.980177 	 0.621207 	 0.359646 
 rs1137 	 8.372518 	 0.326951 	 0.326951 
 rf0294 	 8.928335 	 0.098085 	 0.032695 
 rs1359 	 8.241738 	 0.719292 	 0.196171 
 rf0543 	 7.587836 	 0.228866 	 0.653902 
 rs1406 	 8.961030 	 1.602060 	 0.000000 
 rs1154 	 8.372518 	 0.359646 	 0.196171 
 rf0016 	 8.895640 	 0.163476 	 0.032695 
 rf0516 	 8.241738 	 0.882768 	 0.425036 
 rs1164 	 7.358970 	 0.000000 	 0.686597 
 rs1170 	 8.176347 	 0.653902 	 0.326951 
 rs1171 	 8.372518 	 0.326951 	 0.294256 
 rs1172 	 7.784006 	 0.425036 	 0.555817 
 rf0068 	 7.718616 	 0.359646 	 0.588512 
 rs1177 	 8.470603 	 0.425036 	 0.359646 
 rs1179 	 8.012872 	 0.555817 	 0.163476 
 rs1182 	 8.601384 	 0.196171 	 0.163476 
 rs1184 	 8.209043 	 0.751987 	 0.294256 
 rs1388 	 7.358970 	 0.000000 	 0.653902 
 rs1190 	 8.568689 	 0.261561 	 0.294256 
 rs1197 	 8.928335 	 0.130780 	 0.032695 
 rs1198 	 8.634079 	 0.490427 	 0.196171 
 rs1200 	 7.816701 	 0.457731 	 0.457731 
 rs1362 	 8.045567 	 0.653902 	 0.326951 
 rf0070 	 8.241738 	 0.817378 	 0.425036 
 rs1205 	 8.535994 	 0.163476 	 0.098085 
 rs1207 	 8.372518 	 0.294256 	 0.098085 
 rs1208 	 7.882092 	 0.523122 	 0.392341 
 rs1209 	 8.110957 	 0.523122 	 0.261561 
 rs1212 	 8.372518 	 0.294256 	 0.490427 
 rs1213 	 8.764859 	 0.196171 	 0.130780 
 rs1214 	 8.961030 	 1.602060 	 0.000000 
 rf0011 	 8.503298 	 0.163476 	 0.196171 
 rs1220 	 8.470603 	 0.163476 	 0.359646 
 rs1222 	 8.176347 	 0.653902 	 0.457731 
 rf0555 	 7.947482 	 0.588512 	 0.392341 
 rf0036 	 7.620531 	 0.261561 	 0.555817 
 rs1226 	 8.961030 	 1.602060 	 0.000000 
 rs1370 	 7.620531 	 0.261561 	 0.621207 
 rf0117 	 8.012872 	 0.621207 	 0.326951 
 rf0121 	 8.241738 	 0.850073 	 0.294256 
 rf0621 	 7.457055 	 0.098085 	 0.621207 
 rs1389 	 8.110957 	 0.653902 	 0.326951 
 rf0579 	 8.012872 	 0.621207 	 0.228866 
 rs1403 	 8.339823 	 0.392341 	 0.425036 
 rs1404 	 8.961030 	 1.602060 	 0.000000 
 rs1283 	 8.078262 	 0.686597 	 0.326951 
 rs1296 	 7.358970 	 0.000000 	 0.653902 
 rf0134 	 8.568689 	 0.196171 	 0.196171 
 rs1091 	 8.732164 	 0.261561 	 0.098085 
 rf0246 	 7.947482 	 0.588512 	 0.359646 
 rf0127 	 8.143652 	 0.555817 	 0.294256 
 rf0317 	 7.980177 	 0.588512 	 0.392341 
 rf0073 	 8.339823 	 0.261561 	 0.261561 
 rf0577 	 8.078262 	 0.686597 	 0.392341 
 rf0533 	 8.339823 	 0.359646 	 0.490427 
 rf0028 	 8.307128 	 0.719292 	 0.457731 
 rf0029 	 8.241738 	 0.653902 	 0.457731 
 rf0030 	 8.601384 	 0.163476 	 0.163476 
 rf0031 	 8.535994 	 0.196171 	 0.098085 
 rf0032 	 8.209043 	 0.621207 	 0.359646 
 rf0033 	 8.045567 	 0.686597 	 0.457731 
 rf0536 	 8.241738 	 0.850073 	 0.555817 
 rf0034 	 7.457055 	 0.098085 	 0.588512 
 rf0539 	 7.587836 	 0.228866 	 0.686597 
 rf0574 	 7.555141 	 0.196171 	 0.719292 
 rs1254 	 8.895640 	 0.130780 	 0.032695 
 rs1092 	 8.862945 	 0.228866 	 0.065390 
 rs1098 	 8.143652 	 0.653902 	 0.359646 
 rs1100 	 8.503298 	 0.163476 	 0.163476 
 rs1104 	 8.405213 	 0.261561 	 0.163476 
 rf0158 	 8.568689 	 0.228866 	 0.228866 
 rs1124 	 8.078262 	 0.621207 	 0.326951 
 rs1147 	 7.522445 	 0.163476 	 0.621207 
 rs1079 	 8.405213 	 0.196171 	 0.130780 
 rs1195 	 8.405213 	 0.359646 	 0.163476 
 rf0071 	 8.961030 	 0.490427 	 0.000000 
 rf0119 	 8.012872 	 0.621207 	 0.326951 
 rf0123 	 7.718616 	 0.359646 	 0.588512 
 rs1294 	 8.895640 	 0.163476 	 0.065390 
 rs1292 	 8.470603 	 0.228866 	 0.294256 
 rs1290 	 7.947482 	 0.588512 	 0.490427 
 rs1289 	 8.078262 	 0.653902 	 0.326951 
 rs1286 	 8.274433 	 0.523122 	 0.359646 
 rf0620 	 7.424360 	 0.065390 	 0.719292 
 rs1284 	 8.110957 	 0.719292 	 0.228866 
 rf0074 	 8.830249 	 0.228866 	 0.065390 
 rs1408 	 8.634079 	 0.261561 	 0.130780 
 rs1043 	 8.961030 	 1.602060 	 0.000000 
 rf0545 	 7.358970 	 0.000000 	 1.013548 
 rs1053 	 8.437908 	 0.751987 	 0.130780 
 rs1048 	 8.503298 	 0.163476 	 0.130780 
 rf0623 	 7.620531 	 0.261561 	 0.588512 
 rs1046 	 8.732164 	 0.196171 	 0.196171 
 rs1045 	 8.339823 	 0.261561 	 0.163476 
 rs1021 	 8.078262 	 0.621207 	 0.457731 
 rs1014 	 8.634079 	 1.275109 	 0.163476 
 rf0616 	 8.078262 	 0.621207 	 0.392341 
 rs1011 	 8.078262 	 0.621207 	 0.425036 
 rf0582 	 7.457055 	 0.098085 	 0.686597 
 rf0164 	 8.503298 	 0.196171 	 0.130780 
 rf0249 	 8.601384 	 0.163476 	 0.098085 
 rf0250 	 8.241738 	 0.751987 	 0.294256 
 rf0326 	 8.012872 	 0.653902 	 0.326951 
 rf0684 	 8.470603 	 0.163476 	 0.098085 
 rf0340 	 8.045567 	 0.523122 	 0.294256 
 rf0612 	 8.830249 	 0.130780 	 0.098085 
 rf0221 	 8.928335 	 0.065390 	 0.032695 
 rf0283 	 8.535994 	 0.163476 	 0.098085 
 rf0229 	 8.568689 	 0.196171 	 0.163476 
 rf0241 	 7.489750 	 0.130780 	 0.588512 
 rf0263 	 8.339823 	 0.326951 	 0.425036 
 rf0264 	 8.862945 	 0.196171 	 0.065390 
 rf0295 	 8.699469 	 0.228866 	 0.098085 
 rf0315 	 8.437908 	 0.098085 	 0.228866 
 rf0316 	 8.961030 	 1.602060 	 0.000000 
 rs1304 	 7.784006 	 0.425036 	 0.457731 
 rf0303 	 8.012872 	 0.621207 	 0.326951 
 rs1301 	 8.928335 	 0.163476 	 0.032695 
 rs1282 	 8.764859 	 0.228866 	 0.098085 
 rs1299 	 7.457055 	 0.098085 	 0.784682 
 rf0314 	 8.274433 	 0.719292 	 0.425036 
 rf0318 	 8.961030 	 1.602060 	 0.000000 
 rf0267 	 8.078262 	 0.490427 	 0.326951 
 rf0166 	 8.961030 	 0.130780 	 0.000000 
 rf0319 	 8.437908 	 0.130780 	 0.065390 
 rs1258 	 8.535994 	 0.196171 	 0.196171 
 rs1281 	 7.685921 	 0.326951 	 0.588512 
 rf0333 	 8.503298 	 0.065390 	 0.032695 
 rf0223 	 8.470603 	 0.196171 	 0.130780 
 rf0259 	 8.241738 	 0.751987 	 0.359646 
 rf0227 	 8.307128 	 0.555817 	 0.392341 
 rf0338 	 8.961030 	 1.602060 	 0.000000 
 rf0279 	 7.816701 	 0.457731 	 0.555817 
 rf0234 	 8.862945 	 0.196171 	 0.065390 
 rf0580 	 7.555141 	 0.196171 	 0.719292 
 rf0157 	 7.980177 	 0.588512 	 0.326951 
 rf0167 	 8.372518 	 0.261561 	 0.130780 
 rf0237 	 8.535994 	 0.196171 	 0.392341 
 rf0586 	 8.503298 	 0.326951 	 0.392341 
 rf0284 	 8.241738 	 0.850073 	 0.588512 
 rf0236 	 7.587836 	 0.228866 	 0.653902 
 rf0169 	 7.980177 	 0.588512 	 0.359646 
 rf0171 	 8.535994 	 0.163476 	 0.098085 
 rf0173 	 8.470603 	 0.130780 	 0.098085 
 rf0238 	 7.980177 	 0.588512 	 0.294256 
 rf0638 	 8.470603 	 0.163476 	 0.163476 
 rf0175 	 8.307128 	 0.523122 	 0.425036 
 rf0587 	 7.947482 	 0.555817 	 0.359646 
 rf0328 	 8.699469 	 0.228866 	 0.130780 
 rf0176 	 8.666774 	 0.163476 	 0.130780 
 rf0291 	 8.274433 	 0.653902 	 0.425036 
 rf0177 	 8.339823 	 0.359646 	 0.392341 
 rf0292 	 8.830249 	 0.294256 	 0.098085 
 rf0179 	 8.012872 	 0.588512 	 0.359646 
 rf0242 	 8.568689 	 0.196171 	 0.032695 
 rf0181 	 8.732164 	 0.719292 	 0.065390 
 rs1307 	 8.601384 	 0.261561 	 0.196171 
 rs1280 	 7.358970 	 0.000000 	 1.340499 
 rf0335 	 7.522445 	 0.163476 	 0.751987 
 rf0297 	 8.339823 	 0.359646 	 0.228866 
 rf0596 	 8.012872 	 0.621207 	 0.326951 
 rf0240 	 7.358970 	 0.000000 	 0.686597 
 rf0251 	 8.470603 	 0.163476 	 0.196171 
 rf0190 	 7.358970 	 0.000000 	 1.373194 
 rf0268 	 8.110957 	 0.686597 	 0.425036 
 rf0332 	 7.947482 	 0.555817 	 0.392341 
 rf0192 	 7.653226 	 0.294256 	 0.588512 
 rf0193 	 8.928335 	 0.163476 	 0.032695 
 rf0195 	 8.666774 	 0.228866 	 0.163476 
 rf0197 	 8.961030 	 1.602060 	 0.000000 
 rf0201 	 7.358970 	 0.000000 	 0.719292 
 rf0205 	 8.928335 	 0.098085 	 0.032695 
 rf0622 	 7.816701 	 0.457731 	 0.457731 
 rf0239 	 8.405213 	 0.261561 	 0.130780 
 rf0206 	 8.830249 	 0.261561 	 0.065390 
 rf0339 	 8.961030 	 1.602060 	 0.000000 
 rf0210 	 8.078262 	 0.653902 	 0.359646 
 rf0631 	 7.947482 	 0.588512 	 0.326951 
 rf0342 	 7.391665 	 0.032695 	 0.882768 
 rf0634 	 7.358970 	 0.000000 	 1.569365 
 rf0265 	 8.045567 	 0.653902 	 0.392341 
 rf0343 	 8.961030 	 1.602060 	 0.000000 
 rf0331 	 8.274433 	 0.621207 	 0.261561 
 rf0217 	 8.699469 	 0.261561 	 0.098085 
 rf0244 	 8.830249 	 0.326951 	 0.098085 
 rf0180 	 8.372518 	 0.294256 	 0.425036 
 rf0226 	 8.437908 	 0.326951 	 0.196171 
 rf0280 	 7.620531 	 0.261561 	 0.621207 
 rf0300 	 8.470603 	 0.326951 	 0.392341 
 rf0306 	 8.012872 	 0.621207 	 0.392341 
 rf0286 	 8.928335 	 0.130780 	 0.000000 
 rf0271 	 8.830249 	 0.228866 	 0.098085 
 rf0262 	 7.555141 	 0.196171 	 0.621207 
 rf0272 	 8.241738 	 0.784682 	 0.261561 
 rf0277 	 8.764859 	 0.261561 	 0.130780 
 rf0235 	 7.522445 	 0.163476 	 0.621207 
 rf0003 	 8.830249 	 0.163476 	 0.065390 
 rf0258 	 8.307128 	 0.457731 	 0.065390 
 rf0002 	 8.372518 	 0.294256 	 0.130780 
 rf0312 	 8.241738 	 0.882768 	 0.425036 
 rf0515 	 8.535994 	 0.130780 	 0.163476 
 rf0298 	 8.143652 	 0.621207 	 0.261561 
 rf0313 	 8.274433 	 0.621207 	 0.261561 
 rf0642 	 7.555141 	 0.196171 	 0.621207 
 rf0299 	 8.012872 	 0.653902 	 0.392341 
 rf0643 	 7.358970 	 0.000000 	 0.588512 
 rf0649 	 8.307128 	 0.196171 	 0.196171 
 rf0646 	 7.358970 	 0.000000 	 0.817378 
 rf0001 	 7.489750 	 0.130780 	 0.686597 
 rf0650 	 7.489750 	 0.130780 	 0.784682 
 rf0654 	 8.012872 	 0.490427 	 0.294256 
 rs1276 	 8.274433 	 0.784682 	 0.490427 
 rs1300 	 8.895640 	 0.228866 	 0.032695 
 rf0256 	 8.830249 	 0.228866 	 0.065390 
 rf0309 	 8.470603 	 0.163476 	 0.098085 
 rf0653 	 7.358970 	 0.000000 	 0.784682 
 rf0305 	 8.078262 	 0.653902 	 0.326951 
 rf0655 	 7.620531 	 0.261561 	 0.653902 
 rf0308 	 8.176347 	 0.653902 	 0.392341 
 rf0311 	 8.307128 	 0.784682 	 0.555817 
 rf0266 	 8.241738 	 0.817378 	 0.163476 
 rf0627 	 7.391665 	 0.032695 	 0.850073 
 rf0247 	 8.241738 	 0.621207 	 0.621207 
 rf0248 	 8.830249 	 0.294256 	 0.065390 
 rf0585 	 7.849396 	 0.490427 	 0.425036 
 rf0663 	 7.391665 	 0.032695 	 0.817378 
 rf0320 	 7.489750 	 0.130780 	 0.719292 
 rf0327 	 8.078262 	 0.719292 	 0.359646 
 rf0670 	 7.522445 	 0.163476 	 0.555817 
 rf0252 	 8.241738 	 0.784682 	 0.326951 
 rf0253 	 8.797554 	 0.523122 	 0.130780 
 rf0154 	 8.274433 	 0.457731 	 0.457731 
 rf0607 	 7.522445 	 0.163476 	 0.686597 
 rf0156 	 8.666774 	 0.196171 	 0.163476 
 rf0630 	 7.489750 	 0.130780 	 0.850073 
 rf0287 	 8.470603 	 0.163476 	 0.065390 
 rf0322 	 8.307128 	 0.719292 	 0.425036 
 rf0628 	 8.666774 	 0.490427 	 0.065390 
 rf0204 	 8.961030 	 1.602060 	 0.000000 
 rf0257 	 7.424360 	 0.065390 	 0.784682 
 rf0685 	 8.666774 	 1.307804 	 0.294256 
 rf0669 	 8.961030 	 1.602060 	 0.000000 
 rf0674 	 8.274433 	 0.915463 	 0.686597 
 rf0680 	 8.961030 	 1.602060 	 0.000000 
 rf0668 	 7.718616 	 0.359646 	 0.555817 
 rf0324 	 8.405213 	 0.228866 	 0.098085 
 rf0329 	 8.928335 	 0.098085 	 0.032695 
 rf0683 	 7.489750 	 0.130780 	 0.653902 
 rf0661 	 8.961030 	 1.602060 	 0.000000 
 rf0325 	 8.535994 	 0.228866 	 0.032695 
