#Name 	 Z_Estimate 	 Err_down 	 Err_up
 rf0780 	 8.241738 	 0.098085 	 0.130780 
 rf0433 	 8.634079 	 0.359646 	 0.098085 
 rf0446 	 7.358970 	 0.000000 	 0.000000 
 rf0447 	 8.634079 	 0.032695 	 0.000000 
 rf0448 	 8.437908 	 0.065390 	 0.065390 
 rf0456 	 8.470603 	 0.065390 	 0.098085 
 rf0462 	 8.339823 	 0.098085 	 0.098085 
 rf0463 	 8.470603 	 0.032695 	 0.065390 
 rf0779 	 8.961030 	 0.301030 	 -0.301030 
 rf0376 	 8.470603 	 0.065390 	 0.032695 
 rf0377 	 8.961030 	 0.301030 	 -0.301030 
 rf0378 	 8.503298 	 0.098085 	 0.098085 
 rf0383 	 8.961030 	 0.301030 	 -0.301030 
 rf0384 	 8.339823 	 0.065390 	 0.098085 
 rf0706 	 8.470603 	 0.032695 	 0.032695 
 rf0707 	 8.274433 	 0.000000 	 0.000000 
 rf0386 	 8.961030 	 0.301030 	 -0.301030 
 rf0387 	 8.503298 	 0.098085 	 0.130780 
 rf0391 	 8.405213 	 0.065390 	 0.065390 
 rf0711 	 8.307128 	 0.000000 	 0.032695 
 rf0397 	 8.961030 	 0.301030 	 -0.301030 
 rf0398 	 8.470603 	 0.065390 	 0.098085 
 rf0399 	 8.405213 	 0.032695 	 0.065390 
 rf0400 	 8.961030 	 0.301030 	 -0.301030 
 rf0405 	 8.601384 	 0.000000 	 0.032695 
 rf0414 	 8.045567 	 0.000000 	 0.032695 
 rf0741 	 8.339823 	 0.130780 	 0.098085 
 rf0415 	 8.437908 	 0.032695 	 0.065390 
 rf0465 	 8.372518 	 0.065390 	 0.065390 
 rf0466 	 8.405213 	 0.032695 	 0.098085 
 rf0471 	 8.405213 	 0.065390 	 0.163476 
 rf0765 	 8.110957 	 0.065390 	 0.032695 
 rf0773 	 8.274433 	 0.098085 	 0.098085 
 rf0774 	 8.143652 	 0.065390 	 0.130780 
 rf0500 	 8.961030 	 0.301030 	 -0.301030 
 rf0781 	 8.339823 	 0.098085 	 0.098085 
 rf0782 	 8.176347 	 0.000000 	 0.032695 
 rf0720 	 8.961030 	 0.301030 	 -0.301030 
 rf0724 	 8.961030 	 0.301030 	 -0.301030 
 rf0402 	 8.961030 	 0.301030 	 -0.301030 
 rf0403 	 8.961030 	 0.301030 	 -0.301030 
 rf0365 	 8.961030 	 0.301030 	 -0.301030 
 rf0367 	 8.339823 	 0.032695 	 0.032695 
 rf0372 	 8.961030 	 0.301030 	 -0.301030 
 rf0374 	 8.372518 	 0.098085 	 0.130780 
 rf0375 	 8.634079 	 0.000000 	 0.000000 
 rf0388 	 8.961030 	 0.301030 	 -0.301030 
 rf0392 	 8.209043 	 0.032695 	 0.032695 
 rf0394 	 8.961030 	 0.301030 	 -0.301030 
 rf0395 	 8.961030 	 0.301030 	 -0.301030 
 rf0396 	 8.961030 	 0.301030 	 -0.301030 
 rf0719 	 8.961030 	 0.301030 	 -0.301030 
 rf0401 	 8.209043 	 0.098085 	 0.065390 
 rf0725 	 8.372518 	 0.098085 	 0.065390 
 rf0730 	 8.405213 	 0.032695 	 0.065390 
 rf0346 	 8.961030 	 0.130780 	 0.000000 
 rf0348 	 8.961030 	 0.301030 	 -0.301030 
 rf0688 	 8.339823 	 0.065390 	 0.065390 
 rf0689 	 8.372518 	 0.065390 	 0.098085 
 rf0351 	 8.274433 	 0.000000 	 0.032695 
 rf0353 	 8.110957 	 0.000000 	 0.000000 
 rf0690 	 8.110957 	 0.032695 	 0.032695 
 rf0692 	 8.274433 	 0.032695 	 0.032695 
 rf0354 	 8.961030 	 0.301030 	 -0.301030 
 rf0693 	 8.241738 	 0.098085 	 0.065390 
 rf0358 	 8.143652 	 0.032695 	 0.000000 
 rf0363 	 8.078262 	 0.000000 	 0.032695 
 rf0364 	 8.961030 	 0.301030 	 -0.301030 
 rf0366 	 8.961030 	 0.301030 	 -0.301030 
 rf0368 	 8.241738 	 0.000000 	 0.032695 
 rf0694 	 8.241738 	 0.032695 	 0.000000 
 rf0370 	 8.372518 	 0.032695 	 0.032695 
 rf0695 	 8.405213 	 0.065390 	 0.065390 
 rf0696 	 8.372518 	 0.065390 	 0.065390 
 rf0373 	 8.961030 	 0.301030 	 -0.301030 
 rf0697 	 8.307128 	 0.098085 	 0.098085 
 rf0701 	 8.372518 	 0.098085 	 0.098085 
 rf0702 	 8.143652 	 0.032695 	 0.065390 
 rf0381 	 8.372518 	 0.065390 	 0.130780 
 rf0703 	 8.241738 	 0.098085 	 0.065390 
 rf0385 	 8.405213 	 0.032695 	 0.065390 
 rf0776 	 8.339823 	 0.065390 	 0.065390 
 rf0495 	 8.437908 	 0.032695 	 0.065390 
 rf0496 	 8.241738 	 0.032695 	 0.032695 
 rf0777 	 8.274433 	 0.032695 	 0.032695 
 rf0778 	 8.307128 	 0.065390 	 0.032695 
 rf0499 	 8.339823 	 0.065390 	 0.032695 
 rf0502 	 8.372518 	 0.032695 	 0.065390 
 rf0503 	 8.372518 	 0.032695 	 0.032695 
 rf0784 	 8.176347 	 0.032695 	 0.032695 
 rf0785 	 8.405213 	 0.065390 	 0.065390 
 rf0789 	 8.176347 	 0.032695 	 0.032695 
 rf0505 	 8.372518 	 0.065390 	 0.098085 
 rf0506 	 8.503298 	 0.000000 	 0.065390 
 rf0792 	 8.339823 	 0.098085 	 0.098085 
 rf0507 	 8.437908 	 0.065390 	 0.130780 
 rf0510 	 8.961030 	 0.301030 	 -0.301030 
 rf0513 	 8.961030 	 0.301030 	 -0.301030 
 rf0795 	 8.241738 	 0.032695 	 0.000000 
 rf0796 	 8.961030 	 0.301030 	 -0.301030 
 rf0797 	 8.372518 	 0.098085 	 0.098085 
 rf0290 	 8.634079 	 0.032695 	 0.000000 
 rf0323 	 8.470603 	 0.065390 	 0.098085 
 rf0453 	 8.437908 	 0.065390 	 0.130780 
 rf0763 	 8.241738 	 0.065390 	 0.065390 
 rf0436 	 8.307128 	 0.130780 	 0.163476 
 rf0439 	 8.110957 	 0.032695 	 0.065390 
 rf0441 	 8.241738 	 0.065390 	 0.065390 
 rf0476 	 8.372518 	 0.065390 	 0.098085 
 rf0477 	 8.339823 	 0.065390 	 0.032695 
 rf0771 	 8.666774 	 0.163476 	 0.098085 
 rf0487 	 8.372518 	 0.065390 	 0.098085 
 rf0488 	 8.961030 	 0.301030 	 -0.301030 
 rf0756 	 8.176347 	 0.098085 	 0.098085 
 rf0413 	 8.405213 	 0.065390 	 0.098085 
 rf0723 	 8.372518 	 0.065390 	 0.098085 
 rf0427 	 8.437908 	 0.065390 	 0.098085 
 rf0464 	 8.078262 	 0.032695 	 0.000000 
 rf0430 	 8.307128 	 0.065390 	 0.098085 
 rf0761 	 8.241738 	 0.065390 	 0.032695 
 rf0750 	 8.307128 	 0.032695 	 0.065390 
 rf0432 	 8.405213 	 0.065390 	 0.098085 
 rf0434 	 8.274433 	 0.032695 	 0.065390 
 rf0788 	 8.405213 	 0.065390 	 0.065390 
 rf0712 	 8.307128 	 0.065390 	 0.098085 
 rf0729 	 8.339823 	 0.065390 	 0.098085 
 rf0731 	 8.339823 	 0.098085 	 0.130780 
 rf0419 	 8.078262 	 0.000000 	 0.032695 
 rf0425 	 8.470603 	 0.098085 	 0.130780 
 rf0753 	 8.209043 	 0.065390 	 0.098085 
 rf0435 	 8.961030 	 0.301030 	 -0.301030 
 rf0454 	 8.437908 	 0.065390 	 0.065390 
 rf0455 	 8.470603 	 0.065390 	 0.163476 
 rf0762 	 8.045567 	 0.065390 	 0.032695 
 rf0467 	 8.470603 	 0.098085 	 0.130780 
 rf0479 	 8.241738 	 0.032695 	 0.000000 
 rf0714 	 8.372518 	 0.032695 	 0.098085 
 rf0412 	 8.372518 	 0.032695 	 0.098085 
 rf0717 	 8.372518 	 0.032695 	 0.065390 
 rf0718 	 8.339823 	 0.065390 	 0.098085 
 rf0444 	 8.503298 	 0.000000 	 0.000000 
 rf0705 	 8.437908 	 0.065390 	 0.065390 
 rf0713 	 8.339823 	 0.098085 	 0.130780 
 rf0473 	 8.470603 	 0.065390 	 0.098085 
 rf0480 	 8.405213 	 0.065390 	 0.098085 
 rf0482 	 8.470603 	 0.065390 	 0.065390 
 rf0485 	 8.110957 	 0.032695 	 0.098085 
 rf0474 	 8.110957 	 0.000000 	 0.032695 
 rf0772 	 8.045567 	 0.032695 	 0.032695 
 rf0775 	 8.143652 	 0.032695 	 0.000000 
 rf0428 	 8.241738 	 0.000000 	 0.000000 
 rf0764 	 8.339823 	 0.098085 	 0.098085 
 rf0460 	 8.961030 	 0.301030 	 -0.301030 
 rf0461 	 8.176347 	 0.000000 	 0.000000 
 rf0791 	 8.307128 	 0.065390 	 0.130780 
 rf0728 	 8.241738 	 0.065390 	 0.163476 
 rf0745 	 8.078262 	 0.032695 	 0.032695 
 rf0748 	 8.961030 	 0.301030 	 -0.301030 
 rf0431 	 8.241738 	 0.065390 	 0.032695 
 rf0459 	 8.209043 	 0.032695 	 0.065390 
 rf0440 	 8.339823 	 0.065390 	 0.065390 
 rf0393 	 8.307128 	 0.065390 	 0.065390 
 rf0749 	 8.209043 	 0.065390 	 0.065390 
 rs0002 	 8.437908 	 0.065390 	 0.065390 
 rs0003 	 8.961030 	 0.301030 	 -0.301030 
 rs0004 	 8.274433 	 0.065390 	 0.032695 
 rs0005 	 8.961030 	 0.301030 	 -0.301030 
 rs1314 	 8.961030 	 0.301030 	 -0.301030 
 rs0006 	 8.176347 	 0.032695 	 0.000000 
 rs0007 	 8.372518 	 0.065390 	 0.065390 
 rs0009 	 8.176347 	 0.032695 	 0.065390 
 rs0010 	 8.437908 	 0.065390 	 0.032695 
 rs0011 	 8.405213 	 0.065390 	 0.065390 
 rs0012 	 8.274433 	 0.032695 	 0.000000 
 rs0013 	 8.372518 	 0.065390 	 0.065390 
 rs0014 	 8.437908 	 0.000000 	 0.000000 
 rs0015 	 8.961030 	 0.301030 	 -0.301030 
 rs0018 	 8.961030 	 1.602060 	 0.000000 
 rs0019 	 8.797554 	 0.130780 	 0.065390 
 rs0021 	 8.961030 	 0.301030 	 -0.301030 
 rs0022 	 8.961030 	 0.301030 	 -0.301030 
 rs0023 	 8.961030 	 0.301030 	 -0.301030 
 rs0029 	 8.601384 	 0.032695 	 0.065390 
 rs0030 	 8.274433 	 0.000000 	 0.000000 
 rs0032 	 7.358970 	 0.000000 	 1.602060 
 rs0035 	 8.078262 	 0.000000 	 0.000000 
 rs0037 	 8.274433 	 0.032695 	 0.032695 
 rs0039 	 8.274433 	 0.032695 	 0.032695 
 rs0040 	 8.437908 	 0.065390 	 0.098085 
 rs0041 	 8.470603 	 0.130780 	 0.228866 
 rs0042 	 8.339823 	 0.032695 	 0.032695 
 rs0043 	 8.176347 	 0.032695 	 0.065390 
 rs0044 	 8.535994 	 0.032695 	 0.000000 
 rs0045 	 8.405213 	 0.032695 	 0.098085 
 rs0046 	 8.961030 	 0.301030 	 -0.301030 
 rs1315 	 8.961030 	 0.301030 	 -0.301030 
 rs0048 	 8.437908 	 0.065390 	 0.163476 
 rs0049 	 7.358970 	 0.000000 	 0.294256 
 rs1316 	 8.601384 	 0.098085 	 0.228866 
 rs0050 	 8.568689 	 0.098085 	 0.163476 
 rs0051 	 8.503298 	 0.065390 	 0.065390 
 rs0052 	 8.307128 	 0.032695 	 0.000000 
 rs0053 	 8.634079 	 0.000000 	 0.000000 
 rs0054 	 8.339823 	 0.098085 	 0.065390 
 rs0055 	 8.961030 	 0.301030 	 -0.301030 
 rs0056 	 8.372518 	 0.032695 	 0.032695 
 rs0057 	 8.209043 	 0.032695 	 0.032695 
 rs1317 	 8.503298 	 0.098085 	 0.065390 
 rs0060 	 8.209043 	 0.000000 	 0.032695 
 rs1318 	 8.961030 	 0.301030 	 -0.301030 
 rs1319 	 8.862945 	 0.130780 	 0.098085 
 rs0062 	 8.961030 	 0.301030 	 -0.301030 
 rs0063 	 8.503298 	 0.032695 	 0.032695 
 rs0064 	 8.961030 	 0.301030 	 -0.301030 
 rs0065 	 8.437908 	 0.065390 	 0.065390 
 rs0066 	 8.307128 	 0.098085 	 0.130780 
 rs0068 	 8.405213 	 0.098085 	 0.130780 
 rs0070 	 8.372518 	 0.065390 	 0.098085 
 rs0074 	 8.535994 	 0.065390 	 0.065390 
 rs0077 	 8.961030 	 0.301030 	 -0.301030 
 rs0080 	 8.699469 	 0.032695 	 0.032695 
 rs0081 	 8.339823 	 0.065390 	 0.032695 
 rs0082 	 8.372518 	 0.065390 	 0.098085 
 rs0083 	 8.274433 	 0.032695 	 0.032695 
 rs0084 	 8.437908 	 0.065390 	 0.098085 
 rs0085 	 8.470603 	 0.065390 	 0.098085 
 rs0088 	 8.241738 	 0.000000 	 0.000000 
 rs0087 	 8.961030 	 0.301030 	 -0.301030 
 rs0089 	 8.961030 	 0.301030 	 -0.301030 
 rs0090 	 8.176347 	 0.000000 	 0.032695 
 rs0092 	 8.209043 	 0.000000 	 0.000000 
 rs0093 	 8.961030 	 0.301030 	 -0.301030 
 rs0094 	 8.961030 	 0.301030 	 -0.301030 
 rs0095 	 8.143652 	 0.032695 	 0.000000 
 rs0096 	 8.961030 	 0.301030 	 -0.301030 
 rs0097 	 8.961030 	 0.301030 	 -0.301030 
 rs0098 	 8.405213 	 0.032695 	 0.032695 
 rs0104 	 8.961030 	 0.301030 	 -0.301030 
 rs0105 	 8.437908 	 0.098085 	 0.065390 
 rs0107 	 8.961030 	 0.301030 	 -0.301030 
 rs0109 	 8.961030 	 0.301030 	 -0.301030 
 rs0111 	 8.372518 	 0.098085 	 0.065390 
 rs1321 	 8.339823 	 0.065390 	 0.065390 
 rs1322 	 8.372518 	 0.065390 	 0.163476 
 rs0113 	 8.961030 	 0.301030 	 -0.301030 
 rs0114 	 8.405213 	 0.032695 	 0.065390 
 rs0118 	 8.437908 	 0.065390 	 0.130780 
 rs0120 	 8.437908 	 0.032695 	 0.098085 
 rs0121 	 8.339823 	 0.000000 	 0.032695 
 rs0122 	 8.241738 	 0.032695 	 0.032695 
 rs0124 	 8.339823 	 0.065390 	 0.098085 
 rs0125 	 8.961030 	 0.301030 	 -0.301030 
 rs0126 	 8.405213 	 0.032695 	 0.032695 
 rs0127 	 8.961030 	 0.301030 	 -0.301030 
 rs0128 	 8.699469 	 0.196171 	 0.098085 
 rs0129 	 8.862945 	 0.065390 	 0.065390 
 rs0130 	 8.405213 	 0.065390 	 0.098085 
 rs0132 	 8.209043 	 0.098085 	 0.130780 
 rs0133 	 8.961030 	 0.301030 	 -0.301030 
 rs0134 	 8.961030 	 0.301030 	 -0.301030 
 rs0135 	 8.535994 	 0.098085 	 0.098085 
 rs0136 	 8.961030 	 0.301030 	 -0.301030 
 rs0137 	 8.961030 	 0.301030 	 -0.301030 
 rs0138 	 8.339823 	 0.065390 	 0.065390 
 rs0139 	 8.078262 	 0.032695 	 0.000000 
 rs0140 	 8.078262 	 0.000000 	 0.000000 
 rs0141 	 8.372518 	 0.032695 	 0.065390 
 rs0142 	 8.961030 	 0.301030 	 -0.301030 
 rs0143 	 8.961030 	 0.301030 	 -0.301030 
 rs0145 	 8.961030 	 0.301030 	 -0.301030 
 rs0146 	 8.961030 	 0.301030 	 -0.301030 
 rs0147 	 8.437908 	 0.065390 	 0.032695 
 rs0148 	 8.699469 	 0.130780 	 0.098085 
 rs0149 	 8.405213 	 0.065390 	 0.098085 
 rs1323 	 8.372518 	 0.065390 	 0.098085 
 rs1324 	 8.601384 	 0.032695 	 0.000000 
 rs0150 	 8.405213 	 0.065390 	 0.065390 
 rs0151 	 8.307128 	 0.032695 	 0.032695 
 rs0152 	 8.274433 	 0.032695 	 0.000000 
 rs0154 	 8.307128 	 0.098085 	 0.065390 
 rs1325 	 8.405213 	 0.032695 	 0.098085 
 rs0155 	 8.568689 	 0.065390 	 0.098085 
 rs0156 	 8.961030 	 0.301030 	 -0.301030 
 rs0159 	 8.961030 	 0.301030 	 -0.301030 
 rs0161 	 8.470603 	 0.130780 	 0.130780 
 rs0163 	 8.961030 	 0.301030 	 -0.301030 
 rs0165 	 8.372518 	 0.032695 	 0.098085 
 rs0166 	 8.339823 	 0.000000 	 0.000000 
 rs0167 	 8.209043 	 0.000000 	 0.032695 
 rs0168 	 8.176347 	 0.000000 	 0.032695 
 rs0170 	 8.307128 	 0.032695 	 0.032695 
 rs0171 	 8.372518 	 0.065390 	 0.065390 
 rs0172 	 8.437908 	 0.065390 	 0.098085 
 rs0173 	 8.339823 	 0.065390 	 0.032695 
 rs0174 	 8.372518 	 0.032695 	 0.065390 
 rs0175 	 8.961030 	 0.301030 	 -0.301030 
 rs0177 	 8.176347 	 0.032695 	 0.065390 
 rs0178 	 8.143652 	 0.000000 	 0.000000 
 rs0179 	 8.437908 	 0.065390 	 0.098085 
 rs0180 	 8.470603 	 0.065390 	 0.098085 
 rs0181 	 8.961030 	 0.301030 	 -0.301030 
 rs0182 	 8.535994 	 0.098085 	 0.196171 
 rs0183 	 8.961030 	 0.301030 	 -0.301030 
 rs0188 	 8.764859 	 0.228866 	 0.065390 
 rs0190 	 8.666774 	 0.032695 	 0.032695 
 rs0191 	 8.634079 	 0.032695 	 0.000000 
 rs0193 	 8.437908 	 0.065390 	 0.098085 
 rs0194 	 8.568689 	 0.032695 	 0.032695 
 rs0196 	 8.601384 	 0.032695 	 0.000000 
 rs0201 	 8.961030 	 0.301030 	 -0.301030 
 rs0202 	 8.503298 	 0.000000 	 0.032695 
 rs0203 	 8.961030 	 0.301030 	 -0.301030 
 rs0206 	 8.961030 	 0.301030 	 -0.301030 
 rs0209 	 8.405213 	 0.032695 	 0.032695 
 rs0210 	 8.405213 	 0.065390 	 0.065390 
 rs0211 	 8.961030 	 0.301030 	 -0.301030 
 rs0212 	 8.405213 	 0.065390 	 0.098085 
 rs0214 	 8.568689 	 0.065390 	 0.065390 
 rs0215 	 8.372518 	 0.065390 	 0.065390 
 rs0218 	 8.372518 	 0.032695 	 0.065390 
 rs0220 	 8.209043 	 0.032695 	 0.032695 
 rs0221 	 8.470603 	 0.065390 	 0.098085 
 rs0222 	 8.666774 	 0.065390 	 0.098085 
 rs0223 	 8.666774 	 0.065390 	 0.098085 
 rs0225 	 8.961030 	 0.301030 	 -0.301030 
 rs0226 	 8.961030 	 0.301030 	 -0.301030 
 rs0227 	 8.339823 	 0.000000 	 0.000000 
 rs0228 	 8.372518 	 0.065390 	 0.065390 
 rs0231 	 8.339823 	 0.032695 	 0.032695 
 rs1329 	 8.961030 	 0.301030 	 -0.301030 
 rs0236 	 8.372518 	 0.098085 	 0.065390 
 rs0237 	 8.961030 	 0.301030 	 -0.301030 
 rs0239 	 8.535994 	 0.032695 	 0.000000 
 rs0240 	 8.961030 	 0.301030 	 -0.301030 
 rs0241 	 8.961030 	 0.301030 	 -0.301030 
 rs0242 	 8.307128 	 0.000000 	 0.065390 
 rs0243 	 8.961030 	 0.301030 	 -0.301030 
 rs0244 	 8.961030 	 0.301030 	 -0.301030 
 rs0246 	 8.961030 	 0.301030 	 -0.301030 
 rs0247 	 8.078262 	 0.000000 	 0.032695 
 rs0250 	 8.961030 	 0.301030 	 -0.301030 
 rs0253 	 8.634079 	 0.032695 	 0.000000 
 rs0255 	 8.241738 	 0.000000 	 0.032695 
 rs0256 	 8.961030 	 0.301030 	 -0.301030 
 rs0257 	 8.405213 	 0.065390 	 0.098085 
 rs0259 	 8.961030 	 0.301030 	 -0.301030 
 rs0260 	 8.961030 	 0.301030 	 -0.301030 
 rs0261 	 8.961030 	 0.301030 	 -0.301030 
 rs0262 	 8.961030 	 0.301030 	 -0.301030 
 rs0263 	 8.503298 	 0.065390 	 0.098085 
 rs0264 	 8.961030 	 0.301030 	 -0.301030 
 rs0266 	 8.961030 	 0.301030 	 -0.301030 
 rs0267 	 8.961030 	 0.301030 	 -0.301030 
 rs0268 	 8.961030 	 0.301030 	 -0.301030 
 rs0269 	 8.307128 	 0.065390 	 0.032695 
 rs0270 	 8.830249 	 0.130780 	 0.065390 
 rs0272 	 8.405213 	 0.065390 	 0.065390 
 rs0273 	 8.405213 	 0.065390 	 0.065390 
 rs0274 	 8.405213 	 0.032695 	 0.032695 
 rs0275 	 8.372518 	 0.065390 	 0.065390 
 rs0276 	 8.339823 	 0.032695 	 0.032695 
 rs0277 	 8.372518 	 0.065390 	 0.098085 
 rs1330 	 8.405213 	 0.065390 	 0.098085 
 rs0280 	 8.535994 	 0.098085 	 0.228866 
 rs0282 	 8.961030 	 0.301030 	 -0.301030 
 rs0283 	 8.470603 	 0.065390 	 0.065390 
 rs0285 	 8.209043 	 0.032695 	 0.000000 
 rs0289 	 8.470603 	 0.065390 	 0.065390 
 rs0290 	 8.372518 	 0.098085 	 0.098085 
 rs0291 	 8.241738 	 0.065390 	 0.130780 
 rs0292 	 8.241738 	 0.032695 	 0.000000 
 rs0297 	 8.339823 	 0.032695 	 0.065390 
 rs0302 	 8.078262 	 0.032695 	 0.000000 
 rs0303 	 8.307128 	 0.130780 	 0.098085 
 rs0306 	 8.961030 	 0.301030 	 -0.301030 
 rs0308 	 8.405213 	 0.065390 	 0.392341 
 rs0310 	 8.797554 	 0.163476 	 0.163476 
 rs1331 	 8.405213 	 0.065390 	 0.065390 
 rs0313 	 8.961030 	 0.301030 	 -0.301030 
 rs0314 	 8.372518 	 0.065390 	 0.032695 
 rs0315 	 8.503298 	 0.032695 	 0.032695 
 rs0316 	 8.961030 	 0.301030 	 -0.301030 
 rs0318 	 8.241738 	 0.065390 	 0.065390 
 rs0320 	 8.961030 	 0.301030 	 -0.301030 
 rs0323 	 8.405213 	 0.032695 	 0.032695 
 rs0328 	 8.437908 	 0.065390 	 0.098085 
 rs0331 	 8.437908 	 0.065390 	 0.032695 
 rs0334 	 8.961030 	 0.301030 	 -0.301030 
 rs0336 	 8.405213 	 0.065390 	 0.098085 
 rs0337 	 8.961030 	 0.301030 	 -0.301030 
 rs0339 	 8.961030 	 0.301030 	 -0.301030 
 rs0340 	 8.437908 	 0.032695 	 0.098085 
 rs0341 	 8.241738 	 0.032695 	 0.000000 
 rs0342 	 8.241738 	 0.065390 	 0.065390 
 rs0343 	 8.209043 	 0.000000 	 0.032695 
 rs0344 	 8.241738 	 0.000000 	 0.000000 
 rs0345 	 8.209043 	 0.032695 	 0.032695 
 rs0346 	 8.307128 	 0.065390 	 0.098085 
 rs0348 	 8.078262 	 0.000000 	 0.000000 
 rs0349 	 8.110957 	 0.000000 	 0.032695 
 rs0350 	 8.961030 	 0.301030 	 -0.301030 
 rs0351 	 8.666774 	 0.032695 	 0.032695 
 rs0354 	 8.209043 	 0.032695 	 0.000000 
 rs0356 	 8.699469 	 0.065390 	 0.032695 
 rs0358 	 8.961030 	 0.301030 	 -0.301030 
 rs0362 	 8.830249 	 0.098085 	 0.098085 
 rs0363 	 8.339823 	 0.065390 	 0.130780 
 rs0364 	 8.307128 	 0.032695 	 0.065390 
 rs0365 	 8.372518 	 0.098085 	 0.098085 
 rs0371 	 8.601384 	 0.098085 	 0.098085 
 rs0372 	 8.274433 	 0.065390 	 0.065390 
 rs0373 	 8.961030 	 0.301030 	 -0.301030 
 rs0374 	 8.307128 	 0.098085 	 0.098085 
 rs0376 	 8.470603 	 0.098085 	 0.130780 
 rs0377 	 8.372518 	 0.065390 	 0.098085 
 rs0378 	 8.503298 	 0.032695 	 0.032695 
 rs0380 	 8.961030 	 0.301030 	 -0.301030 
 rs0381 	 8.372518 	 0.065390 	 0.065390 
 rs0382 	 8.568689 	 0.032695 	 0.065390 
 rs0384 	 8.372518 	 0.032695 	 0.098085 
 rs0386 	 8.241738 	 0.032695 	 0.000000 
 rs0388 	 8.372518 	 0.065390 	 0.065390 
 rs0389 	 8.241738 	 0.032695 	 0.032695 
 rs0390 	 8.961030 	 0.301030 	 -0.301030 
 rs0391 	 8.470603 	 0.098085 	 0.098085 
 rs0392 	 8.110957 	 0.000000 	 0.000000 
 rs0393 	 8.405213 	 0.032695 	 0.032695 
 rs0394 	 8.143652 	 0.000000 	 0.032695 
 rs0396 	 8.601384 	 0.000000 	 0.000000 
 rs0404 	 8.143652 	 0.032695 	 0.032695 
 rs0405 	 8.961030 	 0.301030 	 -0.301030 
 rs0406 	 8.405213 	 0.000000 	 0.032695 
 rs0408 	 8.176347 	 0.000000 	 0.000000 
 rs0409 	 8.470603 	 0.065390 	 0.098085 
 rs0411 	 8.241738 	 0.000000 	 0.032695 
 rs1332 	 8.307128 	 0.065390 	 0.098085 
 rs0415 	 8.078262 	 0.032695 	 0.000000 
 rs0416 	 8.241738 	 0.032695 	 0.032695 
 rs0418 	 8.339823 	 0.032695 	 0.065390 
 rs0419 	 8.961030 	 0.301030 	 -0.301030 
 rs0420 	 8.961030 	 0.301030 	 -0.301030 
 rs0421 	 8.274433 	 0.065390 	 0.032695 
 rs0422 	 8.176347 	 0.032695 	 0.032695 
 rs0424 	 8.241738 	 0.000000 	 0.000000 
 rs0425 	 8.961030 	 0.301030 	 -0.301030 
 rs0427 	 8.405213 	 0.065390 	 0.065390 
 rs0428 	 8.470603 	 0.098085 	 0.098085 
 rs0429 	 8.339823 	 0.032695 	 0.065390 
 rs0430 	 8.274433 	 0.032695 	 0.065390 
 rs0432 	 7.980177 	 0.000000 	 0.032695 
 rs0433 	 8.470603 	 0.098085 	 0.130780 
 rs0434 	 8.274433 	 0.032695 	 0.065390 
 rs0435 	 8.405213 	 0.098085 	 0.098085 
 rs0437 	 8.143652 	 0.000000 	 0.000000 
 rs0440 	 8.961030 	 0.301030 	 -0.301030 
 rs0442 	 8.307128 	 0.032695 	 0.065390 
 rs0444 	 8.961030 	 0.301030 	 -0.301030 
 rs0446 	 8.568689 	 0.000000 	 0.032695 
 rs1333 	 8.568689 	 0.000000 	 0.032695 
 rs1336 	 8.961030 	 0.301030 	 -0.301030 
 rs0448 	 8.274433 	 0.032695 	 0.032695 
 rs0449 	 8.535994 	 0.065390 	 0.065390 
 rs0450 	 8.961030 	 0.301030 	 -0.301030 
 rs0451 	 8.961030 	 0.301030 	 -0.301030 
 rs0452 	 8.961030 	 0.301030 	 -0.301030 
 rs0453 	 8.961030 	 0.301030 	 -0.301030 
 rs0454 	 8.470603 	 0.065390 	 0.098085 
 rs0456 	 8.437908 	 0.065390 	 0.065390 
 rs0457 	 8.078262 	 0.032695 	 0.000000 
 rs0460 	 8.274433 	 0.032695 	 0.032695 
 rs0463 	 8.110957 	 0.000000 	 0.000000 
 rs0466 	 8.568689 	 0.032695 	 0.065390 
 rs0467 	 8.372518 	 0.098085 	 0.098085 
 rs0468 	 8.961030 	 0.301030 	 -0.301030 
 rs0469 	 8.307128 	 0.032695 	 0.065390 
 rs0470 	 8.307128 	 0.130780 	 0.098085 
 rs0472 	 8.176347 	 0.032695 	 0.000000 
 rs0473 	 8.176347 	 0.032695 	 0.032695 
 rs0476 	 8.535994 	 0.098085 	 0.163476 
 rs0477 	 8.078262 	 0.000000 	 0.032695 
 rs0480 	 8.405213 	 0.065390 	 0.065390 
 rs0484 	 8.274433 	 0.065390 	 0.065390 
 rs0485 	 8.241738 	 0.032695 	 0.000000 
 rs0493 	 8.961030 	 0.301030 	 -0.301030 
 rs0495 	 8.405213 	 0.098085 	 0.065390 
 rs0496 	 8.470603 	 0.065390 	 0.098085 
 rs0497 	 8.176347 	 0.032695 	 0.032695 
 rs0498 	 8.732164 	 0.065390 	 0.098085 
 rs0501 	 8.339823 	 0.065390 	 0.065390 
 rs0503 	 8.961030 	 0.301030 	 -0.301030 
 rs0505 	 8.961030 	 0.301030 	 -0.301030 
 rs0508 	 8.372518 	 0.065390 	 0.065390 
 rs0513 	 8.078262 	 0.000000 	 0.000000 
 rs0516 	 8.961030 	 0.301030 	 -0.301030 
 rs0517 	 8.961030 	 0.301030 	 -0.301030 
 rs0519 	 8.961030 	 0.301030 	 -0.301030 
 rs0520 	 8.372518 	 0.032695 	 0.032695 
 rs0521 	 8.372518 	 0.032695 	 0.032695 
 rs0522 	 8.470603 	 0.065390 	 0.130780 
 rs0524 	 8.372518 	 0.098085 	 0.098085 
 rs0526 	 8.372518 	 0.032695 	 0.065390 
 rs0528 	 8.961030 	 0.301030 	 -0.301030 
 rs0529 	 8.307128 	 0.032695 	 0.032695 
 rs0531 	 8.961030 	 0.301030 	 -0.301030 
 rs0532 	 8.961030 	 0.301030 	 -0.301030 
 rs0534 	 8.372518 	 0.032695 	 0.065390 
 rs0536 	 8.961030 	 0.301030 	 -0.301030 
 rs0537 	 8.634079 	 0.032695 	 0.000000 
 rs0538 	 8.961030 	 0.301030 	 -0.301030 
 rs0541 	 8.961030 	 0.301030 	 -0.301030 
 rs0543 	 8.307128 	 0.065390 	 0.098085 
 rs0545 	 8.274433 	 0.098085 	 0.098085 
 rs0548 	 8.241738 	 0.032695 	 0.000000 
 rs0549 	 8.339823 	 0.032695 	 0.032695 
 rs0553 	 8.372518 	 0.032695 	 0.065390 
 rs0554 	 8.961030 	 0.301030 	 -0.301030 
 rs0555 	 8.961030 	 0.301030 	 -0.301030 
 rs0556 	 8.045567 	 0.032695 	 0.000000 
 rs0559 	 8.961030 	 0.301030 	 -0.301030 
 rs0560 	 8.961030 	 0.301030 	 -0.301030 
 rs0561 	 8.666774 	 0.000000 	 0.032695 
 rs0562 	 8.307128 	 0.065390 	 0.130780 
 rs0564 	 8.437908 	 0.065390 	 0.098085 
 rs0566 	 8.274433 	 0.032695 	 0.065390 
 rs0568 	 8.405213 	 0.065390 	 0.065390 
 rs0570 	 8.535994 	 0.098085 	 0.098085 
 rs0571 	 8.274433 	 0.065390 	 0.098085 
 rs0572 	 8.470603 	 0.065390 	 0.098085 
 rs0573 	 8.372518 	 0.032695 	 0.065390 
 rs0574 	 8.961030 	 0.301030 	 -0.301030 
 rs0578 	 8.568689 	 0.098085 	 0.130780 
 rs0580 	 8.470603 	 0.065390 	 0.130780 
 rs0582 	 8.961030 	 0.301030 	 -0.301030 
 rs0585 	 8.437908 	 0.065390 	 0.065390 
 rs0586 	 8.209043 	 0.032695 	 0.000000 
 rs0587 	 8.535994 	 0.032695 	 0.065390 
 rs0588 	 8.372518 	 0.065390 	 0.163476 
 rs0589 	 8.209043 	 0.032695 	 0.032695 
 rs0591 	 8.961030 	 0.301030 	 -0.301030 
 rs0597 	 8.372518 	 0.065390 	 0.163476 
 rs0598 	 8.961030 	 0.301030 	 -0.301030 
 rs0602 	 8.372518 	 0.065390 	 0.098085 
 rs0603 	 8.961030 	 0.301030 	 -0.301030 
 rs0605 	 8.405213 	 0.065390 	 0.196171 
 rs0609 	 8.437908 	 0.065390 	 0.032695 
 rs0610 	 8.601384 	 0.032695 	 0.032695 
 rs0612 	 8.961030 	 0.301030 	 -0.301030 
 rs0615 	 8.405213 	 0.032695 	 0.098085 
 rs0618 	 8.405213 	 0.065390 	 0.098085 
 rs0620 	 8.405213 	 0.065390 	 0.065390 
 rs0623 	 8.372518 	 0.065390 	 0.065390 
 rs0627 	 8.535994 	 0.098085 	 0.098085 
 rs0631 	 8.372518 	 0.065390 	 0.032695 
 rs0636 	 8.535994 	 0.032695 	 0.032695 
 rs0638 	 8.732164 	 0.228866 	 0.098085 
 rs0640 	 8.274433 	 0.000000 	 0.000000 
 rs0644 	 8.405213 	 0.065390 	 0.065390 
 rs0645 	 8.470603 	 0.065390 	 0.228866 
 rs0650 	 8.961030 	 0.301030 	 -0.301030 
 rs1337 	 8.961030 	 0.301030 	 -0.301030 
 rs0656 	 8.470603 	 0.032695 	 0.032695 
 rs0657 	 8.437908 	 0.065390 	 0.065390 
 rs0660 	 8.961030 	 0.301030 	 -0.301030 
 rs0669 	 8.830249 	 0.098085 	 0.098085 
 rs0671 	 8.405213 	 0.065390 	 0.065390 
 rs0672 	 8.568689 	 0.000000 	 0.032695 
 rs0678 	 8.405213 	 0.065390 	 0.065390 
 rs0679 	 8.961030 	 0.301030 	 -0.301030 
 rs0688 	 8.830249 	 0.065390 	 0.065390 
 rs0700 	 8.437908 	 0.065390 	 0.065390 
 rs0708 	 8.961030 	 0.301030 	 -0.301030 
 rs0710 	 8.372518 	 0.065390 	 0.098085 
 rs0712 	 8.339823 	 0.065390 	 0.098085 
 rs0719 	 8.961030 	 1.602060 	 0.000000 
 rs0722 	 8.405213 	 0.032695 	 0.098085 
 rs0731 	 8.339823 	 0.032695 	 0.065390 
 rs0736 	 8.372518 	 0.065390 	 0.098085 
 rs0742 	 8.274433 	 0.000000 	 0.032695 
 rs0741 	 8.961030 	 0.301030 	 -0.301030 
 rs0744 	 8.470603 	 0.032695 	 0.065390 
 rs0743 	 8.307128 	 0.098085 	 0.098085 
 rs0745 	 8.961030 	 0.301030 	 -0.301030 
 rs0751 	 8.961030 	 0.301030 	 -0.301030 
 rs0754 	 8.470603 	 0.098085 	 0.130780 
 rs0740 	 8.339823 	 0.065390 	 0.098085 
 rs0758 	 8.470603 	 0.065390 	 0.065390 
 rs0752 	 8.405213 	 0.098085 	 0.098085 
 rs0757 	 8.764859 	 0.098085 	 0.196171 
 rs0756 	 8.405213 	 0.065390 	 0.032695 
 rs0764 	 8.470603 	 0.065390 	 0.065390 
 rs0763 	 8.437908 	 0.065390 	 0.098085 
 rs0774 	 8.372518 	 0.065390 	 0.098085 
 rs0775 	 8.372518 	 0.065390 	 0.065390 
 rs0781 	 8.961030 	 0.301030 	 -0.301030 
 rs0776 	 8.372518 	 0.032695 	 0.065390 
 rs0779 	 8.961030 	 0.301030 	 -0.301030 
 rs0794 	 8.503298 	 0.098085 	 0.163476 
 rs0802 	 8.372518 	 0.065390 	 0.065390 
 rs0800 	 8.437908 	 0.065390 	 0.065390 
 rs1339 	 8.961030 	 0.301030 	 -0.301030 
 rs1338 	 8.470603 	 0.098085 	 0.130780 
 rs0824 	 8.961030 	 0.301030 	 -0.301030 
 rs0834 	 8.470603 	 0.065390 	 0.032695 
 rs1340 	 8.307128 	 0.032695 	 0.098085 
 rs0840 	 8.241738 	 0.000000 	 0.032695 
 rs0839 	 8.961030 	 0.301030 	 -0.301030 
 rs0845 	 8.470603 	 0.065390 	 0.098085 
 rs0846 	 8.405213 	 0.065390 	 0.065390 
 rs0855 	 8.961030 	 0.301030 	 -0.301030 
 rs0850 	 8.307128 	 0.000000 	 0.032695 
 rs0843 	 8.470603 	 0.098085 	 0.163476 
 rs0869 	 8.961030 	 0.301030 	 -0.301030 
 rs0871 	 8.274433 	 0.032695 	 0.000000 
 rs0882 	 8.634079 	 0.065390 	 0.065390 
 rs0895 	 8.339823 	 0.065390 	 0.098085 
 rs0891 	 8.568689 	 0.065390 	 0.098085 
 rs0888 	 8.961030 	 0.301030 	 -0.301030 
 rs0896 	 8.568689 	 0.032695 	 0.000000 
 rs0897 	 8.405213 	 0.032695 	 0.065390 
 rs0922 	 8.437908 	 0.065390 	 0.130780 
 rs0974 	 8.961030 	 0.301030 	 -0.301030 
 rs0962 	 8.372518 	 0.032695 	 0.098085 
 rs1354 	 8.535994 	 0.032695 	 0.000000 
 rs0767 	 8.372518 	 0.130780 	 0.163476 
 rs0768 	 8.405213 	 0.065390 	 0.065390 
 rs0738 	 8.372518 	 0.032695 	 0.098085 
 rs0734 	 8.961030 	 0.301030 	 -0.301030 
 rs0727 	 8.961030 	 0.301030 	 -0.301030 
 rs0726 	 8.372518 	 0.065390 	 0.098085 
 rs0724 	 8.961030 	 0.301030 	 -0.301030 
 rs0782 	 8.961030 	 0.301030 	 -0.301030 
 rs0778 	 8.372518 	 0.032695 	 0.065390 
 rs0777 	 8.176347 	 0.032695 	 0.032695 
 rs0784 	 8.601384 	 0.000000 	 0.032695 
 rs0788 	 8.961030 	 0.301030 	 -0.301030 
 rs0795 	 8.241738 	 0.032695 	 0.000000 
 rs0797 	 8.961030 	 0.301030 	 -0.301030 
 rs0798 	 8.961030 	 0.301030 	 -0.301030 
 rs0799 	 8.339823 	 0.098085 	 0.098085 
 rs0832 	 8.209043 	 0.032695 	 0.032695 
 rs0827 	 8.568689 	 0.032695 	 0.032695 
 rs0828 	 8.372518 	 0.065390 	 0.130780 
 rs0804 	 8.078262 	 0.000000 	 0.000000 
 rs0812 	 8.961030 	 0.301030 	 -0.301030 
 rs0810 	 8.372518 	 0.065390 	 0.098085 
 rs0811 	 8.961030 	 0.301030 	 -0.301030 
 rs0809 	 8.961030 	 0.301030 	 -0.301030 
 rs0808 	 8.961030 	 0.301030 	 -0.301030 
 rs0806 	 8.961030 	 0.301030 	 -0.301030 
 rs0876 	 8.078262 	 0.032695 	 0.000000 
 rs1343 	 8.307128 	 0.032695 	 0.032695 
 rs0860 	 8.405213 	 0.065390 	 0.163476 
 rs0842 	 8.176347 	 0.000000 	 0.032695 
 rs0847 	 8.961030 	 0.301030 	 -0.301030 
 rs0866 	 8.568689 	 0.098085 	 0.098085 
 rs0857 	 8.045567 	 0.000000 	 0.000000 
 rs0853 	 8.437908 	 0.098085 	 0.163476 
 rs0867 	 8.143652 	 0.000000 	 0.000000 
 rs0868 	 8.961030 	 0.301030 	 -0.301030 
 rs0870 	 8.143652 	 0.000000 	 0.032695 
 rs0906 	 8.961030 	 0.301030 	 -0.301030 
 rs0893 	 8.307128 	 0.065390 	 0.032695 
 rs0880 	 8.437908 	 0.032695 	 0.032695 
 rs0879 	 8.961030 	 0.261561 	 0.000000 
 rs0875 	 8.503298 	 0.032695 	 0.000000 
 rs0872 	 8.470603 	 0.065390 	 0.098085 
 rs0900 	 8.961030 	 0.301030 	 -0.301030 
 rs0923 	 8.372518 	 0.098085 	 0.098085 
 rs0919 	 8.372518 	 0.065390 	 0.098085 
 rs0908 	 8.176347 	 0.032695 	 0.032695 
 rs0907 	 8.437908 	 0.098085 	 0.098085 
 rs0915 	 8.241738 	 0.032695 	 0.065390 
 rs0917 	 8.078262 	 0.000000 	 0.000000 
 rs0916 	 8.405213 	 0.032695 	 0.065390 
 rs0920 	 8.437908 	 0.098085 	 0.098085 
 rs0921 	 8.535994 	 0.098085 	 0.130780 
 rs0932 	 8.372518 	 0.065390 	 0.065390 
 rs0926 	 8.307128 	 0.065390 	 0.065390 
 rs0930 	 8.405213 	 0.065390 	 0.032695 
 rs0934 	 8.405213 	 0.032695 	 0.065390 
 rs0945 	 8.535994 	 0.098085 	 0.130780 
 rs0944 	 8.339823 	 0.032695 	 0.032695 
 rs0968 	 8.274433 	 0.065390 	 0.130780 
 rs0953 	 8.961030 	 0.301030 	 -0.301030 
 rs1347 	 8.961030 	 0.301030 	 -0.301030 
 rs0976 	 8.274433 	 0.065390 	 0.065390 
 rs0975 	 8.437908 	 0.065390 	 0.065390 
 rs0978 	 8.961030 	 0.301030 	 -0.301030 
 rs0967 	 8.961030 	 0.301030 	 -0.301030 
 rs0970 	 8.339823 	 0.000000 	 0.032695 
 rs0958 	 8.961030 	 0.301030 	 -0.301030 
 rs0959 	 8.241738 	 0.065390 	 0.065390 
 rs0981 	 8.209043 	 0.000000 	 0.000000 
 rs0984 	 8.961030 	 0.301030 	 -0.301030 
 rs0985 	 8.209043 	 0.000000 	 0.000000 
 rs0983 	 8.241738 	 0.000000 	 0.032695 
 rs0790 	 8.307128 	 0.065390 	 0.098085 
 rs0793 	 8.503298 	 0.098085 	 0.065390 
 rs1342 	 8.961030 	 0.301030 	 -0.301030 
 rs0873 	 8.634079 	 0.065390 	 0.065390 
 rs0910 	 8.895640 	 0.196171 	 0.065390 
 rs0909 	 8.372518 	 0.032695 	 0.065390 
 rs0933 	 8.339823 	 0.065390 	 0.065390 
 rs0935 	 8.372518 	 0.065390 	 0.065390 
 rs0936 	 8.961030 	 0.301030 	 -0.301030 
 rs1345 	 8.961030 	 0.301030 	 -0.301030 
 rs0954 	 8.634079 	 0.032695 	 0.032695 
 rs1348 	 8.503298 	 0.032695 	 0.098085 
 rs0957 	 8.110957 	 0.000000 	 0.032695 
 rs0950 	 8.209043 	 0.000000 	 0.000000 
 rs0946 	 8.535994 	 0.130780 	 0.196171 
 rs0941 	 8.405213 	 0.065390 	 0.098085 
 rs1346 	 8.274433 	 0.098085 	 0.130780 
 rs0979 	 8.274433 	 0.098085 	 0.163476 
 rs0980 	 8.339823 	 0.000000 	 0.000000 
 rs1353 	 8.961030 	 0.301030 	 -0.301030 
 rs1350 	 8.437908 	 0.065390 	 0.098085 
 rs1351 	 8.961030 	 0.301030 	 -0.301030 
 rs1349 	 8.503298 	 0.000000 	 0.000000 
 rs0960 	 8.307128 	 0.098085 	 0.098085 
 rs0982 	 8.241738 	 0.098085 	 0.065390 
 rs0833 	 8.961030 	 0.301030 	 -0.301030 
 rs0831 	 8.339823 	 0.000000 	 0.032695 
 rs0818 	 8.307128 	 0.032695 	 0.065390 
 rs0822 	 8.176347 	 0.065390 	 0.032695 
 rs0821 	 8.078262 	 0.000000 	 0.000000 
 rs0823 	 8.961030 	 0.301030 	 -0.301030 
 rs0816 	 8.307128 	 0.098085 	 0.098085 
 rs0814 	 8.012872 	 0.000000 	 0.000000 
 rs0815 	 8.339823 	 0.065390 	 0.032695 
 rs0820 	 8.176347 	 0.000000 	 0.032695 
 rs0805 	 8.045567 	 0.000000 	 0.032695 
 rs1518 	 8.732164 	 0.130780 	 0.065390 
 rs1000 	 8.535994 	 0.032695 	 0.032695 
 rs1002 	 8.405213 	 0.098085 	 0.326951 
 rs1033 	 8.961030 	 0.301030 	 -0.301030 
 rs1034 	 8.372518 	 0.065390 	 0.065390 
 rs1074 	 8.209043 	 0.000000 	 0.000000 
 rs1081 	 8.405213 	 0.032695 	 0.065390 
 rs1109 	 8.961030 	 0.301030 	 -0.301030 
 rs1110 	 8.372518 	 0.032695 	 0.032695 
 rs1111 	 8.961030 	 0.301030 	 -0.301030 
 rs1114 	 8.372518 	 0.032695 	 0.000000 
 rs1116 	 8.961030 	 0.301030 	 -0.301030 
 rs1134 	 8.568689 	 0.032695 	 0.098085 
 rs1159 	 8.372518 	 0.065390 	 0.065390 
 rs1163 	 8.961030 	 0.301030 	 -0.301030 
 rs1175 	 8.339823 	 0.098085 	 0.130780 
 rs1202 	 8.405213 	 0.065390 	 0.065390 
 rs1036 	 8.961030 	 0.301030 	 -0.301030 
 rs1260 	 8.339823 	 0.098085 	 0.130780 
 rs1261 	 8.209043 	 0.032695 	 0.032695 
 rs1472 	 8.732164 	 0.098085 	 0.032695 
 rs1473 	 8.961030 	 0.301030 	 -0.301030 
 rs0989 	 8.961030 	 0.301030 	 -0.301030 
 rs1355 	 8.961030 	 0.301030 	 -0.301030 
 rs0991 	 8.961030 	 0.301030 	 -0.301030 
 rs0997 	 8.961030 	 0.301030 	 -0.301030 
 rs0998 	 8.110957 	 0.000000 	 0.000000 
 rs1015 	 8.110957 	 0.000000 	 0.000000 
 rs1026 	 8.241738 	 0.065390 	 0.032695 
 rs1038 	 8.372518 	 0.032695 	 0.032695 
 rs1437 	 8.961030 	 0.301030 	 -0.301030 
 rs1491 	 8.961030 	 0.301030 	 -0.301030 
 rs1449 	 8.961030 	 0.301030 	 -0.301030 
 rs0988 	 8.895640 	 0.261561 	 0.065390 
 rs1119 	 8.339823 	 0.065390 	 0.098085 
 rs1121 	 8.961030 	 0.301030 	 -0.301030 
 rs1122 	 8.961030 	 0.301030 	 -0.301030 
 rs1004 	 8.961030 	 0.301030 	 -0.301030 
 rs1005 	 8.568689 	 0.032695 	 0.000000 
 rs1010 	 8.339823 	 0.000000 	 0.000000 
 rs1075 	 8.961030 	 0.301030 	 -0.301030 
 rs1093 	 8.535994 	 0.000000 	 0.000000 
 rs1178 	 8.961030 	 0.301030 	 -0.301030 
 rs1297 	 8.961030 	 0.301030 	 -0.301030 
 rs1446 	 8.405213 	 0.065390 	 0.130780 
 rs1086 	 8.601384 	 0.000000 	 0.000000 
 rs0996 	 8.372518 	 0.065390 	 0.130780 
 rs1001 	 8.241738 	 0.000000 	 0.000000 
 rs1117 	 8.339823 	 0.032695 	 0.065390 
 rs1185 	 8.961030 	 0.301030 	 -0.301030 
 rs1003 	 8.503298 	 0.130780 	 0.130780 
 rs1394 	 8.110957 	 0.000000 	 0.032695 
 rf0058 	 8.437908 	 0.065390 	 0.065390 
 rf0526 	 8.209043 	 0.065390 	 0.065390 
 rf0024 	 8.503298 	 0.065390 	 0.098085 
 rs1054 	 8.143652 	 0.065390 	 0.098085 
 rs1219 	 8.961030 	 0.301030 	 -0.301030 
 rs1245 	 8.405213 	 0.098085 	 0.065390 
 rf0530 	 8.078262 	 0.000000 	 0.000000 
 rs1025 	 8.961030 	 0.301030 	 -0.301030 
 rf0053 	 8.961030 	 0.301030 	 -0.301030 
 rf0051 	 8.274433 	 0.098085 	 0.098085 
 rs1264 	 8.961030 	 0.301030 	 -0.301030 
 rs1143 	 8.372518 	 0.065390 	 0.065390 
 rs1361 	 8.307128 	 0.032695 	 0.065390 
 rs1398 	 8.961030 	 0.301030 	 -0.301030 
 rs1399 	 8.961030 	 0.301030 	 -0.301030 
 rs1409 	 8.601384 	 0.032695 	 0.000000 
 rs1291 	 8.961030 	 0.301030 	 -0.301030 
 rf0022 	 8.437908 	 0.000000 	 0.000000 
 rs1259 	 8.961030 	 0.301030 	 -0.301030 
 rs1018 	 8.437908 	 0.098085 	 0.130780 
 rs1028 	 8.470603 	 0.065390 	 0.065390 
 rs1031 	 8.437908 	 0.098085 	 0.098085 
 rs1032 	 8.307128 	 0.032695 	 0.065390 
 rs1062 	 8.961030 	 0.301030 	 -0.301030 
 rs1063 	 8.078262 	 0.000000 	 0.032695 
 rs1064 	 8.961030 	 0.301030 	 -0.301030 
 rs1068 	 8.437908 	 0.065390 	 0.163476 
 rs1084 	 8.405213 	 0.065390 	 0.065390 
 rs1157 	 8.339823 	 0.032695 	 0.065390 
 rs1162 	 8.732164 	 0.065390 	 0.032695 
 rs1395 	 8.405213 	 0.032695 	 0.065390 
 rs1211 	 8.372518 	 0.000000 	 0.032695 
 rs1364 	 8.961030 	 0.301030 	 -0.301030 
 rs1217 	 8.634079 	 0.098085 	 0.098085 
 rs1218 	 8.666774 	 0.032695 	 0.032695 
 rs1221 	 8.372518 	 0.098085 	 0.098085 
 rs1366 	 8.535994 	 0.032695 	 0.032695 
 rs1223 	 8.372518 	 0.098085 	 0.065390 
 rs1230 	 8.666774 	 0.032695 	 0.032695 
 rs1371 	 8.372518 	 0.065390 	 0.163476 
 rs1373 	 8.307128 	 0.098085 	 0.130780 
 rs1235 	 8.666774 	 0.065390 	 0.065390 
 rs1377 	 8.961030 	 0.301030 	 -0.301030 
 rs1385 	 8.372518 	 0.032695 	 0.032695 
 rs1396 	 8.241738 	 0.032695 	 0.065390 
 rs1397 	 8.405213 	 0.065390 	 0.065390 
 rs1401 	 8.241738 	 0.032695 	 0.032695 
 rs1257 	 8.143652 	 0.000000 	 0.000000 
 rs1262 	 8.372518 	 0.098085 	 0.065390 
 rs1293 	 8.961030 	 0.301030 	 -0.301030 
 rs1298 	 8.372518 	 0.065390 	 0.032695 
 rs1303 	 8.241738 	 0.130780 	 0.588512 
 rs1305 	 8.078262 	 0.000000 	 0.000000 
 rs1310 	 8.405213 	 0.065390 	 0.098085 
 rs1393 	 8.307128 	 0.032695 	 0.032695 
 rf0006 	 8.437908 	 0.032695 	 0.098085 
 rf0010 	 8.961030 	 0.301030 	 -0.301030 
 rf0012 	 8.339823 	 0.065390 	 0.098085 
 rf0013 	 8.961030 	 0.301030 	 -0.301030 
 rf0014 	 8.405213 	 0.098085 	 0.098085 
 rf0015 	 8.961030 	 0.301030 	 -0.301030 
 rs1106 	 8.961030 	 0.301030 	 -0.301030 
 rs1108 	 8.339823 	 0.098085 	 0.098085 
 rs1112 	 8.961030 	 0.301030 	 -0.301030 
 rs1126 	 8.961030 	 0.301030 	 -0.301030 
 rs1029 	 8.405213 	 0.065390 	 0.065390 
 rs1030 	 8.307128 	 0.032695 	 0.032695 
 rs1035 	 8.209043 	 0.000000 	 0.032695 
 rs1040 	 8.339823 	 0.098085 	 0.130780 
 rs1047 	 8.405213 	 0.065390 	 0.065390 
 rs1050 	 8.307128 	 0.065390 	 0.065390 
 rs1052 	 8.274433 	 0.000000 	 0.000000 
 rs1055 	 8.372518 	 0.032695 	 0.065390 
 rs1057 	 8.961030 	 0.301030 	 -0.301030 
 rs1065 	 8.405213 	 0.065390 	 0.098085 
 rs1072 	 8.437908 	 0.065390 	 0.065390 
 rs1382 	 8.339823 	 0.032695 	 0.065390 
 rs1149 	 8.274433 	 0.098085 	 0.098085 
 rs1150 	 8.470603 	 0.000000 	 0.000000 
 rs1165 	 8.405213 	 0.032695 	 0.065390 
 rs1278 	 8.961030 	 0.301030 	 -0.301030 
 rs1405 	 8.339823 	 0.098085 	 0.098085 
 rs1267 	 8.961030 	 0.301030 	 -0.301030 
 rf0150 	 8.961030 	 0.301030 	 -0.301030 
 rs1270 	 8.961030 	 0.301030 	 -0.301030 
 rf0049 	 8.372518 	 0.098085 	 0.098085 
 rs1271 	 8.339823 	 0.032695 	 0.065390 
 rf0573 	 8.372518 	 0.098085 	 0.098085 
 rf0129 	 8.405213 	 0.032695 	 0.098085 
 rs1152 	 8.961030 	 0.301030 	 -0.301030 
 rs1168 	 8.961030 	 0.301030 	 -0.301030 
 rs1187 	 8.961030 	 0.301030 	 -0.301030 
 rf0540 	 8.961030 	 0.301030 	 -0.301030 
 rs1378 	 8.405213 	 0.065390 	 0.098085 
 rs1387 	 8.339823 	 0.032695 	 0.065390 
 rs1302 	 8.339823 	 0.098085 	 0.098085 
 rs0995 	 8.961030 	 0.301030 	 -0.301030 
 rs1391 	 8.437908 	 0.032695 	 0.032695 
 rf0136 	 8.601384 	 0.130780 	 0.130780 
 rs1006 	 8.209043 	 0.000000 	 0.000000 
 rs1017 	 8.274433 	 0.065390 	 0.065390 
 rf0048 	 8.339823 	 0.065390 	 0.065390 
 rs1268 	 8.961030 	 0.301030 	 -0.301030 
 rf0554 	 8.209043 	 0.065390 	 0.098085 
 rs1266 	 8.961030 	 0.301030 	 -0.301030 
 rf0042 	 8.274433 	 0.065390 	 0.065390 
 rf0037 	 8.961030 	 0.301030 	 -0.301030 
 rf0108 	 8.176347 	 0.032695 	 0.000000 
 rf0527 	 8.307128 	 0.065390 	 0.098085 
 rf0109 	 8.405213 	 0.065390 	 0.032695 
 rs1169 	 8.961030 	 0.301030 	 -0.301030 
 rs1183 	 8.535994 	 0.098085 	 0.163476 
 rs1384 	 8.143652 	 0.000000 	 0.000000 
 rs1383 	 8.961030 	 0.301030 	 -0.301030 
 rs1248 	 8.961030 	 0.301030 	 -0.301030 
 rs1191 	 8.961030 	 0.301030 	 -0.301030 
 rf0099 	 8.307128 	 0.032695 	 0.065390 
 rf0549 	 8.274433 	 0.098085 	 0.098085 
 rf0076 	 8.372518 	 0.065390 	 0.065390 
 rs1272 	 8.372518 	 0.065390 	 0.065390 
 rf0561 	 8.405213 	 0.098085 	 0.065390 
 rf0041 	 8.961030 	 0.301030 	 -0.301030 
 rs1265 	 8.339823 	 0.032695 	 0.065390 
 rs1123 	 8.961030 	 0.301030 	 -0.301030 
 rs1132 	 8.307128 	 0.065390 	 0.065390 
 rf0062 	 8.961030 	 0.301030 	 -0.301030 
 rs1023 	 8.961030 	 0.301030 	 -0.301030 
 rf0564 	 8.470603 	 0.065390 	 0.098085 
 rf0065 	 8.339823 	 0.032695 	 0.065390 
 rf0102 	 8.372518 	 0.098085 	 0.163476 
 rf0531 	 8.176347 	 0.065390 	 0.032695 
 rs1087 	 8.437908 	 0.065390 	 0.130780 
 rs1103 	 8.078262 	 0.000000 	 0.000000 
 rs1105 	 8.372518 	 0.032695 	 0.065390 
 rf0023 	 8.339823 	 0.065390 	 0.098085 
 rf0111 	 8.372518 	 0.032695 	 0.065390 
 rs1128 	 8.176347 	 0.032695 	 0.000000 
 rs1129 	 8.568689 	 0.032695 	 0.000000 
 rs1142 	 8.405213 	 0.065390 	 0.065390 
 rs1145 	 8.470603 	 0.065390 	 0.032695 
 rs1151 	 8.405213 	 0.098085 	 0.163476 
 rs1156 	 8.274433 	 0.032695 	 0.032695 
 rf0517 	 8.307128 	 0.098085 	 0.098085 
 rf0524 	 8.339823 	 0.098085 	 0.130780 
 rs1210 	 8.568689 	 0.130780 	 0.163476 
 rf0518 	 8.307128 	 0.915463 	 0.392341 
 rs1224 	 8.405213 	 0.065390 	 0.163476 
 rs1386 	 8.961030 	 0.301030 	 -0.301030 
 rs1375 	 8.045567 	 0.000000 	 0.000000 
 rs1381 	 8.176347 	 0.032695 	 0.032695 
 rs1250 	 8.699469 	 0.032695 	 0.065390 
 rf0125 	 8.961030 	 0.301030 	 -0.301030 
 rs1277 	 8.274433 	 0.000000 	 0.065390 
 rf0126 	 8.961030 	 0.301030 	 -0.301030 
 rf0128 	 8.503298 	 0.065390 	 0.065390 
 rf0026 	 8.143652 	 0.032695 	 0.000000 
 rs1020 	 8.339823 	 0.065390 	 0.098085 
 rs1102 	 8.961030 	 0.301030 	 -0.301030 
 rs1118 	 8.961030 	 0.301030 	 -0.301030 
 rs1131 	 8.961030 	 0.301030 	 -0.301030 
 rs1138 	 8.503298 	 0.065390 	 0.065390 
 rs1188 	 8.176347 	 0.000000 	 0.032695 
 rs1192 	 8.339823 	 0.098085 	 0.098085 
 rf0118 	 8.339823 	 0.065390 	 0.130780 
 rs1372 	 8.601384 	 0.065390 	 0.032695 
 rs1016 	 8.961030 	 0.301030 	 -0.301030 
 rf0079 	 8.405213 	 0.065390 	 0.130780 
 rf0084 	 8.437908 	 0.098085 	 0.098085 
 rs1060 	 8.961030 	 0.301030 	 -0.301030 
 rf0537 	 8.209043 	 0.065390 	 0.098085 
 rf0148 	 8.666774 	 0.032695 	 0.065390 
 rs1229 	 8.372518 	 0.000000 	 0.032695 
 rf0162 	 8.241738 	 0.032695 	 0.032695 
 rf0060 	 8.339823 	 0.032695 	 0.065390 
 rs1236 	 8.405213 	 0.065390 	 0.032695 
 rf0077 	 8.209043 	 0.000000 	 0.000000 
 rf0072 	 8.045567 	 0.000000 	 0.000000 
 rf0083 	 8.372518 	 0.065390 	 0.098085 
 rf0532 	 8.209043 	 0.065390 	 0.032695 
 rf0064 	 8.209043 	 0.032695 	 0.032695 
 rf0092 	 8.961030 	 0.301030 	 -0.301030 
 rs1082 	 8.961030 	 0.301030 	 -0.301030 
 rs1083 	 8.961030 	 0.301030 	 -0.301030 
 rf0017 	 8.339823 	 0.032695 	 0.032695 
 rf0045 	 8.274433 	 0.065390 	 0.032695 
 rf0138 	 8.961030 	 0.301030 	 -0.301030 
 rf0055 	 8.961030 	 0.196171 	 0.000000 
 rf0547 	 8.176347 	 0.065390 	 0.032695 
 rf0207 	 8.372518 	 0.065390 	 0.098085 
 rf0550 	 8.176347 	 0.032695 	 0.032695 
 rf0528 	 8.241738 	 0.098085 	 0.098085 
 rf0225 	 8.110957 	 0.032695 	 0.000000 
 rf0534 	 8.274433 	 0.098085 	 0.098085 
 rf0143 	 8.405213 	 0.065390 	 0.065390 
 rf0007 	 8.666774 	 0.098085 	 0.098085 
 rf0576 	 8.241738 	 0.065390 	 0.032695 
 rf0551 	 8.274433 	 0.098085 	 0.098085 
 rf0061 	 8.503298 	 0.098085 	 0.130780 
 rf0553 	 8.274433 	 0.098085 	 0.163476 
 rf0104 	 8.274433 	 0.065390 	 0.065390 
 rf0107 	 8.339823 	 0.065390 	 0.065390 
 rf0043 	 8.405213 	 0.032695 	 0.000000 
 rs1059 	 8.503298 	 0.065390 	 0.065390 
 rf0105 	 8.307128 	 0.065390 	 0.032695 
 rs1070 	 8.961030 	 0.301030 	 -0.301030 
 rf0132 	 8.961030 	 0.301030 	 -0.301030 
 rs1076 	 8.503298 	 0.065390 	 0.098085 
 rs1080 	 8.470603 	 0.098085 	 0.359646 
 rf0133 	 8.535994 	 0.000000 	 0.032695 
 rf0113 	 8.634079 	 0.065390 	 0.098085 
 rf0040 	 8.961030 	 0.301030 	 -0.301030 
 rs1125 	 8.437908 	 0.065390 	 0.065390 
 rf0520 	 8.339823 	 0.098085 	 0.098085 
 rs1135 	 8.372518 	 0.130780 	 0.130780 
 rs1137 	 8.961030 	 0.301030 	 -0.301030 
 rf0294 	 8.961030 	 0.301030 	 -0.301030 
 rs1359 	 8.961030 	 0.301030 	 -0.301030 
 rf0543 	 8.209043 	 0.065390 	 0.130780 
 rs1406 	 8.437908 	 0.065390 	 0.032695 
 rs1154 	 8.961030 	 0.301030 	 -0.301030 
 rf0016 	 8.634079 	 0.032695 	 0.032695 
 rf0516 	 8.307128 	 0.065390 	 0.065390 
 rs1164 	 8.176347 	 0.065390 	 0.098085 
 rs1170 	 8.437908 	 0.098085 	 0.065390 
 rs1171 	 8.961030 	 0.301030 	 -0.301030 
 rs1172 	 8.176347 	 0.000000 	 0.032695 
 rf0068 	 8.307128 	 0.130780 	 0.130780 
 rs1177 	 8.372518 	 0.098085 	 0.130780 
 rs1179 	 8.961030 	 0.301030 	 -0.301030 
 rs1182 	 8.437908 	 0.065390 	 0.065390 
 rs1184 	 8.307128 	 0.032695 	 0.065390 
 rs1388 	 8.307128 	 0.130780 	 0.098085 
 rs1190 	 8.503298 	 0.032695 	 0.000000 
 rs1197 	 8.961030 	 0.301030 	 -0.301030 
 rs1198 	 8.961030 	 0.301030 	 -0.301030 
 rs1200 	 8.339823 	 0.065390 	 0.065390 
 rs1362 	 8.470603 	 0.065390 	 0.065390 
 rf0070 	 8.209043 	 0.065390 	 0.065390 
 rs1205 	 8.961030 	 0.301030 	 -0.301030 
 rs1207 	 8.961030 	 0.301030 	 -0.301030 
 rs1208 	 8.339823 	 0.130780 	 0.098085 
 rs1209 	 8.961030 	 0.301030 	 -0.301030 
 rs1212 	 8.405213 	 0.065390 	 0.065390 
 rs1213 	 8.797554 	 0.196171 	 0.065390 
 rs1214 	 8.961030 	 0.301030 	 -0.301030 
 rf0011 	 8.470603 	 0.065390 	 0.098085 
 rs1220 	 8.961030 	 0.301030 	 -0.301030 
 rs1222 	 8.405213 	 0.098085 	 0.098085 
 rf0555 	 8.143652 	 0.032695 	 0.000000 
 rf0036 	 8.307128 	 0.098085 	 0.098085 
 rs1226 	 8.895640 	 0.130780 	 0.065390 
 rs1370 	 8.372518 	 0.065390 	 0.032695 
 rf0117 	 8.437908 	 0.032695 	 0.065390 
 rf0121 	 8.078262 	 0.000000 	 0.032695 
 rf0621 	 8.012872 	 0.098085 	 0.098085 
 rs1389 	 8.241738 	 0.000000 	 0.000000 
 rf0579 	 8.209043 	 0.032695 	 0.000000 
 rs1403 	 8.339823 	 0.032695 	 0.065390 
 rs1404 	 8.666774 	 0.032695 	 0.000000 
 rs1283 	 8.307128 	 0.098085 	 0.098085 
 rs1296 	 8.143652 	 0.032695 	 0.032695 
 rf0134 	 8.372518 	 0.032695 	 0.065390 
 rs1091 	 8.961030 	 0.301030 	 -0.301030 
 rf0246 	 8.078262 	 0.032695 	 0.000000 
 rf0127 	 8.405213 	 0.000000 	 0.000000 
 rf0317 	 8.405213 	 0.065390 	 0.065390 
 rf0073 	 8.961030 	 0.301030 	 -0.301030 
 rf0577 	 8.339823 	 0.098085 	 0.130780 
 rf0533 	 8.405213 	 0.065390 	 0.032695 
 rf0028 	 8.405213 	 0.065390 	 0.130780 
 rf0029 	 8.274433 	 0.000000 	 0.032695 
 rf0030 	 8.470603 	 0.065390 	 0.065390 
 rf0031 	 8.961030 	 0.301030 	 -0.301030 
 rf0032 	 8.503298 	 0.065390 	 0.065390 
 rf0033 	 8.372518 	 0.098085 	 0.098085 
 rf0536 	 8.961030 	 0.301030 	 -0.301030 
 rf0034 	 8.274433 	 0.032695 	 0.065390 
 rf0539 	 8.307128 	 0.065390 	 0.065390 
 rf0574 	 8.176347 	 0.000000 	 0.032695 
 rs1254 	 8.634079 	 0.032695 	 0.032695 
 rs1092 	 8.568689 	 0.032695 	 0.065390 
 rs1098 	 8.339823 	 0.032695 	 0.065390 
 rs1100 	 8.961030 	 0.301030 	 -0.301030 
 rs1104 	 8.437908 	 0.065390 	 0.098085 
 rf0158 	 8.601384 	 0.065390 	 0.065390 
 rs1124 	 8.437908 	 0.098085 	 0.098085 
 rs1147 	 8.372518 	 0.098085 	 0.098085 
 rs1079 	 8.470603 	 0.032695 	 0.098085 
 rs1195 	 8.437908 	 0.032695 	 0.000000 
 rf0071 	 8.961030 	 0.301030 	 -0.301030 
 rf0119 	 8.372518 	 0.065390 	 0.098085 
 rf0123 	 8.307128 	 0.098085 	 0.130780 
 rs1294 	 8.535994 	 0.032695 	 0.065390 
 rs1292 	 8.470603 	 0.098085 	 0.228866 
 rs1290 	 8.209043 	 0.032695 	 0.032695 
 rs1289 	 8.339823 	 0.065390 	 0.032695 
 rs1286 	 8.437908 	 0.065390 	 0.065390 
 rf0620 	 8.339823 	 0.098085 	 0.130780 
 rs1284 	 8.110957 	 0.000000 	 0.032695 
 rf0074 	 8.634079 	 0.098085 	 0.130780 
 rs1408 	 8.437908 	 0.065390 	 0.130780 
 rs1043 	 8.143652 	 0.032695 	 0.032695 
 rf0545 	 8.372518 	 0.098085 	 0.130780 
 rs1053 	 8.143652 	 0.000000 	 0.000000 
 rs1048 	 8.961030 	 0.301030 	 -0.301030 
 rf0623 	 8.339823 	 0.098085 	 0.098085 
 rs1046 	 8.535994 	 0.000000 	 0.000000 
 rs1045 	 8.503298 	 0.098085 	 0.065390 
 rs1021 	 8.405213 	 0.065390 	 0.065390 
 rs1014 	 8.078262 	 0.000000 	 0.000000 
 rf0616 	 8.405213 	 0.098085 	 0.130780 
 rs1011 	 8.405213 	 0.065390 	 0.065390 
 rf0582 	 8.307128 	 0.098085 	 0.130780 
 rf0164 	 8.961030 	 0.301030 	 -0.301030 
 rf0249 	 8.961030 	 0.301030 	 -0.301030 
 rf0250 	 8.078262 	 0.000000 	 0.000000 
 rf0326 	 8.339823 	 0.065390 	 0.130780 
 rf0684 	 8.961030 	 0.301030 	 -0.301030 
 rf0340 	 8.209043 	 0.000000 	 0.032695 
 rf0612 	 8.535994 	 0.032695 	 0.032695 
 rf0221 	 8.634079 	 0.000000 	 0.032695 
 rf0283 	 8.961030 	 0.301030 	 -0.301030 
 rf0229 	 8.405213 	 0.065390 	 0.065390 
 rf0241 	 8.078262 	 0.032695 	 0.032695 
 rf0263 	 8.961030 	 0.301030 	 -0.301030 
 rf0264 	 8.961030 	 0.301030 	 -0.301030 
 rf0295 	 8.535994 	 0.000000 	 0.032695 
 rf0315 	 8.961030 	 0.301030 	 -0.301030 
 rf0316 	 8.470603 	 0.065390 	 0.065390 
 rs1304 	 8.241738 	 0.065390 	 0.065390 
 rf0303 	 8.405213 	 0.065390 	 0.098085 
 rs1301 	 8.830249 	 0.130780 	 0.065390 
 rs1282 	 8.568689 	 0.000000 	 0.032695 
 rs1299 	 8.307128 	 0.065390 	 0.065390 
 rf0314 	 8.307128 	 0.098085 	 0.163476 
 rf0318 	 8.274433 	 0.163476 	 0.130780 
 rf0267 	 8.961030 	 0.301030 	 -0.301030 
 rf0166 	 8.634079 	 0.000000 	 0.000000 
 rf0319 	 8.601384 	 0.000000 	 0.000000 
 rs1258 	 8.274433 	 0.000000 	 0.000000 
 rs1281 	 8.372518 	 0.098085 	 0.065390 
 rf0333 	 8.961030 	 0.301030 	 -0.301030 
 rf0223 	 8.961030 	 0.301030 	 -0.301030 
 rf0259 	 8.437908 	 0.098085 	 0.098085 
 rf0227 	 8.437908 	 0.098085 	 0.098085 
 rf0338 	 8.307128 	 0.032695 	 0.065390 
 rf0279 	 8.339823 	 0.130780 	 0.196171 
 rf0234 	 8.372518 	 0.032695 	 0.065390 
 rf0580 	 8.405213 	 0.098085 	 0.065390 
 rf0157 	 8.110957 	 0.000000 	 0.032695 
 rf0167 	 8.961030 	 0.301030 	 -0.301030 
 rf0237 	 8.961030 	 0.301030 	 -0.301030 
 rf0586 	 8.437908 	 0.098085 	 0.163476 
 rf0284 	 8.209043 	 0.032695 	 0.032695 
 rf0236 	 8.372518 	 0.065390 	 0.098085 
 rf0169 	 8.372518 	 0.065390 	 0.065390 
 rf0171 	 8.961030 	 0.301030 	 -0.301030 
 rf0173 	 8.961030 	 0.301030 	 -0.301030 
 rf0238 	 8.405213 	 0.098085 	 0.065390 
 rf0638 	 8.535994 	 0.065390 	 0.065390 
 rf0175 	 8.372518 	 0.065390 	 0.065390 
 rf0587 	 8.372518 	 0.065390 	 0.065390 
 rf0328 	 8.503298 	 0.065390 	 0.130780 
 rf0176 	 8.961030 	 0.301030 	 -0.301030 
 rf0291 	 8.470603 	 0.032695 	 0.065390 
 rf0177 	 8.405213 	 0.032695 	 0.065390 
 rf0292 	 8.961030 	 0.301030 	 -0.301030 
 rf0179 	 8.241738 	 0.000000 	 0.032695 
 rf0242 	 8.961030 	 0.301030 	 -0.301030 
 rf0181 	 8.372518 	 0.098085 	 0.130780 
 rs1307 	 8.961030 	 0.301030 	 -0.301030 
 rs1280 	 8.405213 	 0.065390 	 0.065390 
 rf0335 	 8.274433 	 0.032695 	 0.163476 
 rf0297 	 8.961030 	 0.301030 	 -0.301030 
 rf0596 	 8.437908 	 0.098085 	 0.065390 
 rf0240 	 8.078262 	 0.032695 	 0.000000 
 rf0251 	 8.961030 	 0.301030 	 -0.301030 
 rf0190 	 8.437908 	 0.000000 	 0.032695 
 rf0268 	 8.405213 	 0.098085 	 0.098085 
 rf0332 	 8.176347 	 0.032695 	 0.000000 
 rf0192 	 8.437908 	 0.065390 	 0.065390 
 rf0193 	 8.535994 	 0.065390 	 0.098085 
 rf0195 	 8.405213 	 0.032695 	 0.065390 
 rf0197 	 8.372518 	 0.032695 	 0.065390 
 rf0201 	 8.961030 	 0.301030 	 -0.301030 
 rf0205 	 8.961030 	 0.301030 	 -0.301030 
 rf0622 	 8.274433 	 0.098085 	 0.098085 
 rf0239 	 8.961030 	 0.301030 	 -0.301030 
 rf0206 	 8.568689 	 0.065390 	 0.065390 
 rf0339 	 8.961030 	 0.301030 	 -0.301030 
 rf0210 	 8.405213 	 0.032695 	 0.032695 
 rf0631 	 8.110957 	 0.000000 	 0.032695 
 rf0342 	 8.470603 	 0.065390 	 0.065390 
 rf0634 	 8.241738 	 0.065390 	 0.130780 
 rf0265 	 8.209043 	 0.032695 	 0.000000 
 rf0343 	 8.961030 	 0.301030 	 -0.301030 
 rf0331 	 8.437908 	 0.065390 	 0.065390 
 rf0217 	 8.339823 	 0.032695 	 0.000000 
 rf0244 	 8.666774 	 1.307804 	 0.130780 
 rf0180 	 8.961030 	 0.301030 	 -0.301030 
 rf0226 	 8.372518 	 0.065390 	 0.098085 
 rf0280 	 8.241738 	 0.032695 	 0.032695 
 rf0300 	 8.372518 	 0.032695 	 0.065390 
 rf0306 	 8.307128 	 0.065390 	 0.065390 
 rf0286 	 8.601384 	 0.000000 	 0.032695 
 rf0271 	 8.732164 	 0.065390 	 0.032695 
 rf0262 	 8.241738 	 0.098085 	 0.163476 
 rf0272 	 8.339823 	 0.032695 	 0.065390 
 rf0277 	 8.601384 	 0.032695 	 0.032695 
 rf0235 	 8.405213 	 0.098085 	 0.098085 
 rf0003 	 8.961030 	 0.301030 	 -0.301030 
 rf0258 	 8.961030 	 0.301030 	 -0.301030 
 rf0002 	 8.961030 	 0.301030 	 -0.301030 
 rf0312 	 8.961030 	 0.301030 	 -0.301030 
 rf0515 	 8.961030 	 0.301030 	 -0.301030 
 rf0298 	 8.405213 	 0.032695 	 0.065390 
 rf0313 	 8.078262 	 0.000000 	 0.000000 
 rf0642 	 8.078262 	 0.000000 	 0.000000 
 rf0299 	 8.372518 	 0.065390 	 0.098085 
 rf0643 	 8.045567 	 0.000000 	 0.032695 
 rf0649 	 8.961030 	 0.301030 	 -0.301030 
 rf0646 	 8.209043 	 0.098085 	 0.196171 
 rf0001 	 8.339823 	 0.098085 	 0.065390 
 rf0650 	 8.176347 	 0.065390 	 0.032695 
 rf0654 	 8.372518 	 0.065390 	 0.065390 
 rs1276 	 8.961030 	 0.301030 	 -0.301030 
 rs1300 	 8.666774 	 0.065390 	 0.032695 
 rf0256 	 8.961030 	 0.301030 	 -0.301030 
 rf0309 	 8.961030 	 0.301030 	 -0.301030 
 rf0653 	 8.241738 	 0.065390 	 0.032695 
 rf0305 	 8.437908 	 0.065390 	 0.098085 
 rf0655 	 8.274433 	 0.098085 	 0.098085 
 rf0308 	 8.405213 	 0.098085 	 0.098085 
 rf0311 	 8.339823 	 0.098085 	 0.163476 
 rf0266 	 8.078262 	 0.000000 	 0.000000 
 rf0627 	 8.209043 	 0.065390 	 0.130780 
 rf0247 	 8.961030 	 0.301030 	 -0.301030 
 rf0248 	 8.961030 	 0.301030 	 -0.301030 
 rf0585 	 8.274433 	 0.065390 	 0.065390 
 rf0663 	 8.110957 	 0.032695 	 0.000000 
 rf0320 	 8.241738 	 0.032695 	 0.000000 
 rf0327 	 8.928335 	 1.503975 	 0.032695 
 rf0670 	 8.372518 	 0.065390 	 0.098085 
 rf0252 	 8.372518 	 0.098085 	 0.098085 
 rf0253 	 8.961030 	 0.294256 	 0.000000 
 rf0154 	 8.961030 	 0.301030 	 -0.301030 
 rf0607 	 8.405213 	 0.065390 	 0.032695 
 rf0156 	 8.503298 	 0.098085 	 0.163476 
 rf0630 	 8.078262 	 0.032695 	 0.032695 
 rf0287 	 8.961030 	 0.301030 	 -0.301030 
 rf0322 	 8.437908 	 0.098085 	 0.098085 
 rf0628 	 8.241738 	 0.032695 	 0.032695 
 rf0204 	 8.241738 	 0.000000 	 0.000000 
 rf0257 	 8.339823 	 0.098085 	 0.065390 
 rf0685 	 8.339823 	 0.065390 	 0.098085 
 rf0669 	 8.241738 	 0.098085 	 0.098085 
 rf0674 	 8.274433 	 0.065390 	 0.130780 
 rf0680 	 8.176347 	 0.065390 	 0.065390 
 rf0668 	 8.176347 	 0.065390 	 0.032695 
 rf0324 	 8.961030 	 0.301030 	 -0.301030 
 rf0329 	 8.634079 	 0.032695 	 0.065390 
 rf0683 	 8.176347 	 0.065390 	 0.098085 
 rf0661 	 8.209043 	 0.065390 	 0.098085 
 rf0325 	 8.961030 	 0.301030 	 -0.301030 
