# name, zfit, zerr_up, zerr_down

rf0780      7.35897      1.04624      0.00000

rf0433      8.33982     0.392341     0.359646

rf0446      8.96103      0.00000     0.196171

rf0447      8.83025    0.0653902     0.196171

rf0448      8.33982     0.392341     0.228866

rf0456      8.20904     0.326951     0.490427

rf0462      7.65323     0.588512     0.294256

rf0463      8.86294    0.0653902     0.196171

rf0779      8.50330     0.196171     0.130780

rf0376      8.37252     0.392341     0.326951

rf0377      8.89564    0.0326951    0.0653902

rf0378      8.43791     0.196171    0.0980853

rf0383      8.92834    0.0326951     0.196171

rf0384      7.48975     0.653902     0.130780

rf0706      8.40521     0.425036     0.228866

rf0707      8.40521     0.294256     0.228866

rf0386      8.63408     0.130780     0.163476

rf0387      8.37252     0.425036     0.261561

rf0391      7.71862     0.490427     0.359646

rf0711      8.83025     0.130780      1.47128

rf0397      8.60138     0.130780     0.163476

rf0398      8.76486    0.0980853     0.228866

rf0399      8.30713     0.326951     0.261561

rf0400      8.96103      0.00000    0.0980853

rf0405      8.83025    0.0653902     0.196171

rf0414      8.01287     0.326951     0.653902

rf0741      7.68592     0.588512     0.326951

rf0415      8.56869     0.326951     0.196171

rf0465      8.11096     0.326951     0.621207

rf0466      8.27443     0.359646     0.261561

rf0471      8.20904     0.392341     0.588512

rf0765      7.35897     0.784682      0.00000

rf0773      7.35897     0.817378      0.00000

rf0774      7.55514     0.653902     0.196171

rf0500      8.20904     0.163476     0.228866

rf0781      7.58784     0.621207     0.228866

rf0782      8.14365     0.457731     0.784682

rf0720      8.27443     0.294256     0.196171

rf0724      8.83025     0.130780      1.47128

rf0402      8.83025     0.130780      1.47128

rf0403      8.47060     0.163476     0.261561

rf0365      7.35897     0.850073      0.00000

rf0367      7.35897     0.817378      0.00000

rf0372      8.14365     0.196171     0.457731

rf0374      8.30713     0.294256     0.261561

rf0375      8.33982     0.261561     0.163475

rf0388      8.63408    0.0326951     0.163476

rf0392      7.94748     0.294256     0.588512

rf0394      8.92834    0.0326951     0.130780

rf0395      8.92834    0.0326951     0.130780

rf0396      8.53599     0.392341     0.163476

rf0719      8.96103      0.00000      1.60206

rf0401      7.35897     0.719292      0.00000

rf0725      7.58784     0.555817     0.228866

rf0730      8.56869     0.392341     0.261561

rf0346      8.96103      0.00000    0.0980853

rf0348      8.69947    0.0653902     0.130780

rf0688      8.20904     0.196171     0.555817

rf0689      8.96103      0.00000      1.60206

rf0351      8.30713     0.261561     0.163476

rf0353      8.17635     0.228866     0.653902

rf0690      7.35897     0.817378      0.00000

rf0692      7.52245     0.719292     0.163476

rf0354      8.96103      0.00000     0.228866

rf0693      7.39166     0.882768    0.0326951

rf0358      8.17635     0.359646     0.621207

rf0363      8.14365     0.228866     0.751987

rf0364      8.43791     0.392341     0.163475

rf0366      8.83025     0.130780      1.47128

rf0368      8.04557     0.326951     0.588512

rf0694      8.30713     0.457731     0.294256

rf0370      8.24174     0.228866     0.523122

rf0695      7.35897     0.980853      0.00000

rf0696      8.83025     0.130780      1.47128

rf0373      8.96103     -1.60206      1.60206

rf0697      7.58784     0.621207     0.228866

rf0701      7.52245     0.653902     0.163476

rf0702      7.35897     0.686597      0.00000

rf0381      8.24174     0.326951     0.653902

rf0703      7.35897     0.719292      0.00000

rf0385      8.24174     0.326951     0.425036

rf0776      7.42436     0.719292    0.0653902

rf0495      8.20904     0.130780     0.163476

rf0496      7.42436      1.40589    0.0653902

rf0777      7.35897     0.653902      0.00000

rf0778      7.35897     0.817378      0.00000

rf0499      8.96103      0.00000      1.60206

rf0502      8.17635     0.784682     0.817378

rf0503      8.96103      0.00000      1.60206

rf0784      8.76486     0.196171     0.196171

rf0785      8.30713     0.261561     0.163476

rf0789      7.35897     0.817378      0.00000

rf0505      8.96103      0.00000      1.60206

rf0506      8.47060     0.425036     0.457731

rf0792      7.78401     0.555817     0.326951

rf0507      8.17635     0.359646     0.555817

rf0510      8.96103     -1.60206      1.60206

rf0513      8.60138     0.326951     0.163476

rf0795      7.45706     0.588512    0.0980853

rf0796      7.65323    0.0326951    0.0326952

rf0797      7.62053     0.588512     0.261561

rf0290      8.92834      0.00000     0.130780

rf0323      8.40521     0.425036     0.196171

rf0453      8.17635     0.359646     0.490426

rf0763      7.42436     0.850073    0.0653902

rf0436      8.04557     0.425036     0.686597

rf0439      7.35897     0.784682      0.00000

rf0441      8.07826     0.261561     0.719292

rf0476      8.14365     0.326951     0.588512

rf0477      8.14365     0.686597     0.621207

rf0771      8.60138     0.326951     0.196171

rf0487      8.96103      0.00000     0.294256

rf0488      8.96103      0.00000      1.60206

rf0756      7.35897     0.751987      0.00000

rf0413      8.27443     0.425036     0.261561

rf0723      8.04557     0.359646     0.457731

rf0427      8.43791     0.392341     0.163475

rf0464      8.07826     0.196171     0.719292

rf0430      7.78401     0.490426     0.425036

rf0761      7.42436     0.751987    0.0653902

rf0750      8.14365     0.359646     0.653902

rf0432      8.14365     0.326951     0.490426

rf0434      8.07826     0.294256     0.653902

rf0788      7.65323     0.621207     0.294256

rf0712      8.66677     0.261561      1.30780

rf0729      8.30713     0.425036     0.490427

rf0731      7.35897     0.784682      0.00000

rf0419      8.07826     0.228866     0.719292

rf0425      8.37252     0.359646     0.228866

rf0753      7.52245     0.588512     0.163476

rf0435      8.40521    0.0980853     0.751987

rf0454      8.07826     0.294256     0.621207

rf0455      8.20904     0.130780     0.163476

rf0762      8.43791     0.130780     0.359646

rf0467      8.24174     0.425036     0.457731

rf0479      8.01287     0.261561     0.653902

rf0714      8.04557     0.326951     0.555817

rf0412      7.78401     0.490426     0.196171

rf0717      8.14365     0.392341     0.653902

rf0718      8.24174     0.228866     0.621207

rf0444      8.37252    0.0980853     0.326951

rf0705      8.24174     0.294256     0.588512

rf0713      7.71862     0.490427     0.359646

rf0473      8.37252     0.425036     0.294256

rf0480      7.91479     0.359646     0.555817

rf0482      8.83025     0.130780      1.47128

rf0485      7.42436     0.719292    0.0653902

rf0474      8.11096     0.228866     0.751987

rf0772      7.35897     0.523122      0.00000

rf0775      7.42436     0.392341    0.0653902

rf0428      7.71862     0.457731     0.294256

rf0764      7.58784     0.653902     0.228866

rf0460      8.86294    0.0653902     0.261561

rf0461      8.24174     0.261561     0.490426

rf0791      7.52245     0.653902     0.163476

rf0728      7.71862     0.653902     0.359646

rf0745      7.39166     0.523122    0.0326951

rf0748      8.96103      0.00000     0.130780

rf0431      7.42436     0.621207    0.0653902

rf0459      7.58784     0.621207     0.228866

rf0440      8.20904     0.653902     0.588512

rf0393      7.42436     0.751987    0.0653902

rf0749      7.45706     0.686597    0.0980853

rs0002      8.30713     0.359646     0.261561

rs0003      8.96103      0.00000      1.60206

rs0004      7.75131     0.523122     0.326951

rs0005      8.20904     0.392341     0.850073

rs1314      8.53599     0.163475     0.130780

rs0006      8.17635     0.588512     0.653902

rs0007      8.07826     0.326951     0.621207

rs0009      7.48975     0.719292     0.130780

rs0010      8.04557     0.294256     0.490427

rs0011      7.75131     0.523122     0.359646

rs0012      8.33982     0.392341     0.523122

rs0013      8.20904     0.425036     0.392341

rs0014      8.30713     0.261561    0.0980853

rs0015      7.35897     0.817378      0.00000

rs0018      8.56869     0.392341     0.261561

rs0019      8.60138     0.326951     0.196171

rs0021      8.96103      0.00000      1.60206

rs0022      8.53599    0.0653901     0.228866

rs0023      8.73216     0.196171     0.359646

rs0029      8.79755    0.0980854     0.196171

rs0030      8.37252     0.130780     0.130780

rs0032      8.96103      0.00000     0.163476

rs0035      8.07826     0.261561     0.719292

rs0037      7.68592     0.523122     0.326951

rs0039      7.65323     0.588512     0.294256

rs0040      8.11096     0.392341     0.490426

rs0041      8.69947    0.0980853     0.523122

rs0042      8.33982     0.523122     0.326951

rs0043      8.83025     0.130780      1.47128

rs0044      8.50330     0.326951     0.228866

rs0045      7.84940     0.261561     0.294256

rs0046      8.89564    0.0326951     0.425036

rs1315      8.30713     0.163476     0.130780

rs0048      8.53599     0.326951     0.196171

rs0049      8.96103      0.00000    0.0980853

rs1316      8.50330     0.359646     0.261561

rs0050      8.60138     0.326951     0.163476

rs0051      8.66677     0.261561     0.196171

rs0052      8.37252     0.326951     0.196171

rs0053      8.92834    0.0326951     0.196171

rs0054      8.14365     0.359646     0.686597

rs0055      8.86294    0.0653902     0.228866

rs0056      8.30713     0.359646     0.261561

rs0057      8.11096     0.392341     0.751987

rs1317      8.69947     0.261561     0.653902

rs0060      8.01287     0.326951     0.653902

rs1318      8.11096     0.784682     0.751987

rs1319      8.92834    0.0326951     0.163476

rs0062      7.75131     0.457731     0.326951

rs0063      8.24174     0.392341     0.359646

rs0064      8.43791     0.163476     0.130780

rs0065      8.07826     0.326951     0.555817

rs0066      7.35897     0.751987      0.00000

rs0068      8.11096     0.326951     0.523122

rs0070      7.68592     0.555817     0.326951

rs0074      8.40521     0.326951     0.196171

rs0077      8.89564    0.0653901     0.228866

rs0080      8.96103      0.00000    0.0653901

rs0081      8.73216     0.196171      1.37319

rs0082      7.45706     0.686597    0.0980853

rs0083      7.65323     0.163475     0.261561

rs0084      8.83025     0.130780      1.47128

rs0085      8.24174     0.359646     0.392341

rs0088      8.11096     0.294256     0.588512

rs0087      8.47060     0.130780     0.163476

rs0089      8.86294    0.0653902     0.228866

rs0090      8.11096     0.294256     0.751987

rs0092      8.83025     0.130780      1.47128

rs0093      8.86294    0.0653902     0.163476

rs0094      8.79755     0.130780     0.555817

rs0095      7.35897     0.915463      0.00000

rs0096      8.86294    0.0653902     0.196171

rs0097      8.17635     0.457731     0.588512

rs0098      8.11096     0.817378     0.130780

rs0104      8.56869     0.326951     0.163476

rs0105      7.68592     0.555817     0.326951

rs0107      8.96103      0.00000      1.60206

rs0109      7.71862     0.196171     0.163476

rs0111      7.45706     0.686597    0.0980853

rs1321      8.96103      0.00000      1.60206

rs1322      7.35897     0.882768      0.00000

rs0113      8.56869    0.0980853     0.196171

rs0114      8.43791     0.425036     0.163475

rs0118      8.33982     0.392341     0.228866

rs0120      8.33982     0.228866    0.0980853

rs0121      8.56869     0.326951     0.163476

rs0122      8.14365     0.359646     0.686597

rs0124      7.42436     0.751987    0.0653902

rs0125      8.96103     -1.60206      1.60206

rs0126      8.43791     0.392341     0.163475

rs0127      8.79755     0.130780     0.196171

rs0128      8.66677     0.261561     0.196171

rs0129      8.92834    0.0326951     0.130780

rs0130      7.94748     0.392341     0.588512

rs0132      7.48975     0.621207     0.130780

rs0133      8.53599    0.0653901     0.228866

rs0134      8.60138    0.0653902     0.196171

rs0135      8.50330     0.359646     0.196171

rs0136      8.63408      0.00000     0.228866

rs0137      8.30713     0.261561     0.196171

rs0138      7.68592     0.555817     0.326951

rs0139      7.65323     0.457731     0.294256

rs0140      7.35897     0.882768      0.00000

rs0141      7.78401     0.457731     0.294256

rs0142      8.60138    0.0653902    0.0980853

rs0143      8.92834    0.0326951     0.196171

rs0145      8.37252     0.130780     0.130780

rs0146      8.20904     0.228866     0.490427

rs0147      8.37252     0.326951     0.555817

rs0148      8.96103      0.00000    0.0653901

rs0149      8.17635     0.392341     0.457731

rs1323      8.20904     0.228866     0.425036

rs1324      8.53599     0.163475     0.130780

rs0150      7.62053     0.523122     0.261561

rs0151      8.11096     0.326951     0.653902

rs0152      7.78401     0.490426     0.392341

rs0154      7.65323     0.588512     0.294256

rs1325      8.83025     0.130780      1.47128

rs0155      8.47060     0.392341     0.196171

rs0156      8.24174     0.163476     0.555817

rs0159      8.66677      0.00000     0.228866

rs0161      8.14365     0.294256     0.621207

rs0163      8.37252     0.130780     0.130780

rs0165      8.27443     0.392341     0.555817

rs0166      8.79755    0.0980854     0.196171

rs0167      8.20904     0.523122     0.621207

rs0168      8.01287     0.261561     0.653902

rs0170      8.14365     0.326951     0.621207

rs0171      8.20904     0.326951     0.588512

rs0172      8.27443     0.425036     0.294256

rs0173      7.71862     0.555817     0.294256

rs0174      7.75131     0.523122     0.359646

rs0175      8.50330     0.326951     0.228866

rs0177      7.35897      1.47128      0.00000

rs0178      8.96103      0.00000     0.196171

rs0179      8.79755     0.163476     0.130780

rs0180      8.37252     0.392341     0.196171

rs0181      8.96103      0.00000     0.130780

rs0182      8.40521     0.392341     0.196171

rs0183      8.92834    0.0326951     0.261561

rs0188      8.30713     0.130780     0.326951

rs0190      8.89564    0.0326951     0.228866

rs0191      8.47060    0.0653902     0.294256

rs0193      8.37252     0.392341     0.196171

rs0194      8.83025    0.0653902     0.261561

rs0196      8.14365     0.751987     0.784682

rs0201      8.96103      0.00000      1.60206

rs0202      7.68592     0.523122     0.294256

rs0203      8.43791     0.163476     0.130780

rs0206      8.92834    0.0326951     0.261561

rs0209      8.89564    0.0326951     0.228866

rs0210      7.91479     0.392341     0.555817

rs0211      8.89564    0.0653901     0.163476

rs0212      8.04557     0.294256     0.490427

rs0214      8.47060     0.359646     0.196171

rs0215      7.55514     0.621207     0.196171

rs0218      8.83025     0.130780      1.47128

rs0220      8.14365     0.196171     0.784682

rs0221      8.56869     0.326951     0.163476

rs0222      8.86294    0.0653902     0.196171

rs0223      8.86294    0.0653902     0.196171

rs0225      8.30713     0.163476     0.163476

rs0226      8.17635     0.228866     0.621207

rs0227      8.89564    0.0653901     0.163476

rs0228      7.78401     0.555817     0.294256

rs0231      8.24174     0.425036     0.523122

rs1329      7.52245     0.653902     0.163476

rs0236      7.58784     0.588512     0.228866

rs0237      8.63408    0.0326951     0.228866

rs0239      7.75131     0.653902     0.196171

rs0240      8.96103      0.00000     0.457731

rs0241      8.33982     0.457731     0.326951

rs0242      8.33982     0.425036     0.196171

rs0243      8.69947     0.163476     0.163475

rs0244      7.75131     0.359646     0.228866

rs0246      8.47060     0.130780     0.719292

rs0247      7.52245     0.425036     0.163476

rs0250      8.53599     0.359646     0.196171

rs0253      8.86294    0.0653902     0.228866

rs0255      8.24174     0.294256     0.653902

rs0256      8.53599     0.163475     0.425036

rs0257      8.04557     0.326951     0.457731

rs0259      8.50330     0.130780     0.163476

rs0260      8.92834    0.0326951     0.130780

rs0261      8.53599     0.130780     0.196171

rs0262      8.07826     0.261561     0.555817

rs0263      8.83025    0.0980853     0.196171

rs0264      8.14365     0.261561     0.784682

rs0266      8.47060    0.0980853     0.228866

rs0267      8.83025     0.130780      1.47128

rs0268      8.83025     0.130780      1.47128

rs0269      8.27443     0.457731     0.588512

rs0270      8.89564    0.0326951     0.196171

rs0272      8.17635     0.359646     0.490426

rs0273      8.17635     0.359646     0.490426

rs0274      8.27443     0.392341     0.294256

rs0275      8.83025     0.130780      1.47128

rs0276      8.17635     0.294256     0.457731

rs0277      7.68592     0.621207     0.326951

rs1330      7.65323     0.523122     0.294256

rs0280      8.47060    0.0653902     0.228866

rs0282      8.43791     0.163476     0.163475

rs0283      8.20904     0.425036     0.425036

rs0285      7.75131     0.555817     0.326951

rs0289      8.27443     0.392341     0.294256

rs0290      7.71862     0.588512     0.359646

rs0291      7.62053     0.555817     0.261561

rs0292      8.20904     0.425036     0.621207

rs0297      7.98018     0.326951     0.621207

rs0302      7.55514     0.555817     0.196171

rs0303      7.52245     0.523122     0.163476

rs0306      8.27443     0.196171     0.196171

rs0308      8.56869     0.326951     0.196171

rs0310      8.76486     0.163476     0.261561

rs1331      7.62053     0.621207     0.261561

rs0313      8.56869     0.359646     0.326951

rs0314      8.30713     0.392341     0.261561

rs0315      8.83025     0.130780      1.47128

rs0316      8.47060     0.130780     0.228866

rs0318      8.76486    0.0653902      1.40589

rs0320      8.89564    0.0326951     0.490427

rs0323      8.11096     0.326951     0.457731

rs0328      8.07826     0.359646     0.457731

rs0331      8.27443     0.490426     0.261561

rs0334      8.37252     0.294256     0.163476

rs0336      8.14365     0.326951     0.457731

rs0337      8.40521     0.228866     0.196171

rs0339      8.89564    0.0653901     0.228866

rs0340      8.37252     0.359646     0.228866

rs0341      8.20904     0.686597     0.621207

rs0342      8.04557     0.294256     0.686597

rs0343      8.11096     0.261561     0.621207

rs0344      8.17635     0.294256     0.621207

rs0345      7.39166     0.621207    0.0326951

rs0346      7.52245     0.653902     0.163476

rs0348      8.27443     0.163475     0.392341

rs0349      7.45706     0.523122    0.0980853

rs0350      8.43791     0.130780     0.196171

rs0351      8.89564    0.0326951     0.196171

rs0354      8.07826     0.294256     0.621207

rs0356      8.89564    0.0326951     0.196171

rs0358      8.30713     0.163476     0.163476

rs0362      8.92834    0.0326951     0.196171

rs0363      7.78401     0.555817     0.425036

rs0364      7.35897     0.784682      0.00000

rs0365      7.65323     0.588512     0.294256

rs0371      8.60138     0.326951     0.196171

rs0372      8.04557     0.326951     0.686597

rs0373      8.56869     0.261561     0.261561

rs0374      8.04557     0.294256     0.653902

rs0376      8.30713     0.392341     0.228866

rs0377      8.37252     0.392341     0.196171

rs0378      8.86294    0.0653902     0.196171

rs0380      8.76486     0.163476     0.228866

rs0381      8.96103      0.00000     0.882768

rs0382      8.92834    0.0326951     0.163476

rs0384      8.24174     0.425036     0.588512

rs0386      8.24174     0.588512     0.490426

rs0388      7.58784     0.523122     0.228866

rs0389      7.62053     0.228866     0.261561

rs0390      8.96103      0.00000     0.294256

rs0391      8.53599     0.359646     0.163476

rs0392      8.20904     0.588512     0.686597

rs0393      8.14365     0.261561     0.555817

rs0394      7.98018     0.261561     0.621207

rs0396      8.92834      0.00000     0.196171

rs0404      7.35897     0.686597      0.00000

rs0405      7.65323     0.555817     0.261561

rs0406      8.30713     0.326951     0.196171

rs0408      8.37252     0.294256     0.294256

rs0409      7.42436     0.588512    0.0653902

rs0411      7.75131     0.457731     0.359646

rs1332      7.81670     0.457731     0.392341

rs0415      7.35897     0.817378      0.00000

rs0416      7.35897     0.784682      0.00000

rs0418      7.68592     0.555817     0.326951

rs0419      8.37252     0.196171     0.261561

rs0420      8.96103      0.00000      1.60206

rs0421      7.48975     0.359646     0.130780

rs0422      7.48975     0.621207     0.130780

rs0424      7.68592     0.359646     0.228866

rs0425      8.20904     0.196171     0.228866

rs0427      7.75131     0.588512     0.326951

rs0428      8.17635     0.326951     0.457731

rs0429      7.94748     0.294256     0.523122

rs0430      7.48975     0.719292     0.130780

rs0432      7.75131     0.261561     0.392341

rs0433      8.30713     0.457731     0.359646

rs0434      8.14365     0.621207     0.719292

rs0435      7.71862     0.490427     0.359646

rs0437      8.27443     0.196171     0.490426

rs0440      8.40521     0.163476    0.0653902

rs0442      7.35897     0.686597      0.00000

rs0444      7.48975     0.523122     0.130780

rs0446      8.66677     0.130780     0.130780

rs1333      8.66677     0.130780     0.130780

rs1336      8.83025     0.130780      1.47128

rs0448      8.17635     0.163475     0.523122

rs0449      8.40521     0.163476     0.261561

rs0450      8.56869    0.0326951     0.130780

rs0451      8.27443     0.163475     0.130780

rs0452      8.47060     0.130780     0.163476

rs0453      8.96103      0.00000     0.359646

rs0454      8.79755     0.163476      1.43858

rs0456      8.24174     0.228866     0.294256

rs0457      7.35897     0.751987      0.00000

rs0460      7.75131     0.457731     0.392341

rs0463      8.60138    0.0980853     0.228866

rs0466      8.92834    0.0326951     0.359646

rs0467      7.75131     0.490426     0.392341

rs0468      8.79755     0.163476      1.43858

rs0469      8.14365     0.425036     0.784682

rs0470      7.58784     0.653902     0.228866

rs0472      7.42436     0.588512    0.0653902

rs0473      7.98018     0.261561     0.621207

rs0476      8.47060     0.326951     0.196171

rs0477      8.83025     0.130780      1.47128

rs0480      8.20904     0.359646     0.457731

rs0484      7.98018     0.326951     0.621207

rs0485      8.11096     0.294256     0.719292

rs0493      8.66677     0.228866     0.653902

rs0495      7.75131     0.523122     0.392341

rs0496      8.56869     0.326951     0.196171

rs0497      7.42436     0.850073    0.0653902

rs0498      8.89564    0.0653901     0.228866

rs0501      7.75131     0.555817     0.359646

rs0503      8.92834    0.0326951     0.196171

rs0505      8.96103      0.00000     0.523122

rs0508      7.94748     0.359646     0.588512

rs0513      8.30713     0.163476     0.719292

rs0516      8.11096     0.228866     0.523122

rs0517      8.53599     0.130780     0.196171

rs0519      8.37252     0.261561     0.261561

rs0520      8.20904     0.261561     0.588512

rs0521      8.27443     0.490426     0.228866

rs0522      8.53599     0.294256     0.196171

rs0524      8.01287     0.326951     0.490426

rs0526      8.30713     0.326951     0.490427

rs0528      8.96103      0.00000     0.130780

rs0529      8.27443     0.261561     0.653902

rs0531      8.92834    0.0326951     0.163476

rs0532      8.37252     0.163476     0.130780

rs0534      8.83025     0.130780      1.47128

rs0536      8.76486     0.163476     0.686597

rs0537      8.86294    0.0653902     0.196171

rs0538      8.76486     0.196171     0.751987

rs0541      8.89564    0.0326951     0.196171

rs0543      8.17635     0.326951     0.686597

rs0545      7.35897     0.751987      0.00000

rs0548      8.14365     0.653902     0.621207

rs0549      8.30713     0.294256     0.555817

rs0553      8.11096     0.294256     0.621207

rs0554      8.96103      0.00000    0.0326951

rs0555      8.69947     0.228866     0.228866

rs0556      7.35897     0.490426      0.00000

rs0559      8.50330     0.196171     0.457731

rs0560      8.73216     0.228866     0.196171

rs0561      8.89564    0.0326951     0.228866

rs0562      7.94748     0.392341     0.588512

rs0564      7.91479     0.392341     0.523122

rs0566      8.17635     0.425036     0.653902

rs0568      7.55514     0.555817     0.196171

rs0570      8.37252     0.457731     0.653902

rs0571      7.55514     0.588512     0.196171

rs0572      8.86294    0.0653902     0.196171

rs0573      7.98018     0.359646     0.621207

rs0574      8.86294    0.0653902     0.326951

rs0578      8.83025    0.0653902     0.228866

rs0580      8.66677     0.130780     0.163476

rs0582      8.43791    0.0326952     0.228866

rs0585      7.84940     0.490426     0.425036

rs0586      8.11096     0.490426     0.719292

rs0587      8.40521     0.425036     0.196171

rs0588      7.91479     0.392341     0.555817

rs0589      8.17635     0.621207     0.686597

rs0591      8.47060     0.130780     0.163476

rs0597      8.24174     0.392341     0.425036

rs0598      8.96103      0.00000     0.130780

rs0602      8.30713     0.425036     0.261561

rs0603      8.27443    0.0980853     0.490426

rs0605      8.56869     0.326951     0.196171

rs0609      7.78401     0.490426     0.196171

rs0610      8.73216    0.0980853     0.228866

rs0612      8.92834    0.0326951     0.130780

rs0615      8.47060     0.392341     0.163476

rs0618      8.14365     0.359646     0.719292

rs0620      8.14365     0.359646     0.457731

rs0623      7.65323     0.588512     0.294256

rs0627      8.43791     0.392341     0.163475

rs0631      8.04557     0.294256     0.490427

rs0636      8.47060     0.392341     0.163476

rs0638      8.56869     0.326951     0.163476

rs0640      8.17635     0.294256     0.523122

rs0644      7.78401     0.555817     0.359646

rs0645      8.50330     0.359646     0.196171

rs0650      8.60138    0.0326952     0.261561

rs1337      8.14365     0.719292     0.784682

rs0656      8.50330     0.359646     0.163476

rs0657      8.56869     0.163476     0.130780

rs0660      8.92834    0.0326951     0.163476

rs0669      8.96103      0.00000      1.60206

rs0671      8.20904     0.359646     0.392341

rs0672      8.53599    0.0326951     0.228866

rs0678      7.98018     0.326951     0.621207

rs0679      8.11096     0.228866     0.490426

rs0688      8.96103      0.00000    0.0980853

rs0700      7.71862     0.555817     0.359646

rs0708      8.56869    0.0326951     0.196171

rs0710      8.14365     0.326951     0.457731

rs0712      7.84940     0.392341     0.457731

rs0719      8.96103      0.00000     0.130780

rs0722      7.94748     0.392341     0.457731

rs0731      8.53599     0.326951     0.294256

rs0736      7.81670     0.457731     0.457731

rs0742      8.79755     0.130780     0.425036

rs0741      8.96103      0.00000    0.0980853

rs0744      8.76486    0.0980853     0.163476

rs0743      7.68592     0.523122     0.326951

rs0745      8.37252    0.0980853     0.294256

rs0751      8.47060     0.130780     0.130780

rs0754      8.43791     0.392341     0.196171

rs0740      8.27443     0.359646     0.588512

rs0758      8.56869     0.359646     0.163476

rs0752      8.83025    0.0326951     0.326951

rs0757      8.60138     0.326951     0.196171

rs0756      7.98018     0.359646     0.457731

rs0764      8.30713     0.425036     0.261561

rs0763      8.37252     0.326951     0.228866

rs0774      8.17635     0.326951     0.686597

rs0775      7.71862     0.555817     0.359646

rs0781      8.50330     0.130780     0.163476

rs0776      8.20904     0.392341     0.359646

rs0779      8.92834    0.0326951     0.555817

rs0794      8.37252     0.392341     0.228866

rs0802      7.81670     0.457731     0.359646

rs0800      7.58784     0.523122     0.228866

rs1339      8.83025     0.130780      1.47128

rs1338      8.30713     0.392341     0.196171

rs0824      8.83025     0.130780      1.47128

rs0834      8.60138     0.326951     0.196171

rs1340      7.52245     0.751987     0.163476

rs0840      8.30713     0.425036     0.490427

rs0839      8.43791     0.163476     0.130780

rs0845      8.37252     0.425036     0.294256

rs0846      8.04557     0.228866     0.490427

rs0855      8.50330     0.359646     0.196171

rs0850      8.69947     0.228866     0.228866

rs0843      8.53599     0.359646     0.196171

rs0869      8.27443     0.196171     0.490426

rs0871      8.40521     0.326951     0.326951

rs0882      8.83025     0.130780      1.47128

rs0895      7.58784     0.588512     0.228866

rs0891      8.63408     0.294256     0.196171

rs0888      8.53599     0.130780     0.130780

rs0896      8.83025     0.130780      1.47128

rs0897      8.40521     0.392341     0.163476

rs0922      8.30713     0.228866     0.163476

rs0974      8.96103      0.00000    0.0980853

rs0962      8.40521     0.392341     0.163476

rs1354      8.79755    0.0980854     0.326951

rs0767      7.88209     0.457731     0.523122

rs0768      8.40521     0.425036     0.228866

rs0738      8.40521     0.392341     0.196171

rs0734      8.37252     0.261561     0.163476

rs0727      8.56869     0.130780     0.392341

rs0726      8.04557     0.294256     0.686597

rs0724      8.89564    0.0326951     0.196171

rs0782      8.17635     0.457731     0.817378

rs0778      8.14365     0.294256     0.588512

rs0777      7.45706     0.784682    0.0980853

rs0784      8.92834    0.0326951     0.130780

rs0788      8.20904     0.196171     0.588512

rs0795      8.30713     0.261561     0.784682

rs0797      8.50330     0.130780     0.163476

rs0798      8.53599     0.130780     0.196171

rs0799      7.75131     0.751987     0.392341

rs0832      8.07826     0.294256     0.621207

rs0827      8.83025     0.130780      1.47128

rs0828      8.24174     0.392341     0.555817

rs0804      8.14365     0.261561     0.653902

rs0812      8.79755     0.130780     0.196171

rs0810      7.68592     0.523122     0.326951

rs0811      8.40521     0.163476     0.130780

rs0809      8.92834    0.0326951     0.196171

rs0808      8.83025     0.130780      1.47128

rs0806      8.69947     0.228866     0.196171

rs0876      8.14365     0.359646     0.784682

rs1343      7.94748     0.326951     0.588512

rs0860      8.83025     0.130780      1.47128

rs0842      7.58784     0.425036     0.228866

rs0847      8.53599     0.294256     0.163476

rs0866      8.50330     0.359646     0.196171

rs0857      7.35897     0.588512      0.00000

rs0853      8.20904     0.392341     0.425036

rs0867      8.04557     0.196171     0.686597

rs0868      8.50330     0.294256     0.196171

rs0870      8.17635     0.653902     0.719292

rs0906      8.20904     0.392341     0.555817

rs0893      8.11096     0.326951     0.653902

rs0880      8.50330     0.359646     0.196171

rs0879      8.53599     0.359646     0.228866

rs0875      8.40521     0.457731     0.228866

rs0872      7.98018     0.392341     0.588512

rs0900      8.83025     0.130780      1.47128

rs0923      7.48975     0.621207     0.130780

rs0919      7.68592     0.588512     0.326951

rs0908      7.48975     0.555817     0.130780

rs0907      8.24174     0.326951     0.392341

rs0915      7.45706     0.719292    0.0980853

rs0917      7.45706     0.751987    0.0980853

rs0916      8.30713     0.326951     0.621207

rs0920      8.14365     0.294256     0.523122

rs0921      8.89564    0.0653901     0.196171

rs0932      7.58784     0.588512     0.228866

rs0926      7.94748     0.359646     0.588512

rs0930      7.98018     0.359646     0.588512

rs0934      8.30713     0.359646     0.228866

rs0945      8.37252     0.425036     0.196171

rs0944      8.20904     0.392341     0.555817

rs0968      7.65323     0.523122     0.294256

rs0953      8.53599    0.0980853     0.163476

rs1347      8.96103      0.00000      1.60206

rs0976      7.42436     0.817377    0.0653902

rs0975      8.14365     0.326951     0.490426

rs0978      7.75131     0.196171     0.196171

rs0967      8.24174     0.196171     0.425036

rs0970      8.53599     0.326951     0.196171

rs0958      8.27443     0.490426     0.228866

rs0959      7.52245     0.751987     0.163476

rs0981      8.17635     0.294256     0.653902

rs0984      8.30713     0.163476     0.392341

rs0985      8.20904     0.392341     0.621207

rs0983      8.20904     0.425036     0.653902

rs0790      7.58784     0.653902     0.228866

rs0793      8.27443     0.392341     0.261561

rs1342      8.63408    0.0653901     0.196171

rs0873      8.89564    0.0326951     0.228866

rs0910      8.96103      0.00000    0.0980853

rs0909      7.71862     0.490427     0.294256

rs0933      8.14365     0.653902     0.784682

rs0935      8.37252     0.228866     0.130780

rs0936      8.37252     0.163476     0.130780

rs1345      8.83025    0.0653902     0.392341

rs0954      8.83025     0.130780      1.47128

rs1348      8.56869     0.294256     0.163476

rs0957      8.11096     0.228866     0.751987

rs0950      8.20904     0.359646     0.523122

rs0946      8.27443     0.425036     0.588512

rs0941      8.14365     0.326951     0.555817

rs1346      7.58784     0.621207     0.228866

rs0979      8.73216    0.0980853     0.359646

rs0980      8.96103      0.00000     0.130780

rs1353      8.69947     0.228866     0.228866

rs1350      8.83025     0.130780    0.0980853

rs1351      8.96103      0.00000     0.196171

rs1349      8.73216     0.228866      1.37319

rs0960      7.35897     0.817378      0.00000

rs0982      7.35897     0.588512      0.00000

rs0833      8.86294    0.0653902     0.130780

rs0831      8.63408     0.294256     0.196171

rs0818      8.04557     0.326951     0.588512

rs0822      7.35897     0.653902      0.00000

rs0821      8.20904     0.261561     0.588512

rs0823      8.96103      0.00000     0.130780

rs0816      7.48975     0.653902     0.130780

rs0814      7.55514     0.490427     0.196171

rs0815      8.04557     0.294256     0.686597

rs0820      7.68592     0.457731     0.326951

rs0805      7.35897     0.621207      0.00000

rs1518      8.83025    0.0653902    0.0980853

rs1000      8.79755    0.0980854     0.196171

rs1002      8.30713     0.392341     0.261561

rs1033      8.96103     -1.60206      1.60206

rs1034      8.17635     0.359646     0.653902

rs1074      8.04557     0.294256     0.555817

rs1081      8.17635     0.261561     0.555817

rs1109      8.83025     0.130780    0.0980853

rs1110      8.40521     0.392341     0.163476

rs1111      8.96103      0.00000      1.60206

rs1114      7.35897     0.621207      0.00000

rs1116      8.20904     0.196171     0.490427

rs1134      8.79755     0.163476      1.43858

rs1159      7.78401     0.523122     0.392341

rs1163      8.76486     0.196171     0.163476

rs1175      7.65323     0.555817     0.294256

rs1202      7.84940     0.425036     0.490426

rs1036      7.71862     0.196171     0.130780

rs1260      8.73216    0.0653901     0.686597

rs1261      8.20904     0.555817     0.588512

rs1472      8.83025    0.0653902    0.0980853

rs1473      8.92834    0.0326951    0.0653902

rs0989      8.27443     0.196171     0.163476

rs1355      8.79755     0.163476      1.43858

rs0991      8.89564    0.0326951     0.228866

rs0997      8.47060     0.326951     0.163476

rs0998      7.48975     0.686597     0.130780

rs1015      7.52245     0.555817     0.163476

rs1026      7.35897     0.915463      0.00000

rs1038      7.68592     0.523122     0.294256

rs1437      8.69947      0.00000     0.163475

rs1491      8.53599     0.196171     0.130780

rs1449      8.43791     0.196171     0.130780

rs0988      8.92834    0.0326951     0.294256

rs1119      8.01287     0.359646     0.653902

rs1121      8.27443     0.163475     0.196171

rs1122      8.73216     0.228866      1.37319

rs1004      8.60138    0.0326952     0.228866

rs1005      8.27443     0.130780     0.523122

rs1010      8.56869    0.0653902     0.196171

rs1075      8.66677    0.0653902     0.196171

rs1093      8.50330    0.0326952     0.228866

rs1178      8.69947     0.228866     0.294256

rs1297      8.14365     0.523122     0.653902

rs1446      8.11096     0.850073     0.751987

rs1086      8.96103      0.00000      1.60206

rs0996      7.75131     0.523122     0.392341

rs1001      8.60138     0.261561     0.457731

rs1117      8.92834    0.0326951     0.163476

rs1185      8.30713     0.163476     0.163476

rs1003      8.76486    0.0653902     0.196171

rs1394      8.96103      0.00000      1.60206

rf0058      8.33982     0.425036     0.228866

rf0526      8.50330    0.0980853     0.915463

rf0024      8.56869     0.326951     0.196171

rs1054      7.65323     0.555817     0.294256

rs1219      8.63408    0.0653901     0.228866

rs1245      7.71862     0.490427     0.359646

rf0530      8.17635     0.261561     0.686597

rs1025      8.53599    0.0326951     0.228866

rf0053      8.11096     0.196171     0.719292

rf0051      7.42436     0.719292    0.0653902

rs1264      8.11096     0.228866     0.653902

rs1143      7.65323     0.621207     0.294256

rs1361      7.75131     0.588512     0.359646

rs1398      8.27443     0.163475     0.359646

rs1399      8.33982     0.392341     0.392341

rs1409      8.96103      0.00000      1.60206

rs1291      8.24174     0.228866     0.588512

rf0022      8.43791     0.228866     0.261561

rs1259      8.24174     0.261561     0.425036

rs1018      8.83025     0.130780      1.47128

rs1028      8.37252     0.392341     0.196171

rs1031      8.24174     0.392341     0.588512

rs1032      7.98018     0.359646     0.621207

rs1062      8.50330     0.163476     0.130780

rs1063      7.52245     0.523122     0.163476

rs1064      8.47060     0.196171    0.0980853

rs1068      8.40521     0.392341     0.196171

rs1084      8.27443     0.392341     0.228866

rs1157      8.76486     0.196171     0.196171

rs1162      8.92834    0.0326951     0.261561

rs1395      8.33982     0.196171     0.130780

rs1211      8.53599    0.0326951     0.228866

rs1364      8.79755     0.163476      1.43858

rs1217      8.92834    0.0326951     0.196171

rs1218      8.40521    0.0653902     0.261561

rs1221      7.65323     0.621207     0.294256

rs1366      8.43791     0.359646     0.294256

rs1223      8.83025     0.130780      1.47128

rs1230      8.37252    0.0980853     0.130780

rs1371      8.11096     0.359646     0.457731

rs1373      8.14365     0.326951     0.653902

rs1235      7.35897     0.817378      0.00000

rs1377      8.43791    0.0980854     0.261561

rs1385      8.24174     0.326951     0.425036

rs1396      7.39166     0.751987    0.0326951

rs1397      8.27443     0.294256     0.326951

rs1401      7.62053     0.490426     0.261561

rs1257      8.07826     0.261561     0.719292

rs1262      8.07826     0.294256     0.653902

rs1293      8.76486     0.163476     0.392341

rs1298      8.14365     0.686597     0.653902

rs1303      8.47060     0.392341     0.294256

rs1305      8.27443     0.228866     0.850073

rs1310      8.14365     0.326951     0.457731

rs1393      7.35897     0.653902      0.00000

rf0006      8.17635     0.326951     0.490426

rf0010      7.65323     0.359646     0.294256

rf0012      7.65323     0.588512     0.294256

rf0013      8.30713    0.0653902     0.653902

rf0014      7.71862     0.457731     0.359646

rf0015      8.63408    0.0653901     0.196171

rs1106      7.68592    0.0980853    0.0980853

rs1108      8.24174     0.490427     0.882768

rs1112      8.60138     0.196171      1.24241

rs1126      8.79755     0.130780      1.17702

rs1029      8.24174     0.359646     0.392341

rs1030      7.55514     0.653902     0.196171

rs1035      8.17635     0.294256     0.621207

rs1040      8.04557     0.326951     0.686597

rs1047      8.01287     0.326951     0.425036

rs1050      8.79755     0.163476      1.43858

rs1052      7.81670     0.457731     0.228866

rs1055      8.07826     0.392341     0.621207

rs1057      8.56869    0.0326951     0.228866

rs1065      8.24174     0.392341     0.326951

rs1072      8.20904     0.326951     0.425036

rs1382      7.62053     0.555817     0.261561

rs1149      8.76486     0.196171     0.555817

rs1150      7.35897     0.817378      0.00000

rs1165      7.91479     0.392341     0.555817

rs1278      8.56869     0.392341     0.261561

rs1405      7.75131     0.457731     0.392341

rs1267      8.56869    0.0653902     0.196171

rf0150      8.56869    0.0980853     0.196171

rs1270      8.37252     0.294256     0.326951

rf0049      7.71862     0.588512     0.359646

rs1271      7.68592     0.490426     0.326951

rf0573      8.24174     0.359646     0.653902

rf0129      8.27443     0.359646     0.294256

rs1152      8.53599    0.0653901     0.228866

rs1168      8.76486      0.00000     0.294256

rs1187      8.33982     0.294256     0.980853

rf0540      8.66677      0.00000     0.261561

rs1378      8.24174     0.392341     0.359646

rs1387      8.96103      0.00000      1.60206

rs1302      7.35897     0.882768      0.00000

rs0995      8.37252     0.163476    0.0980853

rs1391      8.11096     0.294256     0.490426

rf0136      8.53599     0.359646     0.261561

rs1006      8.27443     0.425036     0.425036

rs1017      7.58784     0.621207     0.228866

rf0048      8.14365     0.457731     0.784682

rs1268      8.14365     0.294256     0.784682

rf0554      7.35897     0.784682      0.00000

rs1266      8.56869     0.163476     0.294256

rf0042      8.14365     0.261561     0.621207

rf0037      8.96103      0.00000    0.0980853

rf0108      7.58784     0.359646     0.228866

rf0527      7.52245     0.588512     0.163476

rf0109      8.40521     0.392341     0.163476

rs1169      8.40521     0.130780     0.130780

rs1183      8.60138     0.326951     0.196171

rs1384      8.83025     0.130780      1.47128

rs1383      8.17635     0.359646     0.588512

rs1248      8.50330     0.130780     0.163476

rs1191      8.83025    0.0653902     0.196171

rf0099      8.07826     0.294256     0.523122

rf0549      8.01287     0.294256     0.653902

rf0076      8.01287     0.294256     0.621207

rs1272      7.35897     0.719292      0.00000

rf0561      7.39166     0.751987    0.0326951

rf0041      8.96103     -1.60206      1.60206

rs1265      8.33982     0.359646     0.261561

rs1123      8.47060    0.0653902     0.261561

rs1132      7.55514     0.555817     0.196171

rf0062      8.37252     0.228866     0.163476

rs1023      8.89564    0.0326951     0.359646

rf0564      8.20904     0.359646     0.457731

rf0065      7.65323     0.588512     0.294256

rf0102      8.17635     0.621207     0.817378

rf0531      7.35897     0.719292      0.00000

rs1087      8.37252     0.359646     0.261561

rs1103      8.37252     0.163476     0.555817

rs1105      7.75131     0.621207     0.294256

rf0023      7.68592     0.523122     0.326951

rf0111      8.30713     0.294256     0.523122

rs1128      8.14365     0.196171     0.588512

rs1129      8.79755     0.163476      1.43858

rs1142      8.07826     0.294256     0.490426

rs1145      8.30713     0.392341     0.261561

rs1151      8.17635     0.326951     0.555817

rs1156      8.11096     0.392341     0.653902

rf0517      7.52245     0.621207     0.163476

rf0524      7.62053     0.555817     0.261561

rs1210      8.50330     0.359646     0.196171

rf0518      7.52245     0.751987     0.163476

rs1224      8.33982     0.392341     0.228866

rs1386      8.37252     0.294256     0.196171

rs1375      7.35897     0.784682      0.00000

rs1381      7.42436     0.817377    0.0653902

rs1250      8.92834    0.0326951    0.0326951

rf0125      8.40521     0.163476     0.130780

rs1277      8.17635     0.588512     0.686597

rf0126      8.96103      0.00000     0.130780

rf0128      8.11096     0.326951     0.490426

rf0026      7.98018     0.228866     0.621207

rs1020      7.45706     0.653902    0.0980853

rs1102      8.83025     0.130780      1.47128

rs1118      8.43791     0.130780     0.163475

rs1131      8.63408    0.0653901     0.228866

rs1138      8.14365     0.326951     0.490426

rs1188      7.58784     0.392341     0.228866

rs1192      7.65323     0.621207     0.294256

rf0118      7.48975     0.653902     0.130780

rs1372      8.69947     0.228866     0.228866

rs1016      8.56869    0.0980853     0.163476

rf0079      8.14365     0.294256     0.490426

rf0084      8.27443     0.392341     0.294256

rs1060      8.07826     0.163476     0.719292

rf0537      7.35897     0.621207      0.00000

rf0148      8.96103      0.00000    0.0653901

rs1229      8.83025     0.130780      1.47128

rf0162      7.39166     0.817378    0.0326951

rf0060      8.11096     0.359646     0.621207

rs1236      8.14365     0.294256     0.523122

rf0077      8.30713     0.490426     0.490427

rf0072      7.39166     0.784682    0.0326951

rf0083      7.71862     0.490427     0.359646

rf0532      7.35897     0.817378      0.00000

rf0064      7.52245     0.555817     0.163476

rf0092      8.60138    0.0653902     0.196171

rs1082      8.83025    0.0653902     0.326951

rs1083      8.47060     0.392341     0.228866

rf0017      7.68592     0.555817     0.261561

rf0045      7.65323     0.457731     0.294256

rf0138      8.83025     0.130780      1.47128

rf0055      8.89564    0.0326951     0.196171

rf0547      7.35897     0.882768      0.00000

rf0207      8.01287     0.326951     0.653902

rf0550      8.01287     0.261561     0.653902

rf0528      7.35897     0.784682      0.00000

rf0225      7.48975     0.719292     0.130780

rf0534      7.35897     0.817378      0.00000

rf0143      8.30713     0.359646     0.261561

rf0007      8.83025    0.0980853     0.228866

rf0576      8.83025     0.130780      1.47128

rf0551      7.58784     0.588512     0.228866

rf0061      8.20904     0.326951     0.588512

rf0553      8.27443     0.326951     0.719292

rf0104      8.07826     0.392341     0.719292

rf0107      7.62053     0.555817     0.261561

rf0043      8.56869    0.0326951     0.228866

rs1059      8.27443     0.228866     0.130780

rf0105      7.55514     0.653902     0.196171

rs1070      8.56869     0.163476     0.457731

rf0132      8.43791     0.228866     0.196171

rs1076      8.47060     0.392341     0.261561

rs1080      8.43791     0.392341     0.163475

rf0133      8.86294    0.0326952     0.196171

rf0113      8.73216     0.130780     0.228866

rf0040      8.86294    0.0653902     0.163476

rs1125      8.33982     0.392341     0.196171

rf0520      7.55514     0.588512     0.196171

rs1135      7.52245     0.588512     0.163476

rs1137      8.33982     0.261561     0.196171

rf0294      8.92834    0.0326951     0.130780

rs1359      8.20904     0.228866     0.555817

rf0543      7.52245     0.653902     0.163476

rs1406      8.79755     0.163476      1.43858

rs1154      8.27443     0.196171     0.163476

rf0016      8.86294    0.0653902     0.163476

rf0516      8.17635     0.490426     0.784682

rs1164      7.35897     0.784682      0.00000

rs1170      8.17635     0.326951     0.457731

rs1171      8.30713     0.261561     0.228866

rs1172      8.07826     0.294256     0.719292

rf0068      7.62053     0.621207     0.261561

rs1177      7.65323     0.555817     0.294256

rs1179      7.75131     0.359646     0.196171

rs1182      8.50330     0.359646     0.228866

rs1184      8.14365     0.326951     0.653902

rs1388      7.35897     0.751987      0.00000

rs1190      8.60138     0.261561     0.261561

rs1197      8.92834    0.0326951     0.130780

rs1198      8.60138     0.130780     0.392341

rs1200      7.75131     0.490426     0.392341

rs1362      8.07826     0.326951     0.621207

rf0070      8.17635     0.425036     0.784682

rs1205      8.60138    0.0326952     0.228866

rs1207      8.37252    0.0980853     0.326951

rs1208      7.81670     0.457731     0.457731

rs1209      8.17635     0.163475     0.555817

rs1212      8.30713     0.523122     0.196171

rs1213      8.69947     0.228866     0.228866

rs1214      8.83025     0.130780      1.47128

rf0011      8.40521     0.359646     0.196171

rs1220      8.40521     0.196171     0.130780

rs1222      8.07826     0.359646     0.457731

rf0555      8.07826     0.261561     0.719292

rf0036      7.68592     0.457731     0.326951

rs1226      8.96103      0.00000      1.60206

rs1370      7.62053     0.621207     0.261561

rf0117      7.94748     0.359646     0.457731

rf0121      8.17635     0.359646     0.784682

rf0621      7.65323     0.882768     0.294256

rs1389      8.11096     0.294256     0.588512

rf0579      7.71862     0.523122     0.326951

rs1403      8.30713     0.425036     0.425036

rs1404      8.96103      0.00000     0.817377

rs1283      8.07826     0.326951     0.719292

rs1296      7.39166     0.719292    0.0326951

rf0134      8.47060     0.359646     0.196171

rs1091      8.66677     0.196171     0.163476

rf0246      7.98018     0.392341     0.621207

rf0127      7.75131     0.653902     0.163475

rf0317      7.98018     0.392341     0.621207

rf0073      8.43791     0.130780     0.326951

rf0577      7.68592     0.621207     0.326951

rf0533      8.30713     0.555817     0.359646

rf0028      8.04557     0.326951     0.490427

rf0029      8.24174     0.457731     0.588512

rf0030      8.50330     0.359646     0.196171

rf0031      8.53599     0.130780     0.163476

rf0032      8.20904     0.359646     0.425036

rf0033      7.75131     0.555817     0.392341

rf0536      8.14365     0.719292     0.784682

rf0034      7.48975     0.523122     0.130780

rf0539      7.62053     0.621207     0.261561

rf0574      7.42436     0.850073    0.0653902

rs1254      8.89564    0.0326951     0.163476

rs1092      8.89564    0.0653901     0.196171

rs1098      8.24174     0.326951     0.653902

rs1100      8.43791     0.196171     0.163475

rs1104      8.27443     0.425036     0.294256

rf0158      8.40521     0.425036     0.228866

rs1124      7.58784     0.425036     0.228866

rs1147      7.62053     0.621207     0.261561

rs1079      8.27443     0.228866     0.163476

rs1195      8.30713     0.326951     0.621207

rf0071      8.96103      0.00000     0.425036

rf0119      8.07826     0.294256     0.719292

rf0123      7.78401     0.588512     0.425036

rs1294      8.92834    0.0326951     0.196171

rs1292      8.40521     0.425036     0.261561

rs1290      8.14365     0.523122     0.751987

rs1289      8.01287     0.392341     0.653902

rs1286      8.17635     0.425036     0.523122

rf0620      7.52245     0.653902     0.163476

rs1284      8.14365     0.196171     0.784682

rf0074      8.83025    0.0653902     0.228866

rs1408      8.50330     0.294256     0.196171

rs1043      8.83025     0.130780      1.47128

rf0545      7.35897     0.948158      0.00000

rs1053      8.27443     0.196171     0.784682

rs1048      8.50330     0.130780     0.163476

rf0623      7.58784     0.588512     0.228866

rs1046      8.79755     0.130780     0.261561

rs1045      8.27443     0.392341     0.326951

rs1021      8.14365     0.359646     0.588512

rs1014      8.60138    0.0980853      1.24241

rf0616      8.14365     0.294256     0.588512

rs1011      8.07826     0.326951     0.588512

rf0582      8.73216    0.0653901     0.523122

rf0164      8.50330    0.0980853     0.196171

rf0249      8.66677      0.00000     0.228866

rf0250      8.17635     0.326951     0.588512

rf0326      7.71862     0.555817     0.359646

rf0684      8.33982     0.196171     0.163475

rf0340      8.17635     0.228866     0.588512

rf0612      8.37252     0.555817     0.228866

rf0221      8.92834    0.0326951    0.0980853

rf0283      8.50330     0.163476     0.130780

rf0229      8.43791     0.359646     0.163475

rf0241      7.58784     0.523122     0.228866

rf0263      8.33982     0.359646     0.359646

rf0264      8.76486     0.196171     0.228866

rf0295      8.56869     0.326951     0.196171

rf0315      8.47060     0.163476    0.0980853

rf0316      8.83025     0.130780      1.47128

rs1304      7.94748     0.294256     0.588512

rf0303      8.04557     0.294256     0.457731

rs1301      8.89564    0.0326951     0.196171

rs1282      8.56869     0.326951     0.196171

rs1299      7.42436     0.784682    0.0653902

rf0314      8.20904     0.392341     0.686597

rf0318      8.83025     0.130780     0.130780

rf0267      7.75131     0.490426     0.163475

rf0166      8.96103      0.00000     0.130780

rf0319      8.43791    0.0653902     0.228866

rs1258      8.43791     0.326951     0.196171

rs1281      7.98018     0.326951     0.621207

rf0333      8.50330    0.0326952    0.0653902

rf0223      8.37252     0.163476     0.130780

rf0259      8.14365     0.326951     0.490426

rf0227      8.24174     0.392341     0.326951

rf0338      8.96103      0.00000      1.60206

rf0279      7.98018     0.425036     0.621207

rf0234      8.73216     0.228866     0.228866

rf0580      7.48975     0.686597     0.130780

rf0157      8.07826     0.196171     0.719292

rf0167      8.30713     0.196171     0.163476

rf0237      8.53599     0.392341     0.228866

rf0586      8.69947     0.261561      1.34050

rf0284      8.14365     0.686597     0.751987

rf0236      7.65323     0.588512     0.294256

rf0169      7.78401     0.523122     0.425036

rf0171      8.60138    0.0326952     0.228866

rf0173      8.50330    0.0326952     0.228866

rf0238      7.35897     0.588512      0.00000

rf0638      8.43791     0.326951     0.228866

rf0175      8.20904     0.359646     0.359646

rf0587      7.78401     0.490426     0.425036

rf0328      8.56869     0.326951     0.196171

rf0176      8.60138     0.294256     0.228866

rf0291      8.17635     0.326951     0.490426

rf0177      8.27443     0.392341     0.294256

rf0292      8.83025    0.0980853     0.294256

rf0179      8.07826     0.294256     0.588512

rf0242      8.56869      0.00000     0.228866

rf0181      8.20904     0.392341     0.719292

rs1307      8.56869     0.130780     0.228866

rs1280      7.35897      1.27511      0.00000

rf0335      7.55514     0.653902     0.196171

rf0297      8.33982     0.196171     0.457731

rf0596      7.84940     0.457731     0.359646

rf0240      7.35897     0.784682      0.00000

rf0251      8.40521     0.326951     0.196171

rf0190      8.11096     0.653902     0.751987

rf0268      7.94748     0.392341     0.457731

rf0332      8.17635     0.196171     0.751987

rf0192      7.65323     0.621207     0.294256

rf0193      8.92834    0.0326951     0.196171

rf0195      8.50330     0.359646     0.163476

rf0197      8.83025     0.130780      1.47128

rf0201      7.35897     0.751987      0.00000

rf0205      8.92834    0.0326951    0.0980853

rf0622      7.71862     0.555817     0.359646

rf0239      8.30713     0.163476     0.130780

rf0206      8.66677     0.261561     0.196171

rf0339      8.92834    0.0326951     0.130780

rf0210      8.07826     0.326951     0.490426

rf0631      8.11096     0.163476     0.751987

rf0342      7.35897     0.882768      0.00000

rf0634      7.35897     0.784682      0.00000

rf0265      8.14365     0.326951     0.751987

rf0343      8.96103      0.00000      1.60206

rf0331      8.30713     0.326951     0.621207

rf0217      8.50330     0.359646     0.163476

rf0244      8.50330     0.392341     0.261561

rf0180      8.33982     0.392341     0.196171

rf0226      8.30713     0.555817     0.653902

rf0280      7.58784     0.621207     0.228866

rf0300      8.33982     0.425036     0.261561

rf0306      8.04557     0.326951     0.686597

rf0286      8.86294    0.0653902     0.196171

rf0271      8.83025    0.0653902     0.228866

rf0262      7.58784     0.621207     0.228866

rf0272      8.14365     0.261561     0.719292

rf0277      8.60138     0.326951     0.196171

rf0235      7.65323     0.621207     0.294256

rf0003      8.83025    0.0653902     0.163476

rf0258      8.11096     0.228866     0.130780

rf0002      8.27443     0.196171     0.261561

rf0312      8.17635     0.490426     0.817378

rf0515      8.56869     0.130780     0.130780

rf0298      8.14365     0.294256     0.457731

rf0313      8.30713     0.163476     0.425036

rf0642      7.45706     0.751987    0.0980853

rf0299      8.07826     0.326951     0.719292

rf0643      7.35897     0.555817      0.00000

rf0649      8.33982     0.196171     0.130780

rf0646      7.35897     0.751987      0.00000

rf0001      7.62053     0.555817     0.261561

rf0650      8.07826     0.294256     0.719292

rf0654      8.04557     0.294256     0.457731

rs1276      8.24174     0.523122     0.490426

rs1300      8.83025    0.0980853     0.228866

rf0256      8.66677     0.261561     0.196171

rf0309      8.47060    0.0653902     0.261561

rf0653      7.35897     0.751987      0.00000

rf0305      8.11096     0.294256     0.490426

rf0655      7.65323     0.588512     0.294256

rf0308      8.17635     0.294256     0.490426

rf0311      8.14365     0.326951     0.588512

rf0266      8.14365     0.261561     0.686597

rf0627      7.35897     0.817378      0.00000

rf0247      8.20904     0.653902     0.490427

rf0248      8.83025    0.0653902     0.294256

rf0585      7.75131     0.523122     0.392341

rf0663      7.35897     0.882768      0.00000

rf0320      7.52245     0.653902     0.163476

rf0327      8.14365     0.294256     0.784682

rf0670      7.62053     0.555817     0.261561

rf0252      8.17635     0.326951     0.686597

rf0253      8.40521     0.457731     0.326951

rf0154      8.30713     0.359646     0.392341

rf0607      7.71862     0.523122     0.359646

rf0156      8.56869     0.326951     0.196171

rf0630      8.07826     0.359646     0.719292

rf0287      8.47060    0.0653902     0.196171

rf0322      8.07826     0.326951     0.555817

rf0628      8.24174     0.523122     0.523122

rf0204      8.96103      0.00000     0.980853

rf0257      7.58784     0.588512     0.228866

rf0685      8.73216     0.228866      1.37319

rf0669      8.96103      0.00000      1.60206

rf0674      8.37252     0.588512      1.01355

rf0680      8.83025     0.130780      1.47128

rf0668      7.35897     0.850073      0.00000

rf0324      8.37252     0.130780     0.196171

rf0329      8.89564    0.0326951     0.130780

rf0683      7.52245     0.588512     0.163476

rf0661      8.83025     0.130780      1.47128

rf0325      8.53599    0.0326951     0.294256
 
