#Name   Z    Err_down    Err_up
rf0780      7.35897      0.00000     0.980853
rf0433      8.30713     0.425036     0.425036
rf0446      8.96103     0.196171      0.00000
rf0447      8.79755     0.130780    0.0980854
rf0448      8.30713     0.228866     0.392341
rf0456      8.14365     0.490426     0.359646
rf0462      7.65323     0.294256     0.588512
rf0463      8.86294     0.130780    0.0653902
rf0779      8.50330     0.130780     0.196171
rf0376      8.33982     0.294256     0.425036
rf0377      8.89564    0.0653902    0.0326951
rf0378      8.43791    0.0980853     0.196171
rf0383      8.92834    0.0980853    0.0326951
rf0384      7.48975     0.130780     0.621207
rf0706      8.66677     0.196171     0.163476
rf0707      8.50330     0.196171     0.130780
rf0386      8.63408     0.130780     0.130780
rf0387      8.56869     0.130780     0.228866
rf0391      7.94748     0.588512     0.326951
rf0711      8.79755      1.43858     0.163476
rf0397      8.69947     0.130780    0.0326952
rf0398      8.73216     0.163476    0.0980853
rf0399      8.33982     0.294256     0.326951
rf0400      8.96103    0.0326951      0.00000
rf0405      8.83025     0.163476    0.0653902
rf0414      8.04557     0.686597     0.261561
rf0741      7.68592     0.326951     0.555817
rf0415      8.63408     0.130780     0.130780
rf0465      8.11096     0.555817     0.294256
rf0466      8.33982     0.326951     0.326951
rf0471      8.20904     0.555817     0.392341
rf0765      7.35897      0.00000     0.784682
rf0773      7.35897      0.00000     0.784682
rf0774      7.55514     0.196171     0.653902
rf0500      8.24174     0.228866     0.130780
rf0781      7.58784     0.228866     0.621207
rf0782      8.14365     0.784682     0.457731
rf0720      8.30713     0.294256     0.326951
rf0724      8.79755      1.43858     0.163476
rf0402      8.79755      1.43858     0.163476
rf0403      8.47060     0.261561     0.163476
rf0365      7.35897      0.00000     0.850073
rf0367      7.35897      0.00000     0.817378
rf0372      8.33982     0.228866    0.0980853
rf0374      8.33982     0.294256     0.261561
rf0375      8.33982     0.163475     0.196171
rf0388      8.63408     0.130780    0.0326951
rf0392      7.98018     0.621207     0.261561
rf0394      8.92834    0.0980853      0.00000
rf0395      8.92834    0.0980853    0.0326951
rf0396      8.60138     0.130780     0.326951
rf0719      8.96103      1.60206      0.00000
rf0401      7.35897      0.00000     0.686597
rf0725      7.58784     0.228866     0.523122
rf0730      8.63408     0.163476     0.130780
rf0346      8.96103    0.0980853      0.00000
rf0348      8.73216    0.0980853    0.0326951
rf0688      8.11096     0.457731     0.326951
rf0689      8.79755      1.43858     0.163476
rf0351      8.33982     0.163475     0.261561
rf0353      8.14365     0.653902     0.228866
rf0690      7.35897      0.00000     0.817378
rf0692      7.55514     0.196171     0.653902
rf0354      8.96103      1.60206      0.00000
rf0693      7.35897      0.00000     0.915463
rf0358      8.20904     0.653902     0.326951
rf0363      8.11096     0.686597     0.261561
rf0364      8.53599     0.130780     0.130780
rf0366      8.79755      1.43858     0.163476
rf0368      8.07826     0.621207     0.261561
rf0694      8.27443     0.261561     0.490426
rf0370      8.24174     0.523122     0.261561
rf0695      7.35897      0.00000     0.882768
rf0696      8.79755      1.43858     0.163476
rf0373      8.96103      1.60206     -1.60206
rf0697      7.58784     0.228866     0.621207
rf0701      7.52245     0.163476     0.588512
rf0702      7.35897      0.00000     0.653902
rf0381      8.20904     0.621207     0.294256
rf0703      7.35897      0.00000     0.719292
rf0385      8.27443     0.425036     0.326951
rf0776      7.45706    0.0980853     0.686597
rf0495      8.30713     0.196171    0.0653902
rf0496      7.39166    0.0326951      1.47128
rf0777      7.35897      0.00000     0.751987
rf0778      7.35897      0.00000     0.784682
rf0499      8.92834      1.56936    0.0326951
rf0502      8.14365     0.784682     0.653902
rf0503      8.79755      1.43858     0.163476
rf0784      8.73216     0.359646     0.228866
rf0785      8.33982     0.196171     0.261561
rf0789      7.35897      0.00000     0.850073
rf0505      8.96103      1.60206      0.00000
rf0506      8.56869     0.326951     0.163476
rf0792      7.71862     0.261561     0.588512
rf0507      8.14365     0.555817     0.359646
rf0510      8.96103      1.60206     -1.60206
rf0513      8.73216     0.130780    0.0980853
rf0795      7.48975     0.130780     0.555817
rf0796      7.68592    0.0653902      0.00000
rf0797      7.62053     0.261561     0.555817
rf0290      8.89564    0.0653902    0.0326951
rf0323      8.43791     0.196171     0.425036
rf0453      8.20904     0.523122     0.359646
rf0763      7.42436    0.0653902     0.817377
rf0436      8.04557     0.686597     0.392341
rf0439      7.35897      0.00000     0.784682
rf0441      8.04557     0.686597     0.261561
rf0476      8.14365     0.555817     0.294256
rf0477      8.14365     0.621207     0.686597
rf0771      8.69947     0.130780    0.0980853
rf0487      8.96103      1.60206      0.00000
rf0488      8.79755      1.43858     0.163476
rf0756      7.35897      0.00000     0.719292
rf0413      8.30713     0.261561     0.359646
rf0723      8.14365     0.555817     0.294256
rf0427      8.56869     0.130780    0.0980853
rf0464      8.07826     0.719292     0.196171
rf0430      7.71862     0.359646     0.523122
rf0761      7.42436    0.0653902     0.719292
rf0750      8.07826     0.555817     0.392341
rf0432      8.20904     0.555817     0.261561
rf0434      8.11096     0.621207     0.261561
rf0788      7.65323     0.294256     0.588512
rf0712      8.17635     0.817378     0.653902
rf0729      8.27443     0.326951     0.457731
rf0731      7.35897      0.00000     0.751987
rf0419      8.11096     0.751987     0.163476
rf0425      8.37252     0.196171     0.425036
rf0753      7.39166    0.0326951     0.686597
rf0435      8.43791     0.196171    0.0653902
rf0454      8.07826     0.588512     0.294256
rf0455      8.30713     0.196171    0.0653902
rf0762      7.35897      0.00000     0.948158
rf0467      8.24174     0.523122     0.425036
rf0479      7.94748     0.588512     0.294256
rf0714      8.07826     0.490426     0.261561
rf0412      8.30713     0.326951     0.261561
rf0717      8.11096     0.621207     0.392341
rf0718      8.27443     0.653902     0.228866
rf0444      8.40521     0.163476    0.0653902
rf0705      8.24174     0.523122     0.294256
rf0713      7.75131     0.392341     0.523122
rf0473      8.37252     0.326951     0.425036
rf0480      7.91479     0.555817     0.359646
rf0482      8.79755      1.43858     0.163476
rf0485      7.42436    0.0653902     0.719292
rf0474      8.07826     0.719292     0.228866
rf0772      7.35897      0.00000     0.490426
rf0775      7.35897      0.00000     0.425036
rf0428      7.71862     0.228866     0.457731
rf0764      7.58784     0.228866     0.653902
rf0460      8.83025     0.163476    0.0653902
rf0461      8.20904     0.457731     0.294256
rf0791      7.52245     0.163476     0.621207
rf0728      7.75131     0.392341     0.588512
rf0745      7.39166    0.0326951     0.490427
rf0748      8.96103    0.0980853      0.00000
rf0431      7.39166    0.0326951     0.621207
rf0459      7.52245     0.163476     0.686597
rf0440      8.17635     0.555817     0.686597
rf0393      7.35897      0.00000     0.817378
rf0749      7.45706    0.0980853     0.686597
rs0002      8.33982     0.294256     0.359646
rs0003      8.79755      1.43858     0.163476
rs0004      7.75131     0.294256     0.490426
rs0005      8.17635     0.817378     0.425036
rs1314      8.53599     0.130780     0.130780
rs0006      8.20904     0.686597     0.555817
rs0007      8.01287     0.523122     0.359646
rs0009      7.48975     0.130780     0.719292
rs0010      8.11096     0.490426     0.294256
rs0011      7.75131     0.326951     0.523122
rs0012      8.30713     0.392341     0.392341
rs0013      8.27443     0.425036     0.457731
rs0014      8.30713     0.130780     0.196171
rs0015      7.48975     0.130780     0.686597
rs0018      8.89564     0.326951    0.0653901
rs0019      8.69947     0.163475    0.0980853
rs0021      8.79755      1.43858     0.163476
rs0022      8.56869     0.163476      0.00000
rs0023      8.60138    0.0980853     0.130780
rs0029      8.79755     0.163475    0.0653902
rs0030      8.37252    0.0980853    0.0980853
rs0032      8.96103     0.130780      0.00000
rs0035      8.11096     0.751987     0.196171
rs0037      7.58784     0.228866     0.588512
rs0039      7.65323     0.294256     0.555817
rs0040      8.11096     0.490426     0.392341
rs0041      8.17635     0.817378     0.425036
rs0042      8.30713     0.261561     0.523122
rs0043      8.79755      1.43858     0.163476
rs0044      8.50330     0.196171     0.326951
rs0045      7.78401     0.326951     0.294256
rs0046      8.89564     0.392341    0.0326951
rs1315      8.30713     0.130780     0.163476
rs0048      8.63408     0.163476    0.0980853
rs0049      8.96103    0.0980853      0.00000
rs1316      8.56869     0.163476     0.228866
rs0050      8.73216     0.163476    0.0980853
rs0051      8.76486     0.130780    0.0980853
rs0052      8.47060     0.130780    0.0980853
rs0053      8.92834     0.130780    0.0326951
rs0054      8.14365     0.621207     0.294256
rs0055      8.86294     0.163476    0.0653902
rs0056      8.30713     0.261561     0.425036
rs0057      8.07826     0.719292     0.326951
rs1317      8.66677      1.30780     0.261561
rs0060      8.04557     0.653902     0.294256
rs1318      8.07826     0.719292     0.686597
rs1319      8.92834     0.130780    0.0326951
rs0062      7.71862     0.228866     0.457731
rs0063      8.20904     0.490427     0.392341
rs0064      8.53599     0.163476    0.0653901
rs0065      8.17635     0.555817     0.261561
rs0066      7.35897      0.00000     0.719292
rs0068      8.14365     0.555817     0.359646
rs0070      7.71862     0.359646     0.523122
rs0074      8.47060     0.130780     0.130780
rs0077      8.89564     0.163476    0.0326951
rs0080      8.96103    0.0326951      0.00000
rs0081      8.11096     0.751987     0.751987
rs0082      7.45706    0.0980853     0.719292
rs0083      7.62053     0.228866     0.163476
rs0084      8.79755      1.43858     0.163476
rs0085      8.24174     0.457731     0.326951
rs0088      8.14365     0.588512     0.228866
rs0087      8.47060     0.163476     0.130780
rs0089      8.86294     0.163476    0.0653902
rs0090      8.07826     0.719292     0.294256
rs0092      8.79755      1.43858     0.163476
rs0093      8.86294     0.163476    0.0326952
rs0094      8.76486     0.457731     0.163476
rs0095      7.35897      0.00000     0.915463
rs0096      8.86294     0.130780    0.0653902
rs0097      8.20904     0.653902     0.425036
rs0098      8.69947     0.588512    0.0980853
rs0104      8.69947     0.163475    0.0980853
rs0105      7.81670     0.457731     0.457731
rs0107      8.79755      1.43858     0.163476
rs0109      7.75131     0.163475     0.261561
rs0111      7.39166    0.0326951     0.719292
rs1321      8.79755      1.43858     0.163476
rs1322      7.35897      0.00000     0.686597
rs0113      8.60138     0.130780    0.0653902
rs0114      8.76486     0.163476    0.0980853
rs0118      8.33982     0.228866     0.457731
rs0120      8.33982     0.130780     0.196171
rs0121      8.66677     0.130780    0.0980853
rs0122      8.11096     0.621207     0.359646
rs0124      7.42436    0.0653902     0.751987
rs0125      8.96103      1.60206     -1.60206
rs0126      8.47060     0.196171     0.392341
rs0127      8.83025     0.228866    0.0980853
rs0128      8.79755     0.163475    0.0980854
rs0129      8.92834    0.0980853    0.0326951
rs0130      7.98018     0.621207     0.326951
rs0132      7.48975     0.130780     0.621207
rs0133      8.56869     0.130780    0.0326951
rs0134      8.63408     0.130780    0.0326951
rs0135      8.60138     0.163476     0.130780
rs0136      8.63408     0.163476      0.00000
rs0137      8.33982     0.228866     0.261561
rs0138      7.71862     0.359646     0.490427
rs0139      7.52245     0.163476     0.555817
rs0140      7.35897      0.00000     0.850073
rs0141      7.98018     0.425036     0.326951
rs0142      8.56869    0.0980853    0.0980853
rs0143      8.89564     0.130780    0.0653901
rs0145      8.30713     0.196171     0.130780
rs0146      8.24174     0.490426     0.196171
rs0147      8.47060     0.261561     0.130780
rs0148      8.96103    0.0326951      0.00000
rs0149      8.17635     0.490426     0.359646
rs1323      8.20904     0.392341     0.261561
rs1324      8.53599     0.130780     0.130780
rs0150      7.65323     0.294256     0.523122
rs0151      8.14365     0.686597     0.294256
rs0152      7.68592     0.261561     0.555817
rs0154      7.65323     0.294256     0.555817
rs1325      8.79755      1.43858     0.163476
rs0155      8.56869     0.294256     0.326951
rs0156      8.27443     0.490426     0.130780
rs0159      8.66677    0.0980853      0.00000
rs0161      8.17635     0.621207     0.326951
rs0163      8.47060     0.130780    0.0653902
rs0165      8.27443     0.490426     0.392341
rs0166      8.76486     0.130780    0.0980853
rs0167      8.17635     0.588512     0.555817
rs0168      7.98018     0.621207     0.261561
rs0170      8.14365     0.588512     0.294256
rs0171      8.20904     0.588512     0.294256
rs0172      8.27443     0.392341     0.425036
rs0173      7.68592     0.196171     0.555817
rs0174      7.78401     0.326951     0.490426
rs0175      8.50330     0.196171     0.294256
rs0177      7.35897      0.00000      1.47128
rs0178      8.83025     0.130780     0.130780
rs0179      8.79755      1.43858     0.163476
rs0180      8.43791     0.261561     0.359646
rs0181      8.92834     0.850073    0.0326951
rs0182      8.37252     0.196171     0.392341
rs0183      8.89564     0.130780    0.0653901
rs0188      8.33982     0.163475    0.0980853
rs0190      8.86294     0.163476    0.0653902
rs0191      8.50330     0.130780    0.0326952
rs0193      8.47060     0.130780    0.0980853
rs0194      8.83025     0.196171    0.0653902
rs0196      8.11096     0.751987     0.719292
rs0201      8.79755      1.43858     0.163476
rs0202      7.91479     0.490426     0.326951
rs0203      8.47060    0.0980853    0.0980853
rs0206      8.92834     0.163476    0.0326951
rs0209      8.86294     0.130780    0.0653902
rs0210      7.94748     0.588512     0.326951
rs0211      8.89564     0.130780    0.0326951
rs0212      8.07826     0.555817     0.294256
rs0214      8.56869     0.130780     0.130780
rs0215      7.58784     0.228866     0.555817
rs0218      8.79755      1.43858     0.163476
rs0220      8.11096     0.719292     0.228866
rs0221      8.69947     0.163475    0.0980853
rs0222      8.86294     0.163476    0.0653902
rs0223      8.86294     0.163476    0.0653902
rs0225      8.40521     0.130780    0.0653902
rs0226      8.17635     0.555817     0.196171
rs0227      8.89564     0.130780    0.0326951
rs0228      7.75131     0.228866     0.588512
rs0231      8.27443     0.490426     0.359646
rs1329      7.52245     0.163476     0.621207
rs0236      7.58784     0.228866     0.555817
rs0237      8.63408     0.130780    0.0326951
rs0239      8.37252     0.686597     0.130780
rs0240      8.96103     0.326951      0.00000
rs0241      8.33982     0.261561     0.457731
rs0242      8.33982     0.261561     0.392341
rs0243      8.73216     0.163476     0.130780
rs0244      8.27443     0.621207    0.0980853
rs0246      8.20904     0.490427     0.392341
rs0247      7.48975     0.130780     0.425036
rs0250      8.53599     0.163476     0.359646
rs0253      8.83025     0.163476    0.0653902
rs0255      8.20904     0.555817     0.294256
rs0256      8.47060     0.359646     0.228866
rs0257      8.07826     0.490426     0.359646
rs0259      8.53599    0.0980854    0.0980853
rs0260      8.92834    0.0980853    0.0326951
rs0261      8.60138     0.130780    0.0653902
rs0262      8.11096     0.555817     0.228866
rs0263      8.83025     0.163476    0.0653902
rs0264      8.11096     0.751987     0.261561
rs0266      8.50330     0.130780    0.0653902
rs0267      8.79755      1.43858     0.163476
rs0268      8.79755      1.43858     0.163476
rs0269      8.24174     0.490426     0.457731
rs0270      8.86294     0.130780    0.0653902
rs0272      8.20904     0.523122     0.457731
rs0273      8.20904     0.523122     0.457731
rs0274      8.33982     0.326951     0.359646
rs0275      8.79755      1.43858     0.163476
rs0276      8.20904     0.457731     0.359646
rs0277      7.71862     0.326951     0.555817
rs1330      7.55514     0.196171     0.621207
rs0280      8.47060     0.130780    0.0653902
rs0282      8.50330     0.130780    0.0653902
rs0283      8.27443     0.425036     0.457731
rs0285      7.88209     0.392341     0.392341
rs0289      8.30713     0.326951     0.359646
rs0290      7.75131     0.359646     0.523122
rs0291      7.52245     0.163476     0.621207
rs0292      8.17635     0.555817     0.425036
rs0297      7.68592     0.326951     0.588512
rs0302      7.58784     0.228866     0.490426
rs0303      7.45706    0.0980853     0.555817
rs0306      8.33982    0.0980853     0.130780
rs0308      8.63408     0.130780     0.130780
rs0310      8.76486     0.228866     0.163476
rs1331      7.62053     0.261561     0.621207
rs0313      8.69947     0.359646     0.130780
rs0314      8.37252     0.294256     0.425036
rs0315      8.79755      1.43858     0.163476
rs0316      8.47060    0.0980853     0.130780
rs0318      8.76486      1.40589    0.0653902
rs0320      8.86294     0.392341    0.0653902
rs0323      8.33982     0.261561     0.228866
rs0328      8.07826     0.490426     0.359646
rs0331      8.27443     0.261561     0.457731
rs0334      8.50330     0.130780    0.0980853
rs0336      8.24174     0.523122     0.326951
rs0337      8.43791     0.228866     0.228866
rs0339      8.89564     0.163476    0.0326951
rs0340      8.40521     0.228866     0.359646
rs0341      8.17635     0.588512     0.719292
rs0342      7.98018     0.621207     0.326951
rs0343      8.04557     0.523122     0.294256
rs0344      8.14365     0.555817     0.326951
rs0345      7.35897      0.00000     0.653902
rs0346      7.52245     0.163476     0.621207
rs0348      8.24174     0.326951     0.196171
rs0349      7.39166    0.0326951     0.555817
rs0350      8.43791     0.163475     0.130780
rs0351      8.89564     0.163476    0.0326951
rs0354      8.11096     0.621207     0.261561
rs0356      8.89564     0.163476    0.0326951
rs0358      8.37252    0.0980853     0.130780
rs0362      8.92834    0.0980853    0.0326951
rs0363      7.81670     0.457731     0.490427
rs0364      7.35897      0.00000     0.751987
rs0365      7.65323     0.294256     0.588512
rs0371      8.73216     0.163476    0.0980853
rs0372      8.07826     0.686597     0.261561
rs0373      8.56869     0.261561     0.261561
rs0374      7.94748     0.490427     0.392341
rs0376      8.37252     0.261561     0.392341
rs0377      8.47060     0.130780    0.0980853
rs0378      8.83025     0.130780    0.0653902
rs0380      8.79755     0.261561     0.130780
rs0381      8.96103      1.60206      0.00000
rs0382      8.89564    0.0980854    0.0326951
rs0384      8.24174     0.555817     0.392341
rs0386      8.20904     0.490427     0.621207
rs0388      7.58784     0.228866     0.490426
rs0389      7.58784     0.228866     0.261561
rs0390      8.96103      1.60206      0.00000
rs0391      8.63408     0.130780     0.130780
rs0392      8.73216      1.20972    0.0326951
rs0393      8.17635     0.457731     0.294256
rs0394      7.48975     0.130780     0.751987
rs0396      8.92834    0.0653902      0.00000
rs0404      7.39166    0.0326951     0.719292
rs0405      7.94748     0.555817     0.261561
rs0406      8.33982     0.228866     0.326951
rs0408      8.33982     0.228866     0.326951
rs0409      7.35897      0.00000     0.784682
rs0411      7.75131     0.326951     0.425036
rs1332      7.68592     0.228866     0.588512
rs0415      7.35897      0.00000     0.817378
rs0416      7.35897      0.00000     0.751987
rs0418      7.71862     0.359646     0.490427
rs0419      8.37252     0.163476     0.196171
rs0420      8.96103      1.60206      0.00000
rs0421      7.45706    0.0980853     0.359646
rs0422      7.48975     0.130780     0.588512
rs0424      7.75131     0.261561     0.294256
rs0425      8.24174     0.228866     0.130780
rs0427      7.75131     0.261561     0.555817
rs0428      8.24174     0.490426     0.294256
rs0429      7.91479     0.490426     0.326951
rs0430      7.48975     0.130780     0.686597
rs0432      7.68592     0.326951     0.326951
rs0433      8.33982     0.294256     0.326951
rs0434      8.11096     0.621207     0.653902
rs0435      7.84940     0.490426     0.392341
rs0437      8.24174     0.425036     0.196171
rs0440      8.40521    0.0653902     0.163476
rs0442      7.35897      0.00000     0.784682
rs0444      7.48975     0.130780     0.588512
rs0446      8.66677     0.130780    0.0980853
rs1333      8.66677     0.130780    0.0980853
rs1336      8.79755      1.43858     0.163476
rs0448      8.14365     0.523122     0.196171
rs0449      8.47060     0.163476    0.0980853
rs0450      8.56869    0.0653902    0.0326951
rs0451      8.27443     0.130780     0.163475
rs0452      8.50330    0.0980853    0.0980853
rs0453      8.96103    0.0653901      0.00000
rs0454      8.79755      1.43858     0.163476
rs0456      8.24174     0.294256     0.228866
rs0457      7.35897      0.00000     0.751987
rs0460      7.65323     0.294256     0.523122
rs0463      8.60138     0.261561    0.0980853
rs0466      8.92834    0.0653902    0.0326951
rs0467      7.81670     0.425036     0.457731
rs0468      8.11096     0.751987     0.850073
rs0469      8.14365     0.784682     0.326951
rs0470      7.58784     0.228866     0.621207
rs0472      7.39166    0.0326951     0.588512
rs0473      7.48975     0.130780     0.719292
rs0476      8.56869     0.163476    0.0980853
rs0477      8.79755      1.43858     0.163476
rs0480      8.17635     0.457731     0.359646
rs0484      7.55514     0.196171     0.719292
rs0485      8.07826     0.621207     0.294256
rs0493      8.69947     0.719292     0.196171
rs0495      7.78401     0.392341     0.490426
rs0496      8.66677     0.163476    0.0980853
rs0497      7.39166    0.0326951     0.850073
rs0498      8.89564     0.163476    0.0326951
rs0501      7.75131     0.294256     0.555817
rs0503      8.92834     0.130780      0.00000
rs0505      8.96103     0.392341      0.00000
rs0508      7.98018     0.555817     0.326951
rs0513      8.11096     0.555817     0.359646
rs0516      8.11096     0.490426     0.228866
rs0517      8.56869     0.130780    0.0980853
rs0519      8.37252     0.196171     0.261561
rs0520      8.20904     0.588512     0.261561
rs0521      8.33982     0.294256     0.457731
rs0522      8.60138     0.130780     0.130780
rs0524      8.07826     0.523122     0.261561
rs0526      8.27443     0.326951     0.359646
rs0528      8.96103    0.0980853      0.00000
rs0529      8.27443     0.555817     0.228866
rs0531      8.92834    0.0980853    0.0326951
rs0532      8.37252     0.163476     0.196171
rs0534      8.79755      1.43858     0.163476
rs0536      8.79755     0.751987     0.130780
rs0537      8.86294     0.163476    0.0326952
rs0538      8.63408     0.425036     0.130780
rs0541      8.89564     0.130780    0.0326951
rs0543      8.17635     0.588512     0.294256
rs0545      7.35897      0.00000     0.751987
rs0548      8.11096     0.588512     0.686597
rs0549      8.27443     0.425036     0.326951
rs0553      8.04557     0.523122     0.326951
rs0554      8.96103      0.00000      0.00000
rs0555      8.76486     0.130780    0.0980853
rs0556      7.35897      0.00000     0.457731
rs0559      8.30713     0.261561     0.392341
rs0560      8.79755     0.130780    0.0980854
rs0561      8.86294     0.130780    0.0653902
rs0562      7.94748     0.588512     0.359646
rs0564      7.98018     0.523122     0.359646
rs0566      8.11096     0.555817     0.457731
rs0568      8.11096     0.490426     0.261561
rs0570      8.33982     0.621207     0.490427
rs0571      7.45706    0.0980853     0.686597
rs0572      8.86294     0.163476    0.0653902
rs0573      7.98018     0.555817     0.326951
rs0574      8.86294     0.228866    0.0653902
rs0578      8.76486     0.163476    0.0980853
rs0580      8.66677     0.130780     0.130780
rs0582      8.43791    0.0980853    0.0326952
rs0585      8.07826     0.653902     0.326951
rs0586      8.11096     0.686597     0.490426
rs0587      8.43791     0.130780     0.359646
rs0588      7.35897      0.00000      1.20972
rs0589      8.14365     0.621207     0.653902
rs0591      8.53599     0.163476    0.0653901
rs0597      8.24174     0.457731     0.359646
rs0598      8.96103    0.0653901      0.00000
rs0602      8.30713     0.261561     0.425036
rs0603      8.30713     0.163476    0.0980853
rs0605      8.63408     0.130780     0.130780
rs0609      8.33982     0.228866     0.261561
rs0610      8.69947     0.163475     0.130780
rs0612      8.92834    0.0980853    0.0326951
rs0615      8.56869     0.130780    0.0980853
rs0618      8.14365     0.686597     0.326951
rs0620      8.20904     0.523122     0.392341
rs0623      7.65323     0.294256     0.588512
rs0627      8.53599     0.130780     0.130780
rs0631      8.11096     0.457731     0.294256
rs0636      8.50330     0.196171     0.359646
rs0638      8.69947     0.163475    0.0980853
rs0640      8.17635     0.490426     0.294256
rs0644      7.78401     0.294256     0.523122
rs0645      8.60138     0.163476    0.0980853
rs0650      8.60138     0.163476    0.0326952
rs1337      8.11096     0.751987     0.686597
rs0656      8.63408     0.163476     0.130780
rs0657      8.60138     0.130780     0.163476
rs0660      8.92834     0.130780    0.0326951
rs0669      8.96103      1.60206      0.00000
rs0671      8.24174     0.457731     0.326951
rs0672      8.56869    0.0980853      0.00000
rs0678      7.81670     0.425036     0.490427
rs0679      8.20904     0.163476     0.359646
rs0688      8.96103    0.0326951      0.00000
rs0700      7.84940     0.490426     0.425036
rs0708      8.60138     0.130780      0.00000
rs0710      8.17635     0.490426     0.359646
rs0712      7.94748     0.523122     0.326951
rs0719      8.96103     0.130780      0.00000
rs0722      8.04557     0.555817     0.326951
rs0731      8.50330     0.261561     0.359646
rs0736      7.94748     0.523122     0.359646
rs0742      8.83025     0.490427    0.0980853
rs0741      8.96103    0.0653901      0.00000
rs0744      8.76486     0.163476    0.0653902
rs0743      7.68592     0.294256     0.523122
rs0745      8.40521     0.130780    0.0653902
rs0751      8.50330    0.0980853    0.0980853
rs0754      8.53599     0.130780     0.130780
rs0740      8.24174     0.523122     0.359646
rs0758      8.73216     0.163476    0.0980853
rs0752      8.20904     0.588512     0.294256
rs0757      8.69947     0.163475     0.163476
rs0756      8.07826     0.555817     0.359646
rs0764      8.37252     0.326951     0.392341
rs0763      8.33982     0.261561     0.359646
rs0774      8.14365     0.621207     0.261561
rs0775      7.71862     0.359646     0.555817
rs0781      8.50330    0.0653902     0.130780
rs0776      8.27443     0.425036     0.359646
rs0779      8.92834     0.425036    0.0326951
rs0794      8.33982     0.261561     0.359646
rs0802      7.98018     0.523122     0.326951
rs0800      8.20904     0.490427     0.261561
rs1339      8.79755      1.43858     0.163476
rs1338      8.27443     0.261561     0.425036
rs0824      8.79755      1.43858     0.163476
rs0834      8.69947     0.130780     0.130780
rs1340      7.52245     0.163476     0.751987
rs0840      8.27443     0.294256     0.425036
rs0839      8.47060    0.0980853    0.0980853
rs0845      8.37252     0.294256     0.392341
rs0846      8.17635     0.490426     0.163475
rs0855      8.60138     0.130780    0.0980853
rs0850      8.76486     0.130780    0.0980853
rs0843      8.63408     0.163476     0.130780
rs0869      8.24174     0.326951     0.228866
rs0871      8.40521     0.228866     0.326951
rs0882      8.79755      1.43858     0.163476
rs0895      7.58784     0.228866     0.588512
rs0891      8.69947     0.130780    0.0980853
rs0888      8.50330    0.0980853     0.163476
rs0896      8.79755      1.43858     0.163476
rs0897      8.43791     0.196171     0.392341
rs0922      8.30713     0.163476     0.228866
rs0974      8.96103    0.0326951      0.00000
rs0962      8.50330     0.130780    0.0980853
rs1354      8.79755     0.294256    0.0653902
rs0767      7.84940     0.490426     0.490426
rs0768      8.40521     0.228866     0.425036
rs0738      8.50330     0.130780    0.0980853
rs0734      8.50330     0.163476     0.130780
rs0727      8.53599     0.359646     0.163475
rs0726      7.94748     0.588512     0.392341
rs0724      8.89564     0.130780    0.0326951
rs0782      8.14365     0.784682     0.490427
rs0778      8.14365     0.555817     0.261561
rs0777      7.45706    0.0980853     0.784682
rs0784      8.92834    0.0980853      0.00000
rs0788      8.17635     0.523122     0.228866
rs0795      7.81670     0.392341     0.425036
rs0797      8.53599    0.0980854    0.0980853
rs0798      8.56869     0.130780    0.0980853
rs0799      7.68592     0.326951     0.555817
rs0832      8.07826     0.588512     0.261561
rs0827      8.79755      1.43858     0.163476
rs0828      8.24174     0.490426     0.392341
rs0804      8.14365     0.653902     0.228866
rs0812      8.83025     0.196171    0.0653902
rs0810      7.62053     0.261561     0.588512
rs0811      8.43791    0.0980853    0.0980854
rs0809      8.89564    0.0980854    0.0653901
rs0808      8.79755      1.43858     0.163476
rs0806      8.76486     0.130780    0.0980853
rs0876      8.11096     0.751987     0.392341
rs1343      7.94748     0.588512     0.326951
rs0860      8.79755      1.43858     0.163476
rs0842      7.58784     0.228866     0.425036
rs0847      8.66677     0.163476     0.130780
rs0866      8.60138     0.130780     0.130780
rs0857      7.35897      0.00000     0.555817
rs0853      8.27443     0.392341     0.359646
rs0867      7.98018     0.621207     0.261561
rs0868      8.60138     0.130780     0.130780
rs0870      8.14365     0.686597     0.686597
rs0906      8.17635     0.523122     0.425036
rs0893      8.14365     0.621207     0.261561
rs0880      8.56869     0.130780    0.0980853
rs0879      8.63408     0.163476     0.196171
rs0875      8.47060     0.261561     0.425036
rs0872      8.14365     0.653902     0.294256
rs0900      8.79755      1.43858     0.163476
rs0923      7.58784     0.228866     0.555817
rs0919      7.68592     0.326951     0.588512
rs0908      7.42436    0.0653902     0.588512
rs0907      8.27443     0.457731     0.294256
rs0915      7.39166    0.0326951     0.784682
rs0917      7.45706    0.0980853     0.719292
rs0916      8.27443     0.523122     0.359646
rs0920      8.17635     0.523122     0.294256
rs0921      8.89564     0.130780    0.0326951
rs0932      7.58784     0.228866     0.588512
rs0926      7.94748     0.588512     0.326951
rs0930      7.98018     0.523122     0.359646
rs0934      8.37252     0.294256     0.359646
rs0945      8.37252     0.228866     0.392341
rs0944      8.20904     0.523122     0.359646
rs0968      7.58784     0.228866     0.425036
rs0953      8.56869     0.130780    0.0653902
rs1347      8.96103      1.60206      0.00000
rs0976      7.39166    0.0326951     0.817378
rs0975      8.20904     0.555817     0.294256
rs0978      7.75131     0.130780     0.261561
rs0967      8.27443     0.425036     0.163475
rs0970      8.63408     0.163476    0.0980853
rs0958      8.37252     0.163476     0.359646
rs0959      7.52245     0.163476     0.686597
rs0981      8.11096     0.555817     0.326951
rs0984      8.30713     0.228866     0.163476
rs0985      8.17635     0.555817     0.392341
rs0983      8.14365     0.555817     0.457731
rs0790      7.58784     0.228866     0.653902
rs0793      8.30713     0.294256     0.392341
rs1342      8.63408    0.0980853    0.0653901
rs0873      8.86294     0.130780    0.0653902
rs0910      8.96103    0.0980853      0.00000
rs0909      8.20904     0.490427     0.261561
rs0933      8.14365     0.784682     0.523122
rs0935      8.40521     0.130780     0.228866
rs0936      8.37252     0.130780     0.130780
rs1345      8.83025     0.359646    0.0653902
rs0954      8.79755      1.43858     0.163476
rs1348      8.66677     0.130780     0.130780
rs0957      8.11096     0.751987     0.196171
rs0950      8.20904     0.523122     0.326951
rs0946      8.30713     0.588512     0.555817
rs0941      8.14365     0.555817     0.294256
rs1346      7.62053     0.261561     0.588512
rs0979      7.55514     0.196171     0.653902
rs0980      8.96103    0.0980853      0.00000
rs1353      8.69947      1.34050     0.261561
rs1350      8.79755     0.163475     0.163476
rs1351      8.96103      1.60206      0.00000
rs1349      8.69947      1.34050     0.261561
rs0960      7.35897      0.00000     0.784682
rs0982      7.35897      0.00000     0.588512
rs0833      8.83025     0.130780    0.0980853
rs0831      8.73216     0.130780    0.0980853
rs0818      8.07826     0.555817     0.261561
rs0822      7.35897      0.00000     0.621207
rs0821      8.17635     0.588512     0.294256
rs0823      8.96103    0.0653901      0.00000
rs0816      7.48975     0.130780     0.621207
rs0814      7.55514     0.196171     0.490427
rs0815      7.98018     0.523122     0.359646
rs0820      7.68592     0.326951     0.425036
rs0805      7.35897      0.00000     0.621207
rs1518      8.86294    0.0980853    0.0326952
rs1000      8.79755     0.163475    0.0653902
rs1002      8.33982     0.261561     0.425036
rs1033      8.96103      1.60206     -1.60206
rs1034      8.14365     0.555817     0.326951
rs1074      8.04557     0.523122     0.261561
rs1081      8.20904     0.457731     0.261561
rs1109      8.79755     0.228866     0.163476
rs1110      8.53599     0.130780    0.0980853
rs1111      8.79755      1.43858     0.163476
rs1114      7.45706    0.0980853     0.653902
rs1116      8.20904     0.163476     0.196171
rs1134      8.79755      1.43858     0.163476
rs1159      7.75131     0.294256     0.555817
rs1163      8.76486      1.40589     0.196171
rs1175      7.55514     0.196171     0.621207
rs1202      7.91479     0.555817     0.392341
rs1036      7.75131     0.163475     0.228866
rs1260      8.01287     0.555817     0.392341
rs1261      8.17635     0.555817     0.588512
rs1472      8.86294     0.130780    0.0326952
rs1473      8.92834    0.0326951    0.0326951
rs0989      8.37252     0.130780    0.0980853
rs1355      8.11096     0.751987     0.850073
rs0991      8.86294     0.130780    0.0653902
rs0997      8.56869     0.130780    0.0980853
rs0998      7.48975     0.130780     0.686597
rs1015      7.45706    0.0980853     0.621207
rs1026      7.35897      0.00000     0.915463
rs1038      7.68592     0.228866     0.523122
rs1437      8.69947    0.0980853      0.00000
rs1491      8.50330    0.0980853     0.163476
rs1449      8.43791     0.130780     0.163476
rs0988      8.92834     0.228866    0.0326951
rs1119      8.04557     0.686597     0.294256
rs1121      8.24174     0.163476     0.196171
rs1122      8.73216      1.37319     0.196171
rs1004      8.63408    0.0980853      0.00000
rs1005      8.30713     0.163476    0.0980853
rs1010      8.60138    0.0980853    0.0326952
rs1075      8.69947    0.0980853    0.0326952
rs1093      8.50330    0.0980853    0.0326952
rs1178      8.63408     0.130780    0.0980853
rs1297      8.11096     0.621207     0.523122
rs1446      8.11096     0.751987     0.621207
rs1086      7.35897      0.00000      1.60206
rs0996      7.65323     0.294256     0.588512
rs1001      8.47060     0.326951     0.392341
rs1117      8.86294      1.50397    0.0980853
rs1185      8.40521     0.130780    0.0653902
rs1003      8.33982     0.719292     0.425036
rs1394      8.96103      1.60206      0.00000
rf0058      8.40521     0.294256     0.392341
rf0526      7.45706    0.0980853     0.751987
rf0024      8.66677     0.163476    0.0980853
rs1054      7.65323     0.294256     0.555817
rs1219      8.66677     0.130780    0.0326951
rs1245      7.81670     0.457731     0.425036
rf0530      8.14365     0.653902     0.294256
rs1025      8.53599    0.0980854    0.0326951
rf0053      8.04557     0.621207     0.261561
rf0051      7.42436    0.0653902     0.719292
rs1264      8.04557     0.523122     0.261561
rs1143      7.65323     0.294256     0.588512
rs1361      7.75131     0.294256     0.555817
rs1398      8.27443     0.228866     0.163475
rs1399      8.30713     0.326951     0.425036
rs1409      8.11096     0.751987     0.850073
rs1291      8.24174     0.555817     0.196171
rf0022      8.47060     0.196171     0.163476
rs1259      8.24174     0.425036     0.228866
rs1018      8.79755      1.43858     0.163476
rs1028      8.40521     0.228866     0.392341
rs1031      8.20904     0.523122     0.392341
rs1032      8.01287     0.621207     0.294256
rs1062      8.56869    0.0980853    0.0980853
rs1063      7.45706    0.0980853     0.588512
rs1064      8.47060    0.0980853     0.163476
rs1068      8.40521     0.261561     0.326951
rs1084      8.30713     0.261561     0.359646
rs1157      8.76486      1.40589     0.196171
rs1162      8.83025      1.47128     0.130780
rs1395      8.33982     0.130780     0.163476
rs1211      8.53599    0.0980854    0.0326951
rs1364      8.11096     0.751987     0.850073
rs1217      8.89564     0.130780    0.0653901
rs1218      8.43791     0.163475    0.0653902
rs1221      7.65323     0.294256     0.588512
rs1366      8.43791     0.196171     0.359646
rs1223      8.79755      1.43858     0.163476
rs1230      8.37252     0.130780    0.0980853
rs1371      8.04557     0.457731     0.392341
rs1373      8.11096     0.588512     0.326951
rs1235      7.35897      0.00000     0.850073
rs1377      8.43791     0.130780    0.0653902
rs1385      8.27443     0.425036     0.359646
rs1396      7.35897      0.00000     0.751987
rs1397      8.27443     0.261561     0.359646
rs1401      7.62053     0.261561     0.490426
rs1257      8.11096     0.719292     0.196171
rs1262      8.07826     0.588512     0.294256
rs1293      8.56869     0.130780    0.0980853
rs1298      8.14365     0.653902     0.686597
rs1303      8.27443     0.621207     0.425036
rs1305      8.30713     0.915463     0.163476
rs1310      8.20904     0.490427     0.326951
rs1393      7.35897      0.00000     0.686597
rf0006      8.24174     0.555817     0.326951
rf0010      7.65323     0.294256     0.359646
rf0012      7.65323     0.294256     0.555817
rf0013      8.33982     0.196171    0.0653902
rf0014      7.75131     0.392341     0.490426
rf0015      8.66677     0.130780    0.0326951
rs1106      7.71862    0.0980853    0.0653902
rs1108      8.17635     0.817378     0.490426
rs1112      8.14365     0.784682     0.588512
rs1126      8.79755      1.20972     0.130780
rs1029      8.27443     0.425036     0.425036
rs1030      7.55514     0.196171     0.653902
rs1035      8.17635     0.588512     0.261561
rs1040      7.94748     0.588512     0.392341
rs1047      8.07826     0.523122     0.294256
rs1050      8.79755      1.43858     0.163476
rs1052      8.27443     0.457731     0.196171
rs1055      8.07826     0.555817     0.359646
rs1057      8.56869     0.163476    0.0326951
rs1065      8.30713     0.392341     0.359646
rs1072      8.24174     0.425036     0.326951
rs1382      7.62053     0.261561     0.523122
rs1149      8.73216      1.37319     0.228866
rs1150      7.35897      0.00000     0.784682
rs1165      7.94748     0.588512     0.359646
rs1278      8.69947     0.261561     0.163476
rs1405      7.84940     0.457731     0.392341
rs1267      8.60138     0.130780    0.0326952
rf0150      8.60138     0.130780    0.0653902
rs1270      8.30713     0.261561     0.359646
rf0049      7.75131     0.392341     0.523122
rs1271      7.68592     0.294256     0.490426
rf0573      8.20904     0.621207     0.359646
rf0129      8.24174     0.359646     0.392341
rs1152      8.53599    0.0980854    0.0653901
rs1168      8.76486    0.0653902      0.00000
rs1187      8.20904     0.850073     0.392341
rf0540      8.66677     0.130780    0.0326951
rs1378      8.24174     0.392341     0.359646
rs1387      7.35897      0.00000      1.60206
rs1302      7.35897      0.00000     0.850073
rs0995      8.47060     0.130780    0.0653902
rs1391      8.07826     0.490426     0.261561
rf0136      8.50330     0.196171     0.359646
rs1006      8.24174     0.425036     0.457731
rs1017      7.55514     0.196171     0.621207
rf0048      8.07826     0.653902     0.457731
rs1268      8.11096     0.751987     0.294256
rf0554      7.35897      0.00000     0.751987
rs1266      8.56869     0.294256     0.163476
rf0042      8.14365     0.588512     0.228866
rf0037      8.96103    0.0653901      0.00000
rf0108      7.62053     0.261561     0.326951
rf0527      7.45706    0.0980853     0.653902
rf0109      8.50330     0.130780    0.0980853
rs1169      8.47060    0.0980853     0.130780
rs1183      8.69947     0.130780     0.130780
rs1384      8.79755      1.43858     0.163476
rs1383      8.14365     0.555817     0.359646
rs1248      8.53599    0.0980854    0.0980853
rs1191      8.76486     0.130780    0.0980853
rf0099      8.07826     0.490426     0.261561
rf0549      7.91479     0.555817     0.359646
rf0076      7.84940     0.425036     0.457731
rs1272      7.45706    0.0980853     0.588512
rf0561      7.35897      0.00000     0.751987
rf0041      8.96103      1.60206     -1.60206
rs1265      8.33982     0.228866     0.359646
rs1123      8.47060     0.130780    0.0653902
rs1132      7.48975     0.130780     0.588512
rf0062      8.43791     0.130780     0.294256
rs1023      8.86294     0.228866    0.0653902
rf0564      8.20904     0.457731     0.359646
rf0065      7.68592     0.326951     0.555817
rf0102      8.04557     0.686597     0.294256
rf0531      7.35897      0.00000     0.686597
rs1087      8.30713     0.261561     0.425036
rs1103      8.17635     0.425036     0.359646
rs1105      7.75131     0.261561     0.588512
rf0023      7.58784     0.228866     0.621207
rf0111      8.30713     0.326951     0.294256
rs1128      8.11096     0.555817     0.196171
rs1129      8.11096     0.751987     0.850073
rs1142      8.11096     0.523122     0.294256
rs1145      8.37252     0.326951     0.326951
rs1151      8.17635     0.490426     0.326951
rs1156      8.11096     0.588512     0.359646
rf0517      7.52245     0.163476     0.588512
rf0524      7.68592     0.326951     0.523122
rs1210      8.60138     0.163476    0.0980853
rf0518      7.35897      0.00000     0.850073
rs1224      8.33982     0.228866     0.392341
rs1386      8.37252     0.196171     0.359646
rs1375      7.35897      0.00000     0.751987
rs1381      7.42436    0.0653902     0.817377
rs1250      8.92834    0.0326951    0.0326951
rf0125      8.47060     0.163476    0.0653902
rs1277      8.11096     0.588512     0.621207
rf0126      8.96103    0.0980853      0.00000
rf0128      8.04557     0.457731     0.392341
rf0026      7.91479     0.555817     0.261561
rs1020      7.45706    0.0980853     0.621207
rs1102      8.79755      1.43858     0.163476
rs1118      8.43791    0.0980853     0.130780
rs1131      8.66677     0.130780    0.0326951
rs1138      8.20904     0.523122     0.294256
rs1188      7.58784     0.228866     0.392341
rs1192      7.55514     0.196171     0.686597
rf0118      7.52245     0.163476     0.588512
rs1372      8.69947     0.751987     0.228866
rs1016      8.60138     0.130780    0.0653902
rf0079      8.17635     0.523122     0.326951
rf0084      8.24174     0.326951     0.392341
rs1060      7.42436    0.0653902     0.784682
rf0537      7.35897      0.00000     0.621207
rf0148      8.96103    0.0653901      0.00000
rs1229      8.79755      1.43858     0.163476
rf0162      7.39166    0.0326951     0.784682
rf0060      8.14365     0.621207     0.326951
rs1236      8.20904     0.555817     0.261561
rf0077      8.27443     0.359646     0.490426
rf0072      7.35897      0.00000     0.784682
rf0083      7.81670     0.457731     0.425036
rf0532      7.35897      0.00000     0.784682
rf0064      7.55514     0.196171     0.490427
rf0092      8.63408     0.130780    0.0326951
rs1082      8.83025     0.228866    0.0653902
rs1083      8.43791     0.163475     0.392341
rf0017      7.68592     0.196171     0.523122
rf0045      7.58784     0.228866     0.490426
rf0138      8.79755      1.43858     0.163476
rf0055      8.89564     0.163476    0.0326951
rf0547      7.35897      0.00000     0.850073
rf0207      7.88209     0.523122     0.457731
rf0550      7.94748     0.588512     0.294256
rf0528      7.35897      0.00000     0.751987
rf0225      7.48975     0.130780     0.686597
rf0534      7.35897      0.00000     0.817378
rf0143      8.33982     0.261561     0.392341
rf0007      8.79755     0.163475    0.0980854
rf0576      8.79755      1.43858     0.163476
rf0551      7.48975     0.130780     0.653902
rf0061      8.20904     0.555817     0.425036
rf0553      8.24174     0.653902     0.326951
rf0104      8.04557     0.686597     0.392341
rf0107      7.62053     0.261561     0.555817
rf0043      8.56869     0.130780    0.0326951
rs1059      8.40521     0.163476    0.0980853
rf0105      7.45706    0.0980853     0.751987
rs1070      8.50330     0.425036     0.228866
rf0132      8.60138     0.261561    0.0980853
rs1076      8.47060     0.294256     0.392341
rs1080      8.40521     0.196171     0.425036
rf0133      8.83025     0.130780    0.0653902
rf0113      8.69947     0.196171     0.163476
rf0040      8.83025     0.130780    0.0653902
rs1125      8.43791     0.130780    0.0980854
rf0520      7.55514     0.196171     0.555817
rs1135      7.62053     0.261561     0.588512
rs1137      8.37252     0.228866     0.261561
rf0294      8.92834    0.0980853    0.0326951
rs1359      8.20904     0.555817     0.196171
rf0543      7.52245     0.163476     0.653902
rs1406      8.79755      1.43858     0.163476
rs1154      8.37252     0.228866     0.163476
rf0016      8.83025     0.130780    0.0653902
rf0516      8.14365     0.751987     0.490427
rs1164      7.35897      0.00000     0.751987
rs1170      8.24174     0.523122     0.261561
rs1171      8.33982     0.228866     0.261561
rs1172      8.01287     0.653902     0.326951
rf0068      7.62053     0.261561     0.621207
rs1177      8.79755     0.294256    0.0980854
rs1179      7.71862    0.0980853     0.425036
rs1182      8.56869     0.130780    0.0980853
rs1184      8.11096     0.588512     0.326951
rs1388      7.35897      0.00000     0.719292
rs1190      8.60138     0.261561     0.228866
rs1197      8.92834    0.0653902    0.0326951
rs1198      8.60138     0.392341    0.0980853
rs1200      7.75131     0.359646     0.490426
rs1362      8.07826     0.555817     0.326951
rf0070      8.14365     0.719292     0.425036
rs1205      8.60138     0.163476    0.0326952
rs1207      8.40521     0.163476    0.0653902
rs1208      7.65323     0.294256     0.588512
rs1209      8.17635     0.490426     0.163475
rs1212      8.40521     0.261561     0.457731
rs1213      8.76486     0.130780    0.0980853
rs1214      8.79755      1.43858     0.163476
rf0011      8.47060     0.130780    0.0980853
rs1220      8.47060    0.0980853     0.261561
rs1222      8.17635     0.555817     0.326951
rf0555      8.11096     0.751987     0.196171
rf0036      7.68592     0.326951     0.457731
rs1226      8.96103      1.60206      0.00000
rs1370      7.62053     0.261561     0.588512
rf0117      8.07826     0.588512     0.294256
rf0121      8.14365     0.751987     0.392341
rf0621      7.58784     0.228866     0.523122
rs1389      8.11096     0.555817     0.294256
rf0579      7.71862     0.326951     0.490427
rs1403      8.30713     0.326951     0.392341
rs1404      8.96103      1.60206      0.00000
rs1283      8.01287     0.588512     0.392341
rs1296      7.39166    0.0326951     0.686597
rf0134      8.53599     0.130780     0.130780
rs1091      8.69947     0.163475     0.130780
rf0246      7.94748     0.588512     0.425036
rf0127      8.30713     0.621207     0.130780
rf0317      7.78401     0.392341     0.523122
rf0073      8.33982     0.196171     0.228866
rf0577      7.68592     0.326951     0.621207
rf0533      8.30713     0.326951     0.555817
rf0028      8.07826     0.523122     0.326951
rf0029      8.27443     0.588512     0.392341
rf0030      8.60138     0.130780    0.0980853
rf0031      8.56869     0.130780    0.0653902
rf0032      8.24174     0.425036     0.326951
rf0033      7.65323     0.294256     0.621207
rf0536      8.11096     0.653902     0.751987
rf0034      7.52245     0.163476     0.457731
rf0539      7.65323     0.294256     0.588512
rf0574      7.42436    0.0653902     0.817377
rs1254      8.89564     0.130780    0.0326951
rs1092      8.89564     0.163476    0.0326951
rs1098      8.20904     0.588512     0.326951
rs1100      8.50330    0.0980853     0.130780
rs1104      8.27443     0.326951     0.425036
rf0158      8.50330     0.130780     0.163476
rs1124      8.11096     0.490426     0.294256
rs1147      7.55514     0.196171     0.653902
rs1079      8.33982    0.0653902     0.130780
rs1195      8.30713     0.621207     0.326951
rf0071      8.96103     0.359646      0.00000
rf0119      7.98018     0.555817     0.359646
rf0123      7.78401     0.392341     0.555817
rs1294      8.89564     0.130780    0.0326951
rs1292      8.50330     0.163476     0.163476
rs1290      8.14365     0.751987     0.523122
rs1289      8.04557     0.621207     0.326951
rs1286      8.27443     0.163476     0.294256
rf0620      7.52245     0.163476     0.621207
rs1284      8.11096     0.719292     0.228866
rf0074      8.79755     0.163475    0.0980854
rs1408      8.60138     0.163476    0.0980853
rs1043      8.79755      1.43858     0.163476
rf0545      7.35897      0.00000      1.01355
rs1053      8.30713     0.588512     0.261561
rs1048      8.53599     0.130780    0.0653901
rf0623      7.58784     0.228866     0.588512
rs1046      8.76486     0.228866     0.163476
rs1045      8.30713     0.326951     0.392341
rs1021      8.14365     0.555817     0.326951
rs1014      8.60138      1.24241    0.0980853
rf0616      8.04557     0.490427     0.359646
rs1011      8.11096     0.588512     0.294256
rf0582      7.52245     0.163476     0.686597
rf0164      8.50330     0.130780    0.0980853
rf0249      8.66677    0.0980853      0.00000
rf0250      8.20904     0.653902     0.294256
rf0326      7.71862     0.359646     0.555817
rf0684      8.43791     0.130780    0.0980854
rf0340      8.20904     0.621207     0.228866
rf0612      8.89564    0.0980854    0.0653901
rf0221      8.92834    0.0653902    0.0326951
rf0283      8.56869     0.130780    0.0653902
rf0229      8.53599     0.130780     0.130780
rf0241      7.62053     0.261561     0.457731
rf0263      8.33982     0.294256     0.359646
rf0264      8.79755     0.130780    0.0980854
rf0295      8.63408     0.130780     0.130780
rf0315      8.47060     0.130780     0.163476
rf0316      8.79755      1.43858     0.163476
rs1304      7.58784     0.228866     0.621207
rf0303      8.07826     0.523122     0.326951
rs1301      8.86294     0.130780    0.0653902
rs1282      8.66677     0.163476     0.130780
rs1299      7.42436    0.0653902     0.784682
rf0314      8.17635     0.588512     0.359646
rf0318      8.79755      1.43858     0.163476
rf0267      8.17635     0.457731     0.228866
rf0166      8.96103    0.0980853      0.00000
rf0319      8.47060     0.130780    0.0326951
rs1258      8.53599     0.130780    0.0980853
rs1281      7.84940     0.490426     0.425036
rf0333      8.53599     0.130780    0.0653901
rf0223      8.47060     0.130780    0.0653902
rf0259      8.17635     0.523122     0.359646
rf0227      8.30713     0.326951     0.359646
rf0338      8.96103      1.60206      0.00000
rf0279      7.78401     0.425036     0.588512
rf0234      8.79755     0.130780    0.0980854
rf0580      7.35897      0.00000     0.784682
rf0157      8.04557     0.686597     0.228866
rf0167      8.37252    0.0980853    0.0980853
rf0237      8.56869     0.163476     0.359646
rf0586      8.89564      1.53667    0.0653901
rf0284      8.14365     0.751987     0.686597
rf0236      7.65323     0.294256     0.555817
rf0169      7.78401     0.392341     0.490426
rf0171      8.60138     0.163476    0.0326952
rf0173      8.50330     0.130780    0.0326952
rf0238      7.81670     0.425036     0.392341
rf0638      8.50330     0.130780    0.0980853
rf0175      8.24174     0.392341     0.392341
rf0587      7.81670     0.457731     0.457731
rf0328      8.66677     0.130780     0.130780
rf0176      8.63408     0.130780    0.0980853
rf0291      8.14365     0.490426     0.326951
rf0177      8.30713     0.294256     0.359646
rf0292      8.79755     0.196171    0.0980854
rf0179      8.07826     0.555817     0.261561
rf0242      8.56869    0.0980853    0.0326951
rf0181      8.17635     0.686597     0.326951
rs1307      8.56869     0.196171     0.130780
rs1280      7.35897      0.00000      1.07894
rf0335      7.55514     0.196171     0.621207
rf0297      8.33982     0.294256     0.196171
rf0596      8.04557     0.523122     0.294256
rf0240      7.35897      0.00000     0.751987
rf0251      8.47060    0.0980853     0.130780
rf0190      7.35897      0.00000      1.20972
rf0268      8.07826     0.588512     0.326951
rf0332      8.14365     0.686597     0.228866
rf0192      7.68592     0.326951     0.555817
rf0193      8.89564     0.130780    0.0326951
rf0195      8.60138     0.130780     0.130780
rf0197      8.79755      1.43858     0.163476
rf0201      7.35897      0.00000     0.751987
rf0205      8.92834    0.0653902    0.0326951
rf0622      7.75131     0.392341     0.490426
rf0239      8.37252    0.0980853     0.130780
rf0206      8.76486     0.163476    0.0980853
rf0339      8.89564      1.53667    0.0653901
rf0210      8.07826     0.490426     0.392341
rf0631      8.07826     0.719292     0.196171
rf0342      7.45706    0.0980853     0.719292
rf0634      8.17635     0.817378     0.751987
rf0265      8.11096     0.653902     0.326951
rf0343      8.96103      1.60206      0.00000
rf0331      8.33982     0.621207     0.359646
rf0217      8.63408     0.163476     0.130780
rf0244      8.83025     0.294256    0.0980853
rf0180      8.40521     0.261561     0.359646
rf0226      8.27443     0.653902     0.588512
rf0280      7.58784     0.228866     0.588512
rf0300      8.33982     0.261561     0.490427
rf0306      8.07826     0.719292     0.261561
rf0286      8.83025     0.163476    0.0653902
rf0271      8.79755     0.163475    0.0980854
rf0262      7.58784     0.228866     0.588512
rf0272      8.14365     0.686597     0.228866
rf0277      8.69947     0.163475     0.130780
rf0235      7.68592     0.326951     0.555817
rf0003      8.83025     0.163476    0.0326951
rf0258      8.30713     0.228866    0.0653902
rf0002      8.33982     0.130780     0.130780
rf0312      8.14365     0.784682     0.457731
rf0515      8.53599    0.0980854     0.163475
rf0298      8.17635     0.457731     0.261561
rf0313      8.30713     0.425036     0.163476
rf0642      7.39166    0.0326951     0.784682
rf0299      8.07826     0.621207     0.294256
rf0643      7.35897      0.00000     0.555817
rf0649      8.37252     0.130780     0.196171
rf0646      7.35897      0.00000     0.686597
rf0001      7.52245     0.163476     0.621207
rf0650      8.11096     0.751987     0.228866
rf0654      8.07826     0.490426     0.261561
rs1276      8.24174     0.523122     0.490427
rs1300      8.83025     0.196171    0.0653902
rf0256      8.76486     0.130780    0.0980853
rf0309      8.50330     0.163476    0.0653902
rf0653      7.35897      0.00000     0.751987
rf0305      8.17635     0.555817     0.261561
rf0655      7.65323     0.294256     0.555817
rf0308      8.20904     0.523122     0.326951
rf0311      8.20904     0.621207     0.326951
rf0266      8.11096     0.653902     0.294256
rf0627      7.35897      0.00000     0.784682
rf0247      8.24174     0.555817     0.653902
rf0248      8.83025     0.228866    0.0653902
rf0585      7.78401     0.425036     0.457731
rf0663      7.35897      0.00000     0.850073
rf0320      7.39166    0.0326951     0.784682
rf0327      8.14365     0.784682     0.261561
rf0670      7.55514     0.196171     0.588512
rf0252      8.17635     0.621207     0.294256
rf0253      8.43791     0.294256     0.457731
rf0154      8.27443     0.326951     0.392341
rf0607      7.62053     0.261561     0.621207
rf0156      8.63408     0.130780     0.130780
rf0630      8.07826     0.719292     0.294256
rf0287      8.50330     0.130780    0.0326952
rf0322      8.01287     0.653902     0.392341
rf0628      8.20904     0.588512     0.555817
rf0204      8.96103      1.60206      0.00000
rf0257      7.52245     0.163476     0.653902
rf0685      8.20904     0.850073     0.751987
rf0669      8.11096     0.751987     0.850073
rf0674      8.20904     0.850073     0.653902
rf0680      8.79755      1.43858     0.163476
rf0668      7.35897      0.00000     0.850073
rf0324      8.40521    0.0980853    0.0980853
rf0329      8.89564    0.0980854    0.0326951
rf0683      7.52245     0.163476     0.555817
rf0661      8.79755      1.43858     0.163476
rf0325      8.56869     0.130780      0.00000
