#Name 	 q_Estimate 	 Err_down 	 Err_up
 rf0780 	 7.000000 	 0.000000 	 0.098085 
 rf0433 	 7.000000 	 0.000000 	 0.261561 
 rf0446 	 8.013548 	 0.948158 	 0.588512 
 rf0447 	 7.523122 	 0.196171 	 0.261561 
 rf0448 	 7.032695 	 0.032695 	 0.228866 
 rf0456 	 7.032695 	 0.032695 	 0.130780 
 rf0462 	 7.196171 	 0.065390 	 0.130780 
 rf0463 	 7.359646 	 0.228866 	 0.196171 
 rf0779 	 7.261561 	 0.098085 	 0.228866 
 rf0376 	 7.392341 	 0.163476 	 0.326951 
 rf0377 	 7.588512 	 0.163476 	 0.261561 
 rf0378 	 7.065390 	 0.065390 	 0.163476 
 rf0383 	 7.555817 	 0.294256 	 0.359646 
 rf0384 	 7.196171 	 0.098085 	 0.196171 
 rf0706 	 7.359646 	 0.196171 	 0.130780 
 rf0707 	 7.228866 	 0.163476 	 0.392341 
 rf0386 	 7.196171 	 0.098085 	 0.163476 
 rf0387 	 7.163476 	 0.098085 	 0.196171 
 rf0391 	 7.130780 	 0.065390 	 0.130780 
 rf0711 	 7.000000 	 0.000000 	 0.294256 
 rf0397 	 7.980853 	 0.523122 	 0.326951 
 rf0398 	 7.359646 	 0.196171 	 0.196171 
 rf0399 	 7.163476 	 0.130780 	 0.261561 
 rf0400 	 7.555817 	 0.261561 	 0.261561 
 rf0405 	 7.555817 	 0.196171 	 0.294256 
 rf0414 	 7.882768 	 0.130780 	 0.228866 
 rf0741 	 7.228866 	 0.065390 	 0.130780 
 rf0415 	 7.261561 	 0.163476 	 0.196171 
 rf0465 	 7.294256 	 0.130780 	 0.163476 
 rf0466 	 7.196171 	 0.130780 	 0.261561 
 rf0471 	 7.261561 	 0.163476 	 0.228866 
 rf0765 	 7.817378 	 0.098085 	 0.163476 
 rf0773 	 7.392341 	 0.065390 	 0.130780 
 rf0774 	 7.294256 	 0.065390 	 0.163476 
 rf0500 	 7.294256 	 0.294256 	 0.130780 
 rf0781 	 7.163476 	 0.098085 	 0.163476 
 rf0782 	 7.523122 	 0.098085 	 0.196171 
 rf0720 	 7.261561 	 0.163476 	 0.228866 
 rf0724 	 7.000000 	 0.000000 	 0.294256 
 rf0402 	 7.000000 	 0.000000 	 0.294256 
 rf0403 	 7.523122 	 0.163476 	 0.228866 
 rf0365 	 7.000000 	 0.000000 	 0.065390 
 rf0367 	 7.326951 	 0.065390 	 0.130780 
 rf0372 	 7.457732 	 0.261561 	 0.163476 
 rf0374 	 7.130780 	 0.098085 	 0.228866 
 rf0375 	 7.000000 	 0.000000 	 0.326951 
 rf0388 	 8.013548 	 0.359646 	 0.588512 
 rf0392 	 7.490427 	 0.098085 	 0.130780 
 rf0394 	 7.817378 	 0.359646 	 0.228866 
 rf0395 	 7.523122 	 0.261561 	 0.294256 
 rf0396 	 7.915463 	 0.523122 	 0.686597 
 rf0719 	 7.000000 	 0.000000 	 0.294256 
 rf0401 	 7.457732 	 0.065390 	 0.098085 
 rf0725 	 7.261561 	 0.065390 	 0.130780 
 rf0730 	 7.163476 	 0.163476 	 0.163476 
 rf0346 	 7.915463 	 0.915463 	 0.686597 
 rf0348 	 7.980853 	 0.326951 	 0.359646 
 rf0688 	 7.196171 	 0.098085 	 0.228866 
 rf0689 	 7.000000 	 0.000000 	 0.294256 
 rf0351 	 7.359646 	 0.163476 	 0.163476 
 rf0353 	 7.719292 	 0.196171 	 0.098085 
 rf0690 	 7.588512 	 0.098085 	 0.163476 
 rf0692 	 7.392341 	 0.098085 	 0.130780 
 rf0354 	 7.000000 	 0.000000 	 0.392341 
 rf0693 	 7.490427 	 0.098085 	 0.196171 
 rf0358 	 7.751987 	 0.196171 	 0.196171 
 rf0363 	 7.751987 	 0.130780 	 0.196171 
 rf0364 	 7.261561 	 0.163476 	 0.163476 
 rf0366 	 7.000000 	 0.000000 	 0.294256 
 rf0368 	 7.359646 	 0.098085 	 0.130780 
 rf0694 	 7.686597 	 0.163476 	 0.490427 
 rf0370 	 7.261561 	 0.098085 	 0.196171 
 rf0695 	 7.000000 	 0.000000 	 0.196171 
 rf0696 	 7.000000 	 0.000000 	 0.294256 
 rf0373 	 8.602060 	 8.602060 	 -8.602060 
 rf0697 	 7.326951 	 0.098085 	 0.130780 
 rf0701 	 7.130780 	 0.065390 	 0.098085 
 rf0702 	 7.490427 	 0.098085 	 0.098085 
 rf0381 	 7.359646 	 0.163476 	 0.196171 
 rf0703 	 7.392341 	 0.065390 	 0.163476 
 rf0385 	 7.163476 	 0.130780 	 0.228866 
 rf0776 	 7.261561 	 0.163476 	 0.098085 
 rf0495 	 8.602060 	 0.425036 	 0.000000 
 rf0496 	 7.457732 	 0.098085 	 0.653902 
 rf0777 	 7.130780 	 0.098085 	 0.196171 
 rf0778 	 7.000000 	 0.000000 	 0.130780 
 rf0499 	 7.000000 	 0.000000 	 0.326951 
 rf0502 	 7.000000 	 0.000000 	 0.098085 
 rf0503 	 7.000000 	 0.000000 	 0.523122 
 rf0784 	 7.000000 	 0.000000 	 0.196171 
 rf0785 	 7.261561 	 0.098085 	 0.228866 
 rf0789 	 7.228866 	 0.130780 	 0.130780 
 rf0505 	 7.000000 	 0.000000 	 0.294256 
 rf0506 	 7.163476 	 0.163476 	 0.882768 
 rf0792 	 7.425036 	 0.098085 	 0.130780 
 rf0507 	 7.032695 	 0.032695 	 0.228866 
 rf0510 	 8.602060 	 8.602060 	 -8.602060 
 rf0513 	 7.196171 	 0.163476 	 0.163476 
 rf0795 	 7.000000 	 0.000000 	 0.261561 
 rf0796 	 7.065390 	 0.032695 	 0.065390 
 rf0797 	 7.359646 	 0.098085 	 0.130780 
 rf0290 	 7.817378 	 0.261561 	 0.392341 
 rf0323 	 7.326951 	 0.196171 	 0.359646 
 rf0453 	 7.032695 	 0.032695 	 0.196171 
 rf0763 	 7.523122 	 0.098085 	 0.163476 
 rf0436 	 7.359646 	 0.163476 	 0.228866 
 rf0439 	 7.523122 	 0.098085 	 0.098085 
 rf0441 	 7.490427 	 0.130780 	 0.163476 
 rf0476 	 7.196171 	 0.098085 	 0.196171 
 rf0477 	 7.425036 	 0.163476 	 0.425036 
 rf0771 	 7.196171 	 0.130780 	 0.163476 
 rf0487 	 7.000000 	 0.000000 	 0.425036 
 rf0488 	 7.000000 	 0.000000 	 0.294256 
 rf0756 	 7.392341 	 0.065390 	 0.130780 
 rf0413 	 7.163476 	 0.130780 	 0.261561 
 rf0723 	 7.163476 	 0.098085 	 0.163476 
 rf0427 	 7.163476 	 0.130780 	 0.130780 
 rf0464 	 7.882768 	 0.130780 	 0.196171 
 rf0430 	 7.457732 	 0.098085 	 0.130780 
 rf0761 	 7.392341 	 0.065390 	 0.130780 
 rf0750 	 7.261561 	 0.130780 	 0.163476 
 rf0432 	 7.098085 	 0.098085 	 0.196171 
 rf0434 	 7.457732 	 0.098085 	 0.163476 
 rf0788 	 7.196171 	 0.098085 	 0.130780 
 rf0712 	 7.000000 	 0.000000 	 0.098085 
 rf0729 	 7.326951 	 0.196171 	 0.261561 
 rf0731 	 7.130780 	 0.032695 	 0.130780 
 rf0419 	 7.719292 	 0.130780 	 0.163476 
 rf0425 	 7.196171 	 0.130780 	 0.326951 
 rf0753 	 7.326951 	 0.065390 	 0.130780 
 rf0435 	 8.602060 	 0.294256 	 0.000000 
 rf0454 	 7.196171 	 0.098085 	 0.163476 
 rf0455 	 8.602060 	 0.457732 	 0.000000 
 rf0762 	 7.555817 	 0.130780 	 0.228866 
 rf0467 	 7.000000 	 0.000000 	 0.196171 
 rf0479 	 7.326951 	 0.098085 	 0.163476 
 rf0714 	 7.098085 	 0.065390 	 0.130780 
 rf0412 	 7.261561 	 0.163476 	 0.196171 
 rf0717 	 7.326951 	 0.130780 	 0.196171 
 rf0718 	 7.359646 	 0.196171 	 0.130780 
 rf0444 	 8.602060 	 0.326951 	 0.000000 
 rf0705 	 7.261561 	 0.163476 	 0.196171 
 rf0713 	 7.130780 	 0.065390 	 0.130780 
 rf0473 	 7.000000 	 0.000000 	 0.228866 
 rf0480 	 7.000000 	 0.000000 	 0.065390 
 rf0482 	 7.000000 	 0.000000 	 0.294256 
 rf0485 	 7.653902 	 0.098085 	 0.163476 
 rf0474 	 7.555817 	 0.098085 	 0.196171 
 rf0772 	 7.882768 	 0.098085 	 0.130780 
 rf0775 	 7.621207 	 0.098085 	 0.130780 
 rf0428 	 7.359646 	 0.098085 	 0.098085 
 rf0764 	 7.261561 	 0.098085 	 0.130780 
 rf0460 	 7.326951 	 0.228866 	 0.228866 
 rf0461 	 7.555817 	 0.163476 	 0.228866 
 rf0791 	 7.326951 	 0.098085 	 0.130780 
 rf0728 	 7.261561 	 0.098085 	 0.130780 
 rf0745 	 7.751987 	 0.065390 	 0.130780 
 rf0748 	 7.555817 	 0.359646 	 0.196171 
 rf0431 	 7.425036 	 0.065390 	 0.098085 
 rf0459 	 7.523122 	 0.098085 	 0.130780 
 rf0440 	 7.523122 	 0.196171 	 0.555817 
 rf0393 	 7.751987 	 0.098085 	 0.163476 
 rf0749 	 7.490427 	 0.065390 	 0.130780 
 rs0002 	 7.228866 	 0.163476 	 0.261561 
 rs0003 	 7.000000 	 0.000000 	 0.294256 
 rs0004 	 7.555817 	 0.130780 	 0.130780 
 rs0005 	 7.000000 	 0.000000 	 0.163476 
 rs1314 	 7.228866 	 0.130780 	 0.196171 
 rs0006 	 7.686597 	 0.196171 	 0.588512 
 rs0007 	 7.196171 	 0.098085 	 0.130780 
 rs0009 	 7.523122 	 0.098085 	 0.130780 
 rs0010 	 7.196171 	 0.130780 	 0.130780 
 rs0011 	 7.163476 	 0.098085 	 0.130780 
 rs0012 	 7.359646 	 0.163476 	 0.326951 
 rs0013 	 7.228866 	 0.163476 	 0.294256 
 rs0014 	 7.326951 	 0.130780 	 0.163476 
 rs0015 	 7.065390 	 0.032695 	 0.228866 
 rs0018 	 7.719292 	 0.719292 	 0.686597 
 rs0019 	 7.196171 	 0.163476 	 0.163476 
 rs0021 	 7.000000 	 0.000000 	 0.490427 
 rs0022 	 8.242414 	 0.294256 	 0.359646 
 rs0023 	 7.392341 	 0.196171 	 0.130780 
 rs0029 	 7.555817 	 0.261561 	 0.228866 
 rs0030 	 7.751987 	 0.425036 	 0.359646 
 rs0032 	 7.784683 	 0.784683 	 0.817378 
 rs0035 	 7.686597 	 0.130780 	 0.196171 
 rs0037 	 7.294256 	 0.098085 	 0.130780 
 rs0039 	 7.359646 	 0.098085 	 0.130780 
 rs0040 	 7.000000 	 0.000000 	 0.130780 
 rs0041 	 7.490427 	 0.261561 	 0.425036 
 rs0042 	 7.294256 	 0.130780 	 0.425036 
 rs0043 	 7.000000 	 0.000000 	 0.294256 
 rs0044 	 7.621207 	 0.196171 	 0.457732 
 rs0045 	 8.209719 	 0.196171 	 0.359646 
 rs0046 	 7.359646 	 0.261561 	 1.177024 
 rs1315 	 7.392341 	 0.163476 	 0.228866 
 rs0048 	 7.228866 	 0.163476 	 0.163476 
 rs0049 	 8.307804 	 1.177024 	 0.294256 
 rs1316 	 7.228866 	 0.196171 	 0.294256 
 rs0050 	 7.228866 	 0.163476 	 0.196171 
 rs0051 	 7.261561 	 0.196171 	 0.163476 
 rs0052 	 7.196171 	 0.163476 	 0.163476 
 rs0053 	 7.653902 	 0.359646 	 0.261561 
 rs0054 	 7.294256 	 0.098085 	 0.196171 
 rs0055 	 7.359646 	 0.228866 	 0.196171 
 rs0056 	 7.261561 	 0.163476 	 0.294256 
 rs0057 	 7.490427 	 0.130780 	 0.196171 
 rs1317 	 7.000000 	 0.000000 	 0.326951 
 rs0060 	 7.425036 	 0.098085 	 0.130780 
 rs1318 	 7.000000 	 0.000000 	 0.392341 
 rs1319 	 7.621207 	 0.359646 	 0.523122 
 rs0062 	 7.392341 	 0.098085 	 0.098085 
 rs0063 	 7.000000 	 0.000000 	 0.163476 
 rs0064 	 8.144329 	 0.359646 	 0.392341 
 rs0065 	 7.163476 	 0.098085 	 0.163476 
 rs0066 	 7.228866 	 0.065390 	 0.130780 
 rs0068 	 7.196171 	 0.130780 	 0.196171 
 rs0070 	 7.228866 	 0.098085 	 0.130780 
 rs0074 	 7.163476 	 0.163476 	 0.130780 
 rs0077 	 7.359646 	 0.294256 	 0.228866 
 rs0080 	 8.503975 	 0.653902 	 0.098085 
 rs0081 	 7.000000 	 0.000000 	 0.294256 
 rs0082 	 7.130780 	 0.098085 	 0.196171 
 rs0083 	 7.392341 	 0.065390 	 0.065390 
 rs0084 	 7.000000 	 0.000000 	 0.294256 
 rs0085 	 7.065390 	 0.065390 	 0.163476 
 rs0088 	 7.359646 	 0.130780 	 0.130780 
 rs0087 	 7.425036 	 0.163476 	 0.130780 
 rs0089 	 7.294256 	 0.228866 	 0.228866 
 rs0090 	 7.490427 	 0.130780 	 0.196171 
 rs0092 	 7.000000 	 0.000000 	 0.294256 
 rs0093 	 7.261561 	 0.163476 	 0.228866 
 rs0094 	 7.457732 	 0.294256 	 0.457732 
 rs0095 	 7.490427 	 0.098085 	 0.196171 
 rs0096 	 7.392341 	 0.228866 	 0.228866 
 rs0097 	 7.653902 	 0.196171 	 0.392341 
 rs0098 	 7.196171 	 0.163476 	 1.405890 
 rs0104 	 7.326951 	 0.196171 	 0.163476 
 rs0105 	 7.065390 	 0.065390 	 0.098085 
 rs0107 	 7.000000 	 0.000000 	 0.294256 
 rs0109 	 7.425036 	 0.163476 	 0.228866 
 rs0111 	 7.294256 	 0.065390 	 0.130780 
 rs1321 	 7.000000 	 0.000000 	 0.294256 
 rs1322 	 7.000000 	 0.000000 	 0.653902 
 rs0113 	 7.948158 	 0.326951 	 0.621207 
 rs0114 	 7.392341 	 0.130780 	 0.228866 
 rs0118 	 7.228866 	 0.130780 	 0.326951 
 rs0120 	 7.065390 	 0.065390 	 0.228866 
 rs0121 	 7.163476 	 0.163476 	 0.130780 
 rs0122 	 7.425036 	 0.130780 	 0.196171 
 rs0124 	 7.294256 	 0.098085 	 0.130780 
 rs0125 	 8.602060 	 8.602060 	 -8.602060 
 rs0126 	 7.359646 	 0.163476 	 0.392341 
 rs0127 	 7.621207 	 0.294256 	 0.980853 
 rs0128 	 7.294256 	 0.196171 	 0.196171 
 rs0129 	 7.457732 	 0.261561 	 0.294256 
 rs0130 	 7.228866 	 0.098085 	 0.130780 
 rs0132 	 7.228866 	 0.065390 	 0.130780 
 rs0133 	 8.602060 	 0.490427 	 0.000000 
 rs0134 	 7.948158 	 0.326951 	 0.653902 
 rs0135 	 7.228866 	 0.163476 	 0.163476 
 rs0136 	 8.307804 	 0.457732 	 0.294256 
 rs0137 	 7.196171 	 0.130780 	 0.196171 
 rs0138 	 7.326951 	 0.130780 	 0.098085 
 rs0139 	 8.144329 	 0.130780 	 0.228866 
 rs0140 	 7.719292 	 0.098085 	 0.163476 
 rs0141 	 7.130780 	 0.098085 	 0.098085 
 rs0142 	 7.817378 	 0.196171 	 0.392341 
 rs0143 	 7.425036 	 0.261561 	 0.261561 
 rs0145 	 7.261561 	 0.196171 	 0.098085 
 rs0146 	 7.523122 	 0.163476 	 0.196171 
 rs0147 	 7.228866 	 0.163476 	 0.621207 
 rs0148 	 7.653902 	 0.261561 	 0.326951 
 rs0149 	 7.032695 	 0.032695 	 0.163476 
 rs1323 	 7.163476 	 0.098085 	 0.163476 
 rs1324 	 7.228866 	 0.163476 	 0.196171 
 rs0150 	 7.130780 	 0.065390 	 0.098085 
 rs0151 	 7.457732 	 0.098085 	 0.163476 
 rs0152 	 7.392341 	 0.098085 	 0.098085 
 rs0154 	 7.326951 	 0.098085 	 0.130780 
 rs1325 	 7.000000 	 0.000000 	 0.294256 
 rs0155 	 7.425036 	 0.228866 	 0.457732 
 rs0156 	 7.228866 	 0.130780 	 0.163476 
 rs0159 	 8.602060 	 0.784683 	 0.000000 
 rs0161 	 7.130780 	 0.098085 	 0.228866 
 rs0163 	 7.588512 	 0.196171 	 0.294256 
 rs0165 	 7.261561 	 0.130780 	 0.294256 
 rs0166 	 7.392341 	 0.228866 	 0.163476 
 rs0167 	 7.490427 	 0.163476 	 0.392341 
 rs0168 	 7.490427 	 0.098085 	 0.163476 
 rs0170 	 7.294256 	 0.130780 	 0.163476 
 rs0171 	 7.228866 	 0.130780 	 0.228866 
 rs0172 	 7.000000 	 0.000000 	 0.228866 
 rs0173 	 7.261561 	 0.098085 	 0.130780 
 rs0174 	 7.228866 	 0.098085 	 0.130780 
 rs0175 	 7.392341 	 0.163476 	 0.359646 
 rs0177 	 7.392341 	 0.098085 	 0.523122 
 rs0178 	 7.000000 	 0.000000 	 0.425036 
 rs0179 	 7.000000 	 0.000000 	 1.602060 
 rs0180 	 7.228866 	 0.163476 	 0.326951 
 rs0181 	 7.000000 	 0.000000 	 0.523122 
 rs0182 	 7.032695 	 0.032695 	 0.228866 
 rs0183 	 7.457732 	 0.261561 	 0.294256 
 rs0188 	 8.602060 	 0.326951 	 0.000000 
 rs0190 	 7.555817 	 0.261561 	 0.326951 
 rs0191 	 8.602060 	 0.326951 	 0.000000 
 rs0193 	 7.130780 	 0.098085 	 0.130780 
 rs0194 	 8.144329 	 0.425036 	 0.425036 
 rs0196 	 7.000000 	 0.000000 	 0.326951 
 rs0201 	 7.000000 	 0.000000 	 0.294256 
 rs0202 	 7.294256 	 0.261561 	 0.065390 
 rs0203 	 7.882768 	 0.261561 	 0.359646 
 rs0206 	 7.392341 	 0.261561 	 0.294256 
 rs0209 	 7.555817 	 0.228866 	 0.294256 
 rs0210 	 7.228866 	 0.098085 	 0.130780 
 rs0211 	 7.359646 	 0.261561 	 0.163476 
 rs0212 	 7.130780 	 0.098085 	 0.130780 
 rs0214 	 7.163476 	 0.130780 	 0.163476 
 rs0215 	 7.196171 	 0.065390 	 0.098085 
 rs0218 	 7.000000 	 0.000000 	 0.294256 
 rs0220 	 7.523122 	 0.130780 	 0.163476 
 rs0221 	 7.228866 	 0.163476 	 0.196171 
 rs0222 	 7.523122 	 0.261561 	 0.228866 
 rs0223 	 7.523122 	 0.261561 	 0.228866 
 rs0225 	 7.621207 	 0.196171 	 0.261561 
 rs0226 	 7.392341 	 0.130780 	 0.130780 
 rs0227 	 7.294256 	 0.228866 	 0.196171 
 rs0228 	 7.294256 	 0.130780 	 0.130780 
 rs0231 	 7.261561 	 0.163476 	 0.261561 
 rs1329 	 7.392341 	 0.065390 	 0.130780 
 rs0236 	 7.196171 	 0.065390 	 0.098085 
 rs0237 	 8.209719 	 0.392341 	 0.392341 
 rs0239 	 7.523122 	 0.294256 	 0.163476 
 rs0240 	 8.242414 	 0.882768 	 0.359646 
 rs0241 	 7.326951 	 0.163476 	 0.326951 
 rs0242 	 7.065390 	 0.065390 	 0.228866 
 rs0243 	 7.555817 	 0.261561 	 0.196171 
 rs0244 	 7.326951 	 0.163476 	 0.294256 
 rs0246 	 7.784683 	 0.196171 	 0.392341 
 rs0247 	 7.588512 	 0.098085 	 0.098085 
 rs0250 	 8.078939 	 0.882768 	 0.457732 
 rs0253 	 7.490427 	 0.261561 	 0.228866 
 rs0255 	 7.425036 	 0.163476 	 0.228866 
 rs0256 	 7.490427 	 0.130780 	 0.457732 
 rs0257 	 7.196171 	 0.130780 	 0.163476 
 rs0259 	 7.555817 	 0.294256 	 0.294256 
 rs0260 	 7.457732 	 0.261561 	 0.261561 
 rs0261 	 7.915463 	 0.392341 	 0.588512 
 rs0262 	 7.425036 	 0.130780 	 0.130780 
 rs0263 	 7.359646 	 0.228866 	 0.163476 
 rs0264 	 7.555817 	 0.098085 	 0.228866 
 rs0266 	 8.602060 	 0.359646 	 0.000000 
 rs0267 	 7.000000 	 0.000000 	 0.294256 
 rs0268 	 7.000000 	 0.000000 	 0.294256 
 rs0269 	 7.392341 	 0.163476 	 0.392341 
 rs0270 	 7.490427 	 0.294256 	 0.196171 
 rs0272 	 7.228866 	 0.130780 	 0.294256 
 rs0273 	 7.228866 	 0.130780 	 0.294256 
 rs0274 	 7.228866 	 0.130780 	 0.294256 
 rs0275 	 7.000000 	 0.000000 	 0.294256 
 rs0276 	 7.228866 	 0.130780 	 0.228866 
 rs0277 	 7.196171 	 0.065390 	 0.130780 
 rs1330 	 7.163476 	 0.098085 	 0.098085 
 rs0280 	 8.340499 	 0.326951 	 0.261561 
 rs0282 	 8.046243 	 0.294256 	 0.425036 
 rs0283 	 7.130780 	 0.098085 	 0.326951 
 rs0285 	 7.392341 	 0.098085 	 0.130780 
 rs0289 	 7.163476 	 0.130780 	 0.261561 
 rs0290 	 7.294256 	 0.098085 	 0.130780 
 rs0291 	 7.294256 	 0.098085 	 0.130780 
 rs0292 	 7.457732 	 0.163476 	 0.294256 
 rs0297 	 7.326951 	 0.098085 	 0.130780 
 rs0302 	 8.013548 	 0.098085 	 0.163476 
 rs0303 	 7.228866 	 0.065390 	 0.098085 
 rs0306 	 7.784683 	 0.228866 	 0.326951 
 rs0308 	 7.228866 	 0.163476 	 0.163476 
 rs0310 	 7.490427 	 0.326951 	 0.490427 
 rs1331 	 7.163476 	 0.065390 	 0.130780 
 rs0313 	 7.228866 	 0.228866 	 0.588512 
 rs0314 	 7.228866 	 0.130780 	 0.326951 
 rs0315 	 7.000000 	 0.000000 	 0.294256 
 rs0316 	 7.817378 	 0.326951 	 0.359646 
 rs0318 	 7.719292 	 0.098085 	 0.196171 
 rs0320 	 7.490427 	 0.294256 	 0.719292 
 rs0323 	 7.196171 	 0.163476 	 0.163476 
 rs0328 	 7.000000 	 0.000000 	 0.098085 
 rs0331 	 7.065390 	 0.065390 	 0.261561 
 rs0334 	 7.261561 	 0.163476 	 0.163476 
 rs0336 	 7.196171 	 0.130780 	 0.228866 
 rs0337 	 7.261561 	 0.130780 	 0.261561 
 rs0339 	 7.425036 	 0.294256 	 0.261561 
 rs0340 	 7.228866 	 0.163476 	 0.261561 
 rs0341 	 7.359646 	 0.163476 	 0.523122 
 rs0342 	 7.326951 	 0.130780 	 0.130780 
 rs0343 	 7.457732 	 0.130780 	 0.130780 
 rs0344 	 7.457732 	 0.163476 	 0.163476 
 rs0345 	 7.359646 	 0.065390 	 0.098085 
 rs0346 	 7.326951 	 0.098085 	 0.130780 
 rs0348 	 7.948158 	 0.196171 	 0.294256 
 rs0349 	 7.523122 	 0.098085 	 0.098085 
 rs0350 	 7.555817 	 0.163476 	 0.196171 
 rs0351 	 7.588512 	 0.261561 	 0.359646 
 rs0354 	 7.490427 	 0.130780 	 0.130780 
 rs0356 	 7.588512 	 0.294256 	 0.294256 
 rs0358 	 7.719292 	 0.261561 	 0.294256 
 rs0362 	 7.686597 	 0.326951 	 0.719292 
 rs0363 	 7.392341 	 0.130780 	 0.163476 
 rs0364 	 7.261561 	 0.065390 	 0.130780 
 rs0365 	 7.163476 	 0.098085 	 0.130780 
 rs0371 	 7.163476 	 0.163476 	 0.196171 
 rs0372 	 7.425036 	 0.098085 	 0.163476 
 rs0373 	 7.653902 	 0.294256 	 0.261561 
 rs0374 	 7.196171 	 0.098085 	 0.130780 
 rs0376 	 7.196171 	 0.130780 	 0.326951 
 rs0377 	 7.196171 	 0.130780 	 0.163476 
 rs0378 	 7.588512 	 0.228866 	 0.261561 
 rs0380 	 7.850073 	 0.425036 	 0.751987 
 rs0381 	 7.000000 	 0.000000 	 0.392341 
 rs0382 	 7.555817 	 0.228866 	 0.294256 
 rs0384 	 7.294256 	 0.163476 	 0.261561 
 rs0386 	 7.555817 	 0.163476 	 0.588512 
 rs0388 	 7.326951 	 0.098085 	 0.098085 
 rs0389 	 7.425036 	 0.098085 	 0.065390 
 rs0390 	 7.000000 	 0.000000 	 0.392341 
 rs0391 	 7.196171 	 0.163476 	 0.163476 
 rs0392 	 7.882768 	 0.163476 	 0.719292 
 rs0393 	 7.163476 	 0.130780 	 0.163476 
 rs0394 	 7.588512 	 0.098085 	 0.163476 
 rs0396 	 8.144329 	 0.359646 	 0.457732 
 rs0404 	 7.098085 	 0.065390 	 0.196171 
 rs0405 	 7.294256 	 0.130780 	 0.163476 
 rs0406 	 7.261561 	 0.163476 	 0.261561 
 rs0408 	 7.653902 	 0.163476 	 0.392341 
 rs0409 	 7.000000 	 0.000000 	 0.359646 
 rs0411 	 7.359646 	 0.098085 	 0.098085 
 rs1332 	 7.359646 	 0.098085 	 0.098085 
 rs0415 	 7.784683 	 0.098085 	 0.163476 
 rs0416 	 7.000000 	 0.000000 	 0.163476 
 rs0418 	 7.261561 	 0.098085 	 0.130780 
 rs0419 	 7.359646 	 0.196171 	 0.130780 
 rs0420 	 7.000000 	 0.000000 	 0.326951 
 rs0421 	 7.359646 	 0.065390 	 0.098085 
 rs0422 	 7.457732 	 0.098085 	 0.098085 
 rs0424 	 7.359646 	 0.065390 	 0.098085 
 rs0425 	 7.294256 	 0.294256 	 0.163476 
 rs0427 	 7.261561 	 0.098085 	 0.130780 
 rs0428 	 7.196171 	 0.130780 	 0.228866 
 rs0429 	 7.294256 	 0.130780 	 0.065390 
 rs0430 	 7.261561 	 0.098085 	 0.130780 
 rs0432 	 8.405890 	 0.130780 	 0.196171 
 rs0433 	 7.196171 	 0.163476 	 0.228866 
 rs0434 	 7.490427 	 0.163476 	 0.392341 
 rs0435 	 7.098085 	 0.065390 	 0.098085 
 rs0437 	 7.719292 	 0.196171 	 0.196171 
 rs0440 	 7.784683 	 0.130780 	 0.425036 
 rs0442 	 7.098085 	 0.065390 	 0.228866 
 rs0444 	 7.294256 	 0.098085 	 0.163476 
 rs0446 	 7.359646 	 0.130780 	 0.196171 
 rs1333 	 7.359646 	 0.130780 	 0.196171 
 rs1336 	 7.000000 	 0.000000 	 0.294256 
 rs0448 	 7.294256 	 0.130780 	 0.130780 
 rs0449 	 8.046243 	 0.359646 	 0.392341 
 rs0450 	 8.602060 	 0.457732 	 0.000000 
 rs0451 	 8.078939 	 0.228866 	 0.261561 
 rs0452 	 7.555817 	 0.294256 	 0.228866 
 rs0453 	 7.817378 	 0.457732 	 0.784683 
 rs0454 	 7.000000 	 0.000000 	 0.294256 
 rs0456 	 7.130780 	 0.098085 	 0.196171 
 rs0457 	 7.719292 	 0.065390 	 0.130780 
 rs0460 	 7.326951 	 0.098085 	 0.130780 
 rs0463 	 8.177024 	 0.425036 	 0.392341 
 rs0466 	 7.817378 	 0.359646 	 0.784683 
 rs0467 	 7.130780 	 0.098085 	 0.130780 
 rs0468 	 7.000000 	 0.000000 	 0.294256 
 rs0469 	 7.523122 	 0.130780 	 0.228866 
 rs0470 	 7.196171 	 0.098085 	 0.098085 
 rs0472 	 7.425036 	 0.065390 	 0.098085 
 rs0473 	 7.490427 	 0.130780 	 0.098085 
 rs0476 	 7.130780 	 0.130780 	 0.163476 
 rs0477 	 7.000000 	 0.000000 	 0.294256 
 rs0480 	 7.032695 	 0.032695 	 0.130780 
 rs0484 	 7.392341 	 0.098085 	 0.130780 
 rs0485 	 7.425036 	 0.130780 	 0.130780 
 rs0493 	 7.784683 	 0.490427 	 0.457732 
 rs0495 	 7.196171 	 0.098085 	 0.130780 
 rs0496 	 7.163476 	 0.163476 	 0.130780 
 rs0497 	 7.457732 	 0.098085 	 0.163476 
 rs0498 	 7.588512 	 0.326951 	 0.359646 
 rs0501 	 7.294256 	 0.098085 	 0.130780 
 rs0503 	 7.719292 	 0.392341 	 0.196171 
 rs0505 	 7.686597 	 0.359646 	 0.915463 
 rs0508 	 7.163476 	 0.065390 	 0.130780 
 rs0513 	 8.046243 	 0.261561 	 0.228866 
 rs0516 	 7.457732 	 0.163476 	 0.130780 
 rs0517 	 7.588512 	 0.359646 	 0.490427 
 rs0519 	 7.359646 	 0.196171 	 0.163476 
 rs0520 	 7.228866 	 0.130780 	 0.196171 
 rs0521 	 7.261561 	 0.163476 	 0.326951 
 rs0522 	 7.228866 	 0.163476 	 0.196171 
 rs0524 	 7.098085 	 0.065390 	 0.130780 
 rs0526 	 7.294256 	 0.196171 	 0.228866 
 rs0528 	 7.523122 	 0.326951 	 0.196171 
 rs0529 	 7.490427 	 0.163476 	 0.261561 
 rs0531 	 7.392341 	 0.294256 	 0.261561 
 rs0532 	 7.326951 	 0.163476 	 0.130780 
 rs0534 	 7.000000 	 0.000000 	 0.294256 
 rs0536 	 7.850073 	 0.490427 	 0.751987 
 rs0537 	 7.719292 	 0.326951 	 0.228866 
 rs0538 	 7.359646 	 0.261561 	 1.242414 
 rs0541 	 7.653902 	 0.294256 	 0.261561 
 rs0543 	 7.392341 	 0.163476 	 0.163476 
 rs0545 	 7.326951 	 0.130780 	 0.130780 
 rs0548 	 7.523122 	 0.196171 	 0.425036 
 rs0549 	 7.261561 	 0.163476 	 0.228866 
 rs0553 	 7.228866 	 0.098085 	 0.163476 
 rs0554 	 7.751987 	 0.163476 	 0.326951 
 rs0555 	 7.196171 	 0.163476 	 0.163476 
 rs0556 	 8.078939 	 0.098085 	 0.130780 
 rs0559 	 7.457732 	 0.163476 	 0.392341 
 rs0560 	 7.261561 	 0.163476 	 0.228866 
 rs0561 	 7.490427 	 0.228866 	 0.326951 
 rs0562 	 7.000000 	 0.000000 	 0.065390 
 rs0564 	 7.163476 	 0.098085 	 0.130780 
 rs0566 	 7.425036 	 0.163476 	 0.228866 
 rs0568 	 7.130780 	 0.098085 	 0.130780 
 rs0570 	 7.425036 	 0.261561 	 0.457732 
 rs0571 	 7.359646 	 0.065390 	 0.130780 
 rs0572 	 7.392341 	 0.261561 	 0.163476 
 rs0573 	 7.261561 	 0.098085 	 0.163476 
 rs0574 	 7.653902 	 0.294256 	 0.228866 
 rs0578 	 7.326951 	 0.228866 	 0.196171 
 rs0580 	 7.326951 	 0.163476 	 0.163476 
 rs0582 	 8.602060 	 0.326951 	 0.000000 
 rs0585 	 7.130780 	 0.098085 	 0.130780 
 rs0586 	 7.490427 	 0.163476 	 0.326951 
 rs0587 	 7.882768 	 0.621207 	 0.457732 
 rs0588 	 7.000000 	 0.000000 	 0.163476 
 rs0589 	 7.621207 	 0.196171 	 0.555817 
 rs0591 	 7.980853 	 0.294256 	 0.425036 
 rs0597 	 7.032695 	 0.032695 	 0.196171 
 rs0598 	 7.719292 	 0.392341 	 0.196171 
 rs0602 	 7.000000 	 0.000000 	 0.228866 
 rs0603 	 8.602060 	 0.326951 	 0.000000 
 rs0605 	 7.196171 	 0.163476 	 0.130780 
 rs0609 	 7.196171 	 0.163476 	 0.196171 
 rs0610 	 7.490427 	 0.228866 	 0.228866 
 rs0612 	 7.621207 	 0.294256 	 0.261561 
 rs0615 	 7.130780 	 0.130780 	 0.130780 
 rs0618 	 7.261561 	 0.130780 	 0.196171 
 rs0620 	 7.163476 	 0.130780 	 0.228866 
 rs0623 	 7.196171 	 0.098085 	 0.130780 
 rs0627 	 7.196171 	 0.130780 	 0.196171 
 rs0631 	 7.163476 	 0.130780 	 0.130780 
 rs0636 	 7.392341 	 0.163476 	 0.392341 
 rs0638 	 7.228866 	 0.163476 	 0.196171 
 rs0640 	 7.228866 	 0.130780 	 0.163476 
 rs0644 	 7.228866 	 0.130780 	 0.098085 
 rs0645 	 7.163476 	 0.163476 	 0.130780 
 rs0650 	 8.209719 	 0.359646 	 0.392341 
 rs1337 	 7.000000 	 0.000000 	 0.326951 
 rs0656 	 7.392341 	 0.228866 	 0.163476 
 rs0657 	 7.326951 	 0.163476 	 0.163476 
 rs0660 	 7.457732 	 0.294256 	 0.228866 
 rs0669 	 7.000000 	 0.000000 	 0.294256 
 rs0671 	 7.163476 	 0.130780 	 0.228866 
 rs0672 	 8.602060 	 0.425036 	 0.000000 
 rs0678 	 7.196171 	 0.098085 	 0.130780 
 rs0679 	 8.144329 	 0.392341 	 0.457732 
 rs0688 	 7.948158 	 0.359646 	 0.457732 
 rs0700 	 7.065390 	 0.065390 	 0.098085 
 rs0708 	 8.602060 	 0.555817 	 0.000000 
 rs0710 	 7.196171 	 0.130780 	 0.196171 
 rs0712 	 7.130780 	 0.098085 	 0.098085 
 rs0719 	 8.177024 	 0.948158 	 0.425036 
 rs0722 	 7.163476 	 0.098085 	 0.163476 
 rs0731 	 7.425036 	 0.196171 	 0.392341 
 rs0736 	 7.065390 	 0.065390 	 0.130780 
 rs0742 	 7.621207 	 0.326951 	 0.621207 
 rs0741 	 7.719292 	 0.359646 	 0.261561 
 rs0744 	 7.457732 	 0.196171 	 0.163476 
 rs0743 	 7.326951 	 0.098085 	 0.130780 
 rs0745 	 8.602060 	 0.326951 	 0.000000 
 rs0751 	 7.784683 	 0.261561 	 0.425036 
 rs0754 	 7.196171 	 0.163476 	 0.163476 
 rs0740 	 7.261561 	 0.163476 	 0.228866 
 rs0758 	 7.294256 	 0.196171 	 0.228866 
 rs0752 	 7.228866 	 0.130780 	 0.228866 
 rs0757 	 7.228866 	 0.196171 	 0.228866 
 rs0756 	 7.163476 	 0.098085 	 0.163476 
 rs0764 	 7.228866 	 0.163476 	 0.326951 
 rs0763 	 7.032695 	 0.032695 	 0.196171 
 rs0774 	 7.228866 	 0.130780 	 0.163476 
 rs0775 	 7.196171 	 0.098085 	 0.130780 
 rs0781 	 7.784683 	 0.294256 	 0.457732 
 rs0776 	 7.196171 	 0.130780 	 0.294256 
 rs0779 	 7.653902 	 0.326951 	 0.948158 
 rs0794 	 7.065390 	 0.065390 	 0.228866 
 rs0802 	 7.130780 	 0.065390 	 0.130780 
 rs0800 	 7.130780 	 0.098085 	 0.163476 
 rs1339 	 7.000000 	 0.000000 	 0.294256 
 rs1338 	 7.000000 	 0.000000 	 0.228866 
 rs0824 	 7.000000 	 0.000000 	 0.294256 
 rs0834 	 7.261561 	 0.163476 	 0.196171 
 rs1340 	 7.359646 	 0.065390 	 0.163476 
 rs0840 	 7.425036 	 0.163476 	 0.392341 
 rs0839 	 7.784683 	 0.261561 	 0.359646 
 rs0845 	 7.000000 	 0.000000 	 0.228866 
 rs0846 	 8.046243 	 0.294256 	 0.425036 
 rs0855 	 7.130780 	 0.130780 	 0.130780 
 rs0850 	 7.130780 	 0.130780 	 0.163476 
 rs0843 	 7.196171 	 0.130780 	 0.196171 
 rs0869 	 7.490427 	 0.163476 	 0.196171 
 rs0871 	 7.457732 	 0.163476 	 0.326951 
 rs0882 	 7.000000 	 0.000000 	 0.294256 
 rs0895 	 7.425036 	 0.098085 	 0.130780 
 rs0891 	 7.196171 	 0.163476 	 0.163476 
 rs0888 	 7.261561 	 0.163476 	 0.196171 
 rs0896 	 7.000000 	 0.000000 	 0.294256 
 rs0897 	 7.294256 	 0.163476 	 0.359646 
 rs0922 	 7.228866 	 0.130780 	 0.196171 
 rs0974 	 7.784683 	 0.359646 	 0.326951 
 rs0962 	 7.228866 	 0.163476 	 0.163476 
 rs1354 	 8.144329 	 0.457732 	 0.457732 
 rs0767 	 7.032695 	 0.032695 	 0.130780 
 rs0768 	 7.065390 	 0.065390 	 0.326951 
 rs0738 	 7.163476 	 0.130780 	 0.163476 
 rs0734 	 7.261561 	 0.163476 	 0.294256 
 rs0727 	 7.784683 	 0.359646 	 0.228866 
 rs0726 	 7.294256 	 0.098085 	 0.130780 
 rs0724 	 7.392341 	 0.261561 	 0.163476 
 rs0782 	 7.555817 	 0.098085 	 0.523122 
 rs0778 	 7.196171 	 0.098085 	 0.163476 
 rs0777 	 7.621207 	 0.098085 	 0.196171 
 rs0784 	 7.817378 	 0.359646 	 0.261561 
 rs0788 	 7.392341 	 0.163476 	 0.130780 
 rs0795 	 7.523122 	 0.130780 	 0.163476 
 rs0797 	 7.850073 	 0.359646 	 0.392341 
 rs0798 	 7.719292 	 0.326951 	 0.523122 
 rs0799 	 7.261561 	 0.098085 	 0.163476 
 rs0832 	 7.523122 	 0.130780 	 0.163476 
 rs0827 	 7.000000 	 0.000000 	 0.294256 
 rs0828 	 7.261561 	 0.163476 	 0.261561 
 rs0804 	 7.882768 	 0.228866 	 0.130780 
 rs0812 	 7.457732 	 0.196171 	 0.261561 
 rs0810 	 7.163476 	 0.065390 	 0.130780 
 rs0811 	 7.980853 	 0.294256 	 0.359646 
 rs0809 	 7.457732 	 0.228866 	 0.294256 
 rs0808 	 7.000000 	 0.000000 	 0.294256 
 rs0806 	 7.228866 	 0.163476 	 0.163476 
 rs0876 	 7.719292 	 0.098085 	 0.326951 
 rs1343 	 7.294256 	 0.098085 	 0.130780 
 rs0860 	 7.000000 	 0.000000 	 0.294256 
 rs0842 	 7.392341 	 0.065390 	 0.098085 
 rs0847 	 7.392341 	 0.228866 	 0.130780 
 rs0866 	 7.163476 	 0.163476 	 0.163476 
 rs0857 	 7.751987 	 0.098085 	 0.130780 
 rs0853 	 7.032695 	 0.032695 	 0.196171 
 rs0867 	 7.490427 	 0.098085 	 0.130780 
 rs0868 	 7.196171 	 0.163476 	 0.163476 
 rs0870 	 8.013548 	 0.588512 	 0.326951 
 rs0906 	 7.523122 	 0.163476 	 0.326951 
 rs0893 	 7.457732 	 0.130780 	 0.163476 
 rs0880 	 7.196171 	 0.130780 	 0.163476 
 rs0879 	 7.228866 	 0.196171 	 0.228866 
 rs0875 	 7.228866 	 0.130780 	 0.457732 
 rs0872 	 7.098085 	 0.098085 	 0.163476 
 rs0900 	 7.000000 	 0.000000 	 0.294256 
 rs0923 	 7.130780 	 0.065390 	 0.098085 
 rs0919 	 7.294256 	 0.098085 	 0.130780 
 rs0908 	 7.457732 	 0.065390 	 0.098085 
 rs0907 	 7.130780 	 0.130780 	 0.228866 
 rs0915 	 7.457732 	 0.065390 	 0.130780 
 rs0917 	 7.686597 	 0.098085 	 0.163476 
 rs0916 	 7.294256 	 0.163476 	 0.261561 
 rs0920 	 7.130780 	 0.098085 	 0.163476 
 rs0921 	 7.425036 	 0.261561 	 0.228866 
 rs0932 	 7.228866 	 0.065390 	 0.130780 
 rs0926 	 7.359646 	 0.098085 	 0.163476 
 rs0930 	 7.196171 	 0.098085 	 0.130780 
 rs0934 	 7.228866 	 0.130780 	 0.294256 
 rs0945 	 7.065390 	 0.065390 	 0.228866 
 rs0944 	 7.261561 	 0.163476 	 0.228866 
 rs0968 	 7.392341 	 0.098085 	 0.098085 
 rs0953 	 7.948158 	 0.261561 	 0.588512 
 rs1347 	 7.000000 	 0.000000 	 0.326951 
 rs0976 	 7.425036 	 0.098085 	 0.130780 
 rs0975 	 7.130780 	 0.098085 	 0.196171 
 rs0978 	 7.228866 	 0.163476 	 0.098085 
 rs0967 	 7.098085 	 0.065390 	 0.196171 
 rs0970 	 7.163476 	 0.163476 	 0.130780 
 rs0958 	 7.653902 	 0.621207 	 0.326951 
 rs0959 	 7.294256 	 0.098085 	 0.130780 
 rs0981 	 7.392341 	 0.130780 	 0.163476 
 rs0984 	 7.294256 	 0.163476 	 0.130780 
 rs0985 	 7.392341 	 0.163476 	 0.196171 
 rs0983 	 7.523122 	 0.163476 	 0.294256 
 rs0790 	 7.326951 	 0.098085 	 0.130780 
 rs0793 	 7.196171 	 0.130780 	 0.294256 
 rs1342 	 8.013548 	 0.425036 	 0.588512 
 rs0873 	 7.555817 	 0.228866 	 0.326951 
 rs0910 	 7.915463 	 0.621207 	 0.686597 
 rs0909 	 7.130780 	 0.098085 	 0.163476 
 rs0933 	 7.000000 	 0.000000 	 0.065390 
 rs0935 	 7.359646 	 0.130780 	 0.196171 
 rs0936 	 7.359646 	 0.163476 	 0.196171 
 rs1345 	 7.392341 	 0.163476 	 1.209719 
 rs0954 	 7.000000 	 0.000000 	 0.294256 
 rs1348 	 7.228866 	 0.163476 	 0.163476 
 rs0957 	 7.588512 	 0.098085 	 0.228866 
 rs0950 	 7.523122 	 0.196171 	 0.261561 
 rs0946 	 7.228866 	 0.196171 	 0.621207 
 rs0941 	 7.196171 	 0.098085 	 0.196171 
 rs1346 	 7.326951 	 0.098085 	 0.130780 
 rs0979 	 7.130780 	 0.065390 	 0.163476 
 rs0980 	 7.621207 	 0.228866 	 0.392341 
 rs1353 	 7.000000 	 0.000000 	 1.602060 
 rs1350 	 7.000000 	 0.000000 	 1.602060 
 rs1351 	 7.000000 	 0.000000 	 0.392341 
 rs1349 	 7.000000 	 0.000000 	 0.294256 
 rs0960 	 7.294256 	 0.098085 	 0.098085 
 rs0982 	 7.359646 	 0.065390 	 0.098085 
 rs0833 	 7.817378 	 0.261561 	 0.784683 
 rs0831 	 7.228866 	 0.163476 	 0.196171 
 rs0818 	 7.359646 	 0.130780 	 0.130780 
 rs0822 	 7.523122 	 0.065390 	 0.130780 
 rs0821 	 7.882768 	 0.228866 	 0.228866 
 rs0823 	 7.653902 	 0.359646 	 0.196171 
 rs0816 	 7.523122 	 0.098085 	 0.130780 
 rs0814 	 8.275109 	 0.098085 	 0.196171 
 rs0815 	 7.261561 	 0.098085 	 0.130780 
 rs0820 	 7.425036 	 0.098085 	 0.098085 
 rs0805 	 7.817378 	 0.065390 	 0.130780 
 rs1518 	 7.621207 	 0.261561 	 0.228866 
 rs1000 	 7.359646 	 0.228866 	 0.163476 
 rs1002 	 7.163476 	 0.130780 	 0.326951 
 rs1033 	 8.602060 	 8.602060 	 -8.602060 
 rs1034 	 7.392341 	 0.163476 	 0.163476 
 rs1074 	 7.359646 	 0.098085 	 0.130780 
 rs1081 	 7.130780 	 0.098085 	 0.196171 
 rs1109 	 7.000000 	 0.000000 	 1.602060 
 rs1110 	 7.098085 	 0.098085 	 0.130780 
 rs1111 	 7.000000 	 0.000000 	 0.294256 
 rs1114 	 7.032695 	 0.032695 	 0.261561 
 rs1116 	 7.980853 	 0.359646 	 0.621207 
 rs1134 	 7.000000 	 0.000000 	 0.294256 
 rs1159 	 7.261561 	 0.098085 	 0.130780 
 rs1163 	 7.000000 	 0.000000 	 0.294256 
 rs1175 	 7.261561 	 0.098085 	 0.130780 
 rs1202 	 7.000000 	 0.000000 	 0.065390 
 rs1036 	 7.163476 	 0.130780 	 0.098085 
 rs1260 	 7.359646 	 0.163476 	 0.163476 
 rs1261 	 7.653902 	 0.228866 	 0.490427 
 rs1472 	 7.294256 	 0.163476 	 0.228866 
 rs1473 	 7.555817 	 0.228866 	 0.294256 
 rs0989 	 7.719292 	 0.261561 	 0.294256 
 rs1355 	 7.000000 	 0.000000 	 0.294256 
 rs0991 	 7.261561 	 0.196171 	 0.261561 
 rs0997 	 7.163476 	 0.130780 	 0.130780 
 rs0998 	 7.588512 	 0.098085 	 0.130780 
 rs1015 	 7.490427 	 0.098085 	 0.098085 
 rs1026 	 7.326951 	 0.065390 	 0.196171 
 rs1038 	 7.196171 	 0.098085 	 0.098085 
 rs1437 	 8.471280 	 0.555817 	 0.130780 
 rs1491 	 7.294256 	 0.228866 	 0.980853 
 rs1449 	 7.130780 	 0.098085 	 0.196171 
 rs0988 	 7.784683 	 0.588512 	 0.817378 
 rs1119 	 7.261561 	 0.098085 	 0.130780 
 rs1121 	 7.032695 	 0.032695 	 0.261561 
 rs1122 	 7.000000 	 0.000000 	 0.523122 
 rs1004 	 8.602060 	 0.621207 	 0.000000 
 rs1005 	 8.602060 	 0.326951 	 0.000000 
 rs1010 	 8.602060 	 0.523122 	 0.000000 
 rs1075 	 8.209719 	 0.359646 	 0.392341 
 rs1093 	 8.569365 	 0.425036 	 0.032695 
 rs1178 	 7.359646 	 0.196171 	 0.130780 
 rs1297 	 7.555817 	 0.196171 	 0.326951 
 rs1446 	 7.000000 	 0.000000 	 0.130780 
 rs1086 	 7.000000 	 0.000000 	 0.425036 
 rs0996 	 7.163476 	 0.065390 	 0.130780 
 rs1001 	 7.751987 	 0.425036 	 0.294256 
 rs1117 	 7.000000 	 0.000000 	 0.588512 
 rs1185 	 7.523122 	 0.228866 	 0.228866 
 rs1003 	 7.490427 	 0.261561 	 0.490427 
 rs1394 	 7.000000 	 0.000000 	 0.294256 
 rf0058 	 7.228866 	 0.130780 	 0.326951 
 rf0526 	 7.588512 	 0.130780 	 0.196171 
 rf0024 	 7.163476 	 0.163476 	 0.130780 
 rs1054 	 7.425036 	 0.098085 	 0.130780 
 rs1219 	 8.503975 	 0.817378 	 0.098085 
 rs1245 	 7.098085 	 0.065390 	 0.098085 
 rf0530 	 7.751987 	 0.228866 	 0.130780 
 rs1025 	 8.602060 	 0.359646 	 0.000000 
 rf0053 	 7.457732 	 0.098085 	 0.130780 
 rf0051 	 7.425036 	 0.065390 	 0.130780 
 rs1264 	 7.457732 	 0.098085 	 0.130780 
 rs1143 	 7.228866 	 0.065390 	 0.130780 
 rs1361 	 7.392341 	 0.130780 	 0.130780 
 rs1398 	 7.490427 	 0.196171 	 0.130780 
 rs1399 	 7.425036 	 0.163476 	 0.392341 
 rs1409 	 7.000000 	 0.000000 	 0.326951 
 rs1291 	 7.294256 	 0.130780 	 0.196171 
 rf0022 	 7.425036 	 0.196171 	 0.196171 
 rs1259 	 7.719292 	 0.196171 	 0.228866 
 rs1018 	 7.000000 	 0.000000 	 0.294256 
 rs1028 	 7.261561 	 0.163476 	 0.294256 
 rs1031 	 7.228866 	 0.130780 	 0.261561 
 rs1032 	 7.359646 	 0.130780 	 0.130780 
 rs1062 	 7.882768 	 0.326951 	 0.523122 
 rs1063 	 7.719292 	 0.098085 	 0.130780 
 rs1064 	 7.065390 	 0.065390 	 0.228866 
 rs1068 	 7.032695 	 0.032695 	 0.261561 
 rs1084 	 7.196171 	 0.130780 	 0.261561 
 rs1157 	 7.000000 	 0.000000 	 1.602060 
 rs1162 	 7.000000 	 0.000000 	 0.490427 
 rs1395 	 7.130780 	 0.098085 	 0.425036 
 rs1211 	 8.536670 	 0.457732 	 0.065390 
 rs1364 	 7.000000 	 0.000000 	 0.294256 
 rs1217 	 7.555817 	 0.261561 	 0.326951 
 rs1218 	 8.602060 	 0.228866 	 0.000000 
 rs1221 	 7.261561 	 0.098085 	 0.130780 
 rs1366 	 7.490427 	 0.196171 	 0.359646 
 rs1223 	 7.000000 	 0.000000 	 0.294256 
 rs1230 	 8.602060 	 0.523122 	 0.000000 
 rs1371 	 7.000000 	 0.000000 	 0.098085 
 rs1373 	 7.392341 	 0.130780 	 0.196171 
 rs1235 	 7.294256 	 0.294256 	 0.359646 
 rs1377 	 8.275109 	 0.359646 	 0.326951 
 rs1385 	 7.163476 	 0.130780 	 0.261561 
 rs1396 	 7.425036 	 0.065390 	 0.130780 
 rs1397 	 7.196171 	 0.130780 	 0.196171 
 rs1401 	 7.392341 	 0.065390 	 0.098085 
 rs1257 	 7.490427 	 0.098085 	 0.163476 
 rs1262 	 7.228866 	 0.098085 	 0.130780 
 rs1293 	 7.228866 	 0.163476 	 0.163476 
 rs1298 	 7.326951 	 0.163476 	 0.392341 
 rs1303 	 7.261561 	 0.163476 	 0.392341 
 rs1305 	 8.111634 	 0.294256 	 0.163476 
 rs1310 	 7.196171 	 0.130780 	 0.196171 
 rs1393 	 7.032695 	 0.032695 	 0.261561 
 rf0006 	 7.196171 	 0.130780 	 0.228866 
 rf0010 	 7.359646 	 0.098085 	 0.065390 
 rf0012 	 7.196171 	 0.098085 	 0.098085 
 rf0013 	 7.588512 	 0.261561 	 0.130780 
 rf0014 	 7.130780 	 0.065390 	 0.130780 
 rf0015 	 8.046243 	 0.425036 	 0.555817 
 rs1106 	 7.065390 	 0.032695 	 0.065390 
 rs1108 	 7.000000 	 0.000000 	 0.163476 
 rs1112 	 7.000000 	 0.000000 	 0.098085 
 rs1126 	 7.653902 	 0.457732 	 0.621207 
 rs1029 	 7.228866 	 0.163476 	 0.294256 
 rs1030 	 7.228866 	 0.098085 	 0.098085 
 rs1035 	 7.588512 	 0.163476 	 0.196171 
 rs1040 	 7.196171 	 0.130780 	 0.130780 
 rs1047 	 7.130780 	 0.098085 	 0.130780 
 rs1050 	 7.000000 	 0.000000 	 0.294256 
 rs1052 	 7.130780 	 0.098085 	 0.196171 
 rs1055 	 7.261561 	 0.130780 	 0.163476 
 rs1057 	 8.242414 	 0.392341 	 0.359646 
 rs1065 	 7.196171 	 0.130780 	 0.294256 
 rs1072 	 7.130780 	 0.130780 	 0.196171 
 rs1382 	 7.359646 	 0.098085 	 0.098085 
 rs1149 	 7.000000 	 0.000000 	 0.294256 
 rs1150 	 7.000000 	 0.000000 	 0.130780 
 rs1165 	 7.228866 	 0.098085 	 0.130780 
 rs1278 	 7.228866 	 0.228866 	 0.457732 
 rs1405 	 7.130780 	 0.098085 	 0.098085 
 rs1267 	 8.144329 	 0.359646 	 0.457732 
 rf0150 	 7.980853 	 0.359646 	 0.588512 
 rs1270 	 7.490427 	 0.130780 	 0.392341 
 rf0049 	 7.261561 	 0.098085 	 0.163476 
 rs1271 	 7.294256 	 0.098085 	 0.098085 
 rf0573 	 7.523122 	 0.163476 	 0.261561 
 rf0129 	 7.000000 	 0.000000 	 0.196171 
 rs1152 	 8.602060 	 0.392341 	 0.000000 
 rs1168 	 8.405890 	 0.523122 	 0.196171 
 rs1187 	 7.000000 	 0.000000 	 0.065390 
 rf0540 	 8.602060 	 0.817378 	 0.000000 
 rs1378 	 7.032695 	 0.032695 	 0.196171 
 rs1387 	 7.000000 	 0.000000 	 0.326951 
 rs1302 	 7.228866 	 0.065390 	 0.163476 
 rs0995 	 7.621207 	 0.261561 	 0.261561 
 rs1391 	 7.000000 	 0.000000 	 0.098085 
 rf0136 	 7.392341 	 0.196171 	 0.425036 
 rs1006 	 7.719292 	 0.196171 	 0.523122 
 rs1017 	 7.425036 	 0.098085 	 0.130780 
 rf0048 	 7.294256 	 0.098085 	 0.228866 
 rs1268 	 7.000000 	 0.000000 	 0.032695 
 rf0554 	 7.457732 	 0.065390 	 0.130780 
 rs1266 	 7.850073 	 0.359646 	 0.261561 
 rf0042 	 7.523122 	 0.163476 	 0.163476 
 rf0037 	 7.523122 	 0.261561 	 0.228866 
 rf0108 	 7.359646 	 0.065390 	 0.098085 
 rf0527 	 7.392341 	 0.065390 	 0.130780 
 rf0109 	 7.228866 	 0.163476 	 0.130780 
 rs1169 	 7.392341 	 0.228866 	 0.261561 
 rs1183 	 7.228866 	 0.163476 	 0.196171 
 rs1384 	 7.000000 	 0.000000 	 0.294256 
 rs1383 	 7.392341 	 0.163476 	 0.163476 
 rs1248 	 7.850073 	 0.294256 	 0.425036 
 rs1191 	 7.392341 	 0.196171 	 0.163476 
 rf0099 	 7.196171 	 0.098085 	 0.130780 
 rf0549 	 7.392341 	 0.098085 	 0.130780 
 rf0076 	 7.228866 	 0.098085 	 0.130780 
 rs1272 	 7.000000 	 0.000000 	 0.359646 
 rf0561 	 7.196171 	 0.065390 	 0.098085 
 rf0041 	 8.602060 	 8.602060 	 -8.602060 
 rs1265 	 7.261561 	 0.163476 	 0.294256 
 rs1123 	 8.602060 	 0.392341 	 0.000000 
 rs1132 	 7.359646 	 0.098085 	 0.098085 
 rf0062 	 7.588512 	 0.359646 	 0.359646 
 rs1023 	 7.653902 	 0.294256 	 0.261561 
 rf0564 	 7.032695 	 0.032695 	 0.163476 
 rf0065 	 7.196171 	 0.065390 	 0.130780 
 rf0102 	 7.196171 	 0.130780 	 0.163476 
 rf0531 	 7.523122 	 0.098085 	 0.098085 
 rs1087 	 7.000000 	 0.000000 	 0.228866 
 rs1103 	 7.948158 	 0.228866 	 0.392341 
 rs1105 	 7.261561 	 0.098085 	 0.163476 
 rf0023 	 7.261561 	 0.098085 	 0.130780 
 rf0111 	 7.326951 	 0.196171 	 0.196171 
 rs1128 	 7.588512 	 0.130780 	 0.163476 
 rs1129 	 7.000000 	 0.000000 	 0.294256 
 rs1142 	 7.163476 	 0.098085 	 0.163476 
 rs1145 	 7.196171 	 0.130780 	 0.294256 
 rs1151 	 7.098085 	 0.098085 	 0.196171 
 rs1156 	 7.294256 	 0.130780 	 0.163476 
 rf0517 	 7.294256 	 0.098085 	 0.098085 
 rf0524 	 7.098085 	 0.065390 	 0.130780 
 rs1210 	 7.228866 	 0.130780 	 0.196171 
 rf0518 	 7.326951 	 0.098085 	 0.196171 
 rs1224 	 7.000000 	 0.000000 	 0.228866 
 rs1386 	 7.326951 	 0.196171 	 0.261561 
 rs1375 	 7.850073 	 0.098085 	 0.163476 
 rs1381 	 7.523122 	 0.098085 	 0.163476 
 rs1250 	 7.850073 	 0.261561 	 0.490427 
 rf0125 	 7.980853 	 0.228866 	 0.392341 
 rs1277 	 7.228866 	 0.098085 	 0.294256 
 rf0126 	 7.555817 	 0.326951 	 0.196171 
 rf0128 	 7.000000 	 0.000000 	 0.130780 
 rf0026 	 7.523122 	 0.098085 	 0.098085 
 rs1020 	 7.228866 	 0.098085 	 0.098085 
 rs1102 	 7.000000 	 0.000000 	 0.294256 
 rs1118 	 7.948158 	 0.261561 	 0.359646 
 rs1131 	 8.503975 	 0.751987 	 0.098085 
 rs1138 	 7.130780 	 0.130780 	 0.163476 
 rs1188 	 7.457732 	 0.098085 	 0.098085 
 rs1192 	 7.196171 	 0.098085 	 0.130780 
 rf0118 	 7.130780 	 0.065390 	 0.098085 
 rs1372 	 7.000000 	 0.000000 	 1.602060 
 rs1016 	 7.719292 	 0.359646 	 0.490427 
 rf0079 	 7.196171 	 0.130780 	 0.196171 
 rf0084 	 7.032695 	 0.032695 	 0.228866 
 rs1060 	 7.817378 	 0.130780 	 0.163476 
 rf0537 	 7.326951 	 0.098085 	 0.098085 
 rf0148 	 8.471280 	 0.719292 	 0.130780 
 rs1229 	 7.000000 	 0.000000 	 0.294256 
 rf0162 	 7.425036 	 0.065390 	 0.130780 
 rf0060 	 7.196171 	 0.098085 	 0.163476 
 rs1236 	 7.098085 	 0.098085 	 0.163476 
 rf0077 	 7.359646 	 0.163476 	 0.392341 
 rf0072 	 7.882768 	 0.098085 	 0.196171 
 rf0083 	 7.130780 	 0.098085 	 0.098085 
 rf0532 	 7.490427 	 0.098085 	 0.098085 
 rf0064 	 7.457732 	 0.065390 	 0.098085 
 rf0092 	 8.013548 	 0.359646 	 0.588512 
 rs1082 	 7.425036 	 0.261561 	 0.163476 
 rs1083 	 7.425036 	 0.196171 	 0.359646 
 rf0017 	 7.228866 	 0.098085 	 0.130780 
 rf0045 	 7.359646 	 0.098085 	 0.098085 
 rf0138 	 7.000000 	 0.000000 	 0.294256 
 rf0055 	 7.784683 	 0.392341 	 0.490427 
 rf0547 	 7.686597 	 0.065390 	 0.196171 
 rf0207 	 7.261561 	 0.098085 	 0.130780 
 rf0550 	 7.425036 	 0.098085 	 0.163476 
 rf0528 	 7.392341 	 0.065390 	 0.130780 
 rf0225 	 7.588512 	 0.098085 	 0.163476 
 rf0534 	 7.392341 	 0.065390 	 0.130780 
 rf0143 	 7.228866 	 0.163476 	 0.294256 
 rf0007 	 7.326951 	 0.196171 	 0.228866 
 rf0576 	 7.000000 	 0.000000 	 0.294256 
 rf0551 	 7.294256 	 0.098085 	 0.130780 
 rf0061 	 7.130780 	 0.130780 	 0.294256 
 rf0553 	 7.653902 	 0.196171 	 0.326951 
 rf0104 	 7.392341 	 0.130780 	 0.196171 
 rf0107 	 7.326951 	 0.098085 	 0.130780 
 rf0043 	 8.503975 	 0.523122 	 0.098085 
 rs1059 	 8.111634 	 0.326951 	 0.425036 
 rf0105 	 7.294256 	 0.065390 	 0.163476 
 rs1070 	 7.523122 	 0.130780 	 0.490427 
 rf0132 	 7.261561 	 0.163476 	 0.457732 
 rs1076 	 7.000000 	 0.000000 	 0.228866 
 rs1080 	 7.000000 	 0.000000 	 0.261561 
 rf0133 	 7.686597 	 0.228866 	 0.261561 
 rf0113 	 7.490427 	 0.261561 	 0.294256 
 rf0040 	 7.392341 	 0.261561 	 0.163476 
 rs1125 	 7.163476 	 0.130780 	 0.163476 
 rf0520 	 7.228866 	 0.065390 	 0.098085 
 rs1135 	 7.130780 	 0.098085 	 0.130780 
 rs1137 	 7.228866 	 0.163476 	 0.228866 
 rf0294 	 7.425036 	 0.261561 	 0.294256 
 rs1359 	 7.523122 	 0.163476 	 0.163476 
 rf0543 	 7.359646 	 0.098085 	 0.130780 
 rs1406 	 7.000000 	 0.000000 	 0.294256 
 rs1154 	 7.228866 	 0.163476 	 0.130780 
 rf0016 	 7.555817 	 0.261561 	 0.228866 
 rf0516 	 7.719292 	 0.163476 	 0.261561 
 rs1164 	 7.457732 	 0.065390 	 0.098085 
 rs1170 	 7.130780 	 0.098085 	 0.196171 
 rs1171 	 7.228866 	 0.163476 	 0.196171 
 rs1172 	 7.457732 	 0.098085 	 0.196171 
 rf0068 	 7.196171 	 0.065390 	 0.130780 
 rs1177 	 7.490427 	 0.163476 	 0.294256 
 rs1179 	 7.261561 	 0.130780 	 0.065390 
 rs1182 	 7.163476 	 0.130780 	 0.163476 
 rs1184 	 7.359646 	 0.130780 	 0.196171 
 rs1388 	 7.130780 	 0.065390 	 0.098085 
 rs1190 	 7.719292 	 0.228866 	 0.392341 
 rs1197 	 7.621207 	 0.294256 	 0.359646 
 rs1198 	 7.817378 	 0.392341 	 0.294256 
 rs1200 	 7.359646 	 0.098085 	 0.130780 
 rs1362 	 7.261561 	 0.130780 	 0.163476 
 rf0070 	 7.653902 	 0.163476 	 0.228866 
 rs1205 	 8.242414 	 0.392341 	 0.359646 
 rs1207 	 8.602060 	 0.457732 	 0.000000 
 rs1208 	 7.163476 	 0.065390 	 0.130780 
 rs1209 	 7.392341 	 0.130780 	 0.130780 
 rs1212 	 7.196171 	 0.130780 	 0.359646 
 rs1213 	 7.228866 	 0.163476 	 0.228866 
 rs1214 	 7.000000 	 0.000000 	 0.294256 
 rf0011 	 7.196171 	 0.130780 	 0.163476 
 rs1220 	 7.555817 	 0.359646 	 0.294256 
 rs1222 	 7.163476 	 0.098085 	 0.196171 
 rf0555 	 7.588512 	 0.098085 	 0.228866 
 rf0036 	 7.359646 	 0.065390 	 0.130780 
 rs1226 	 7.000000 	 0.000000 	 0.294256 
 rs1370 	 7.228866 	 0.098085 	 0.098085 
 rf0117 	 7.130780 	 0.098085 	 0.130780 
 rf0121 	 7.784683 	 0.261561 	 0.163476 
 rf0621 	 7.653902 	 0.163476 	 0.196171 
 rs1389 	 7.490427 	 0.130780 	 0.163476 
 rf0579 	 7.392341 	 0.065390 	 0.130780 
 rs1403 	 7.294256 	 0.163476 	 0.294256 
 rs1404 	 7.000000 	 0.000000 	 0.392341 
 rs1283 	 7.359646 	 0.130780 	 0.163476 
 rs1296 	 7.588512 	 0.065390 	 0.130780 
 rf0134 	 7.196171 	 0.130780 	 0.163476 
 rs1091 	 7.621207 	 0.261561 	 0.228866 
 rf0246 	 8.013548 	 0.163476 	 0.228866 
 rf0127 	 7.457732 	 0.196171 	 0.163476 
 rf0317 	 7.196171 	 0.098085 	 0.130780 
 rf0073 	 7.719292 	 0.163476 	 0.294256 
 rf0577 	 7.294256 	 0.130780 	 0.130780 
 rf0533 	 7.261561 	 0.130780 	 0.457732 
 rf0028 	 7.130780 	 0.098085 	 0.130780 
 rf0029 	 7.359646 	 0.163476 	 0.294256 
 rf0030 	 7.196171 	 0.130780 	 0.163476 
 rf0031 	 7.719292 	 0.326951 	 0.425036 
 rf0032 	 7.130780 	 0.130780 	 0.228866 
 rf0033 	 7.261561 	 0.098085 	 0.130780 
 rf0536 	 7.359646 	 0.098085 	 0.555817 
 rf0034 	 7.359646 	 0.098085 	 0.065390 
 rf0539 	 7.261561 	 0.098085 	 0.098085 
 rf0574 	 7.425036 	 0.098085 	 0.163476 
 rs1254 	 7.817378 	 0.326951 	 0.326951 
 rs1092 	 7.588512 	 0.294256 	 0.261561 
 rs1098 	 7.326951 	 0.163476 	 0.228866 
 rs1100 	 7.326951 	 0.163476 	 0.196171 
 rs1104 	 7.000000 	 0.000000 	 0.228866 
 rf0158 	 7.261561 	 0.196171 	 0.196171 
 rs1124 	 7.163476 	 0.130780 	 0.130780 
 rs1147 	 7.196171 	 0.098085 	 0.130780 
 rs1079 	 8.013548 	 0.326951 	 0.359646 
 rs1195 	 7.098085 	 0.098085 	 0.457732 
 rf0071 	 7.686597 	 0.490427 	 0.850073 
 rf0119 	 7.163476 	 0.065390 	 0.163476 
 rf0123 	 7.326951 	 0.130780 	 0.163476 
 rs1294 	 7.490427 	 0.261561 	 0.294256 
 rs1292 	 7.130780 	 0.130780 	 0.228866 
 rs1290 	 7.588512 	 0.130780 	 0.490427 
 rs1289 	 7.326951 	 0.130780 	 0.130780 
 rs1286 	 7.719292 	 0.653902 	 0.228866 
 rf0620 	 7.294256 	 0.098085 	 0.098085 
 rs1284 	 7.653902 	 0.130780 	 0.196171 
 rf0074 	 7.392341 	 0.261561 	 0.163476 
 rs1408 	 7.098085 	 0.098085 	 0.163476 
 rs1043 	 7.000000 	 0.000000 	 0.294256 
 rf0545 	 7.000000 	 0.000000 	 0.523122 
 rs1053 	 8.438585 	 0.653902 	 0.163476 
 rs1048 	 8.046243 	 0.359646 	 0.392341 
 rf0623 	 7.196171 	 0.065390 	 0.098085 
 rs1046 	 7.653902 	 0.196171 	 0.523122 
 rs1045 	 7.032695 	 0.032695 	 0.228866 
 rs1021 	 7.196171 	 0.098085 	 0.196171 
 rs1014 	 7.621207 	 0.098085 	 0.980853 
 rf0616 	 7.196171 	 0.098085 	 0.163476 
 rs1011 	 7.196171 	 0.098085 	 0.163476 
 rf0582 	 7.196171 	 0.098085 	 0.130780 
 rf0164 	 7.686597 	 0.261561 	 0.359646 
 rf0249 	 8.602060 	 0.751987 	 0.000000 
 rf0250 	 7.915463 	 0.228866 	 0.326951 
 rf0326 	 7.326951 	 0.098085 	 0.130780 
 rf0684 	 7.784683 	 0.294256 	 0.294256 
 rf0340 	 7.261561 	 0.098085 	 0.163476 
 rf0612 	 7.523122 	 0.130780 	 0.294256 
 rf0221 	 7.817378 	 0.294256 	 0.392341 
 rf0283 	 7.948158 	 0.359646 	 0.490427 
 rf0229 	 7.196171 	 0.130780 	 0.196171 
 rf0241 	 8.013548 	 0.098085 	 0.163476 
 rf0263 	 7.326951 	 0.163476 	 0.261561 
 rf0264 	 7.261561 	 0.163476 	 0.196171 
 rf0295 	 7.326951 	 0.196171 	 0.163476 
 rf0315 	 7.294256 	 0.196171 	 0.130780 
 rf0316 	 7.000000 	 0.000000 	 0.294256 
 rs1304 	 7.621207 	 0.130780 	 0.130780 
 rf0303 	 7.130780 	 0.098085 	 0.163476 
 rs1301 	 7.392341 	 0.261561 	 0.196171 
 rs1282 	 7.392341 	 0.196171 	 0.163476 
 rs1299 	 7.359646 	 0.065390 	 0.130780 
 rf0314 	 7.359646 	 0.130780 	 0.228866 
 rf0318 	 7.000000 	 0.000000 	 1.602060 
 rf0267 	 7.098085 	 0.065390 	 0.163476 
 rf0166 	 7.751987 	 0.392341 	 0.196171 
 rf0319 	 8.602060 	 0.294256 	 0.000000 
 rs1258 	 7.163476 	 0.130780 	 0.163476 
 rs1281 	 7.392341 	 0.065390 	 0.163476 
 rf0333 	 8.242414 	 0.098085 	 0.261561 
 rf0223 	 7.653902 	 0.261561 	 0.261561 
 rf0259 	 7.163476 	 0.130780 	 0.196171 
 rf0227 	 7.130780 	 0.098085 	 0.294256 
 rf0338 	 7.000000 	 0.000000 	 0.294256 
 rf0279 	 7.294256 	 0.130780 	 0.196171 
 rf0234 	 7.228866 	 0.163476 	 0.228866 
 rf0580 	 7.228866 	 0.065390 	 0.130780 
 rf0157 	 7.621207 	 0.098085 	 0.163476 
 rf0167 	 7.751987 	 0.228866 	 0.294256 
 rf0237 	 7.948158 	 0.621207 	 0.653902 
 rf0586 	 7.000000 	 0.000000 	 0.457732 
 rf0284 	 7.457732 	 0.098085 	 0.686597 
 rf0236 	 7.163476 	 0.065390 	 0.098085 
 rf0169 	 7.228866 	 0.098085 	 0.130780 
 rf0171 	 8.275109 	 0.425036 	 0.326951 
 rf0173 	 8.340499 	 0.359646 	 0.261561 
 rf0238 	 7.065390 	 0.065390 	 0.098085 
 rf0638 	 7.098085 	 0.098085 	 0.130780 
 rf0175 	 7.130780 	 0.098085 	 0.261561 
 rf0587 	 7.261561 	 0.098085 	 0.130780 
 rf0328 	 7.228866 	 0.163476 	 0.196171 
 rf0176 	 7.326951 	 0.163476 	 0.163476 
 rf0291 	 7.032695 	 0.032695 	 0.130780 
 rf0177 	 7.163476 	 0.130780 	 0.261561 
 rf0292 	 7.294256 	 0.196171 	 0.228866 
 rf0179 	 7.261561 	 0.098085 	 0.163476 
 rf0242 	 8.602060 	 0.523122 	 0.000000 
 rf0181 	 7.425036 	 0.163476 	 0.261561 
 rs1307 	 7.850073 	 0.294256 	 0.228866 
 rs1280 	 7.000000 	 0.000000 	 0.163476 
 rf0335 	 7.228866 	 0.065390 	 0.130780 
 rf0297 	 7.457732 	 0.196171 	 0.196171 
 rf0596 	 7.130780 	 0.065390 	 0.130780 
 rf0240 	 7.751987 	 0.098085 	 0.130780 
 rf0251 	 7.196171 	 0.130780 	 0.163476 
 rf0190 	 7.000000 	 0.000000 	 0.326951 
 rf0268 	 7.130780 	 0.098085 	 0.130780 
 rf0332 	 7.555817 	 0.130780 	 0.196171 
 rf0192 	 7.163476 	 0.065390 	 0.130780 
 rf0193 	 7.359646 	 0.228866 	 0.261561 
 rf0195 	 7.196171 	 0.163476 	 0.163476 
 rf0197 	 7.000000 	 0.000000 	 0.294256 
 rf0201 	 7.000000 	 0.000000 	 0.098085 
 rf0205 	 7.621207 	 0.261561 	 0.326951 
 rf0622 	 7.359646 	 0.130780 	 0.130780 
 rf0239 	 7.850073 	 0.294256 	 0.261561 
 rf0206 	 7.294256 	 0.196171 	 0.228866 
 rf0339 	 7.000000 	 0.000000 	 0.523122 
 rf0210 	 7.196171 	 0.130780 	 0.163476 
 rf0631 	 7.588512 	 0.098085 	 0.196171 
 rf0342 	 7.000000 	 0.000000 	 0.326951 
 rf0634 	 7.000000 	 0.000000 	 0.490427 
 rf0265 	 7.490427 	 0.130780 	 0.196171 
 rf0343 	 7.000000 	 0.000000 	 0.294256 
 rf0331 	 7.359646 	 0.196171 	 0.196171 
 rf0217 	 7.359646 	 0.163476 	 0.196171 
 rf0244 	 7.523122 	 0.425036 	 0.686597 
 rf0180 	 7.196171 	 0.130780 	 0.294256 
 rf0226 	 7.000000 	 0.000000 	 0.523122 
 rf0280 	 7.425036 	 0.098085 	 0.130780 
 rf0300 	 7.261561 	 0.163476 	 0.359646 
 rf0306 	 7.294256 	 0.130780 	 0.130780 
 rf0286 	 7.653902 	 0.294256 	 0.261561 
 rf0271 	 7.457732 	 0.228866 	 0.228866 
 rf0262 	 7.163476 	 0.065390 	 0.098085 
 rf0272 	 7.523122 	 0.130780 	 0.196171 
 rf0277 	 7.457732 	 0.228866 	 0.228866 
 rf0235 	 7.196171 	 0.098085 	 0.130780 
 rf0003 	 7.457732 	 0.228866 	 0.163476 
 rf0258 	 8.569365 	 0.523122 	 0.032695 
 rf0002 	 7.817378 	 0.294256 	 0.294256 
 rf0312 	 7.000000 	 0.000000 	 0.098085 
 rf0515 	 7.294256 	 0.196171 	 0.196171 
 rf0298 	 7.098085 	 0.098085 	 0.130780 
 rf0313 	 8.013548 	 0.228866 	 0.294256 
 rf0642 	 7.653902 	 0.098085 	 0.163476 
 rf0299 	 7.196171 	 0.098085 	 0.163476 
 rf0643 	 7.817378 	 0.098085 	 0.098085 
 rf0649 	 7.359646 	 0.130780 	 0.196171 
 rf0646 	 7.065390 	 0.065390 	 0.130780 
 rf0001 	 7.261561 	 0.098085 	 0.098085 
 rf0650 	 7.817378 	 0.130780 	 0.261561 
 rf0654 	 7.228866 	 0.130780 	 0.163476 
 rs1276 	 7.490427 	 0.196171 	 0.457732 
 rs1300 	 7.621207 	 0.294256 	 0.326951 
 rf0256 	 7.261561 	 0.163476 	 0.196171 
 rf0309 	 8.602060 	 0.425036 	 0.000000 
 rf0653 	 7.032695 	 0.032695 	 0.163476 
 rf0305 	 7.130780 	 0.098085 	 0.163476 
 rf0655 	 7.261561 	 0.098085 	 0.098085 
 rf0308 	 7.163476 	 0.098085 	 0.228866 
 rf0311 	 7.228866 	 0.163476 	 0.228866 
 rf0266 	 7.882768 	 0.261561 	 0.098085 
 rf0627 	 7.228866 	 0.065390 	 0.130780 
 rf0247 	 7.425036 	 0.163476 	 0.621207 
 rf0248 	 8.144329 	 0.425036 	 0.457732 
 rf0585 	 7.359646 	 0.130780 	 0.130780 
 rf0663 	 7.523122 	 0.065390 	 0.163476 
 rf0320 	 7.392341 	 0.098085 	 0.130780 
 rf0327 	 7.000000 	 0.000000 	 0.294256 
 rf0670 	 7.196171 	 0.098085 	 0.098085 
 rf0252 	 7.359646 	 0.163476 	 0.163476 
 rf0253 	 7.326951 	 0.228866 	 0.523122 
 rf0154 	 7.490427 	 0.163476 	 0.359646 
 rf0607 	 7.228866 	 0.098085 	 0.098085 
 rf0156 	 7.228866 	 0.163476 	 0.163476 
 rf0630 	 7.686597 	 0.130780 	 0.228866 
 rf0287 	 8.503975 	 0.359646 	 0.098085 
 rf0322 	 7.000000 	 0.000000 	 0.098085 
 rf0628 	 7.751987 	 0.228866 	 0.523122 
 rf0204 	 7.000000 	 0.000000 	 0.359646 
 rf0257 	 7.261561 	 0.098085 	 0.130780 
 rf0685 	 7.000000 	 0.000000 	 0.163476 
 rf0669 	 7.000000 	 0.000000 	 0.326951 
 rf0674 	 7.000000 	 0.000000 	 0.130780 
 rf0680 	 7.000000 	 0.000000 	 0.294256 
 rf0668 	 7.555817 	 0.065390 	 0.196171 
 rf0324 	 7.392341 	 0.098085 	 0.130780 
 rf0329 	 7.751987 	 0.294256 	 0.294256 
 rf0683 	 7.392341 	 0.098085 	 0.098085 
 rf0661 	 7.000000 	 0.000000 	 0.294256 
 rf0325 	 8.602060 	 0.490427 	 0.000000 
