#Name 	 Z_Estimate 	 Err_down 	 Err_up
 rf0780 	 7.358970 	 0.000000 	 0.948158 
 rf0433 	 8.274433 	 0.523122 	 0.490427 
 rf0446 	 8.928335 	 0.163476 	 0.032695 
 rf0447 	 8.797554 	 0.130780 	 0.098085 
 rf0448 	 8.307128 	 0.294256 	 0.425036 
 rf0456 	 8.078262 	 0.588512 	 0.392341 
 rf0462 	 7.555141 	 0.196171 	 0.653902 
 rf0463 	 8.862945 	 0.130780 	 0.065390 
 rf0779 	 8.437908 	 0.098085 	 0.228866 
 rf0376 	 8.339823 	 0.326951 	 0.392341 
 rf0377 	 8.895640 	 0.032695 	 0.032695 
 rf0378 	 8.405213 	 0.098085 	 0.228866 
 rf0383 	 8.928335 	 0.098085 	 0.032695 
 rf0384 	 7.391665 	 0.032695 	 0.621207 
 rf0706 	 8.666774 	 0.228866 	 0.130780 
 rf0707 	 8.470603 	 0.163476 	 0.163476 
 rf0386 	 8.601384 	 0.163476 	 0.130780 
 rf0387 	 8.568689 	 0.163476 	 0.196171 
 rf0391 	 7.718616 	 0.359646 	 0.555817 
 rf0711 	 7.947482 	 0.588512 	 1.013548 
 rf0397 	 8.764859 	 0.163476 	 0.065390 
 rf0398 	 8.732164 	 0.163476 	 0.098085 
 rf0399 	 8.307128 	 0.294256 	 0.359646 
 rf0400 	 8.961030 	 0.032695 	 0.000000 
 rf0405 	 8.797554 	 0.130780 	 0.098085 
 rf0414 	 7.620531 	 0.261561 	 0.653902 
 rf0741 	 7.587836 	 0.228866 	 0.653902 
 rf0415 	 8.634079 	 0.130780 	 0.130780 
 rf0465 	 8.045567 	 0.588512 	 0.359646 
 rf0466 	 8.307128 	 0.294256 	 0.392341 
 rf0471 	 8.176347 	 0.621207 	 0.392341 
 rf0765 	 7.358970 	 0.000000 	 0.719292 
 rf0773 	 7.358970 	 0.000000 	 0.719292 
 rf0774 	 7.391665 	 0.032695 	 0.817378 
 rf0500 	 8.241738 	 0.261561 	 0.098085 
 rf0781 	 7.489750 	 0.130780 	 0.621207 
 rf0782 	 7.882092 	 0.523122 	 0.490427 
 rf0720 	 8.307128 	 0.294256 	 0.326951 
 rf0724 	 7.947482 	 0.588512 	 1.013548 
 rf0402 	 7.947482 	 0.588512 	 1.013548 
 rf0403 	 8.405213 	 0.261561 	 0.261561 
 rf0365 	 7.358970 	 0.000000 	 0.817378 
 rf0367 	 7.358970 	 0.000000 	 0.751987 
 rf0372 	 8.372518 	 0.228866 	 0.098085 
 rf0374 	 8.307128 	 0.294256 	 0.261561 
 rf0375 	 8.307128 	 0.228866 	 0.228866 
 rf0388 	 8.601384 	 0.098085 	 0.065390 
 rf0392 	 7.587836 	 0.228866 	 0.621207 
 rf0394 	 8.928335 	 0.098085 	 0.000000 
 rf0395 	 8.928335 	 0.098085 	 0.032695 
 rf0396 	 8.601384 	 0.130780 	 0.326951 
 rf0719 	 8.961030 	 1.602060 	 0.000000 
 rf0401 	 7.358970 	 0.000000 	 0.621207 
 rf0725 	 7.424360 	 0.065390 	 0.686597 
 rf0730 	 8.634079 	 0.196171 	 0.130780 
 rf0346 	 8.961030 	 0.098085 	 0.000000 
 rf0348 	 8.797554 	 0.098085 	 0.032695 
 rf0688 	 8.078262 	 0.457731 	 0.294256 
 rf0689 	 7.947482 	 0.588512 	 1.013548 
 rf0351 	 8.307128 	 0.261561 	 0.228866 
 rf0353 	 8.209043 	 0.784682 	 0.163476 
 rf0690 	 7.358970 	 0.000000 	 0.719292 
 rf0692 	 7.457055 	 0.098085 	 0.751987 
 rf0354 	 8.961030 	 1.602060 	 0.000000 
 rf0693 	 7.391665 	 0.032695 	 0.850073 
 rf0358 	 8.241738 	 0.784682 	 0.261561 
 rf0363 	 7.947482 	 0.555817 	 0.359646 
 rf0364 	 8.535994 	 0.130780 	 0.130780 
 rf0366 	 7.947482 	 0.588512 	 1.013548 
 rf0368 	 7.947482 	 0.555817 	 0.359646 
 rf0694 	 8.274433 	 0.392341 	 0.490427 
 rf0370 	 8.110957 	 0.425036 	 0.326951 
 rf0695 	 7.358970 	 0.000000 	 0.915463 
 rf0696 	 7.947482 	 0.588512 	 1.013548 
 rf0373 	 8.961030 	 0.301030 	 -0.301030 
 rf0697 	 7.489750 	 0.130780 	 0.719292 
 rf0701 	 7.424360 	 0.065390 	 0.653902 
 rf0702 	 7.358970 	 0.000000 	 0.621207 
 rf0381 	 8.176347 	 0.621207 	 0.326951 
 rf0703 	 7.358970 	 0.000000 	 0.653902 
 rf0385 	 8.241738 	 0.425036 	 0.359646 
 rf0776 	 7.424360 	 0.065390 	 0.588512 
 rf0495 	 8.307128 	 0.228866 	 0.065390 
 rf0496 	 7.457055 	 0.098085 	 1.307804 
 rf0777 	 7.358970 	 0.000000 	 0.621207 
 rf0778 	 7.358970 	 0.000000 	 0.784682 
 rf0499 	 8.961030 	 1.602060 	 0.000000 
 rf0502 	 8.241738 	 0.882768 	 0.523122 
 rf0503 	 7.358970 	 0.000000 	 1.602060 
 rf0784 	 8.666774 	 0.653902 	 0.294256 
 rf0785 	 8.307128 	 0.261561 	 0.228866 
 rf0789 	 7.358970 	 0.000000 	 0.686597 
 rf0505 	 8.961030 	 1.602060 	 0.000000 
 rf0506 	 8.568689 	 0.425036 	 0.163476 
 rf0792 	 7.980177 	 0.555817 	 0.294256 
 rf0507 	 8.078262 	 0.621207 	 0.425036 
 rf0510 	 8.961030 	 0.301030 	 -0.301030 
 rf0513 	 8.764859 	 0.196171 	 0.065390 
 rf0795 	 7.358970 	 0.000000 	 0.621207 
 rf0796 	 7.424360 	 0.032695 	 0.130780 
 rf0797 	 7.522445 	 0.163476 	 0.653902 
 rf0290 	 8.895640 	 0.065390 	 0.032695 
 rf0323 	 8.470603 	 0.261561 	 0.392341 
 rf0453 	 8.110957 	 0.555817 	 0.457731 
 rf0763 	 7.457055 	 0.098085 	 0.784682 
 rf0436 	 8.012872 	 0.653902 	 0.392341 
 rf0439 	 7.358970 	 0.000000 	 0.686597 
 rf0441 	 7.620531 	 0.261561 	 0.653902 
 rf0476 	 8.045567 	 0.555817 	 0.392341 
 rf0477 	 8.176347 	 0.751987 	 0.588512 
 rf0771 	 8.699469 	 0.163476 	 0.098085 
 rf0487 	 8.961030 	 1.602060 	 0.000000 
 rf0488 	 7.947482 	 0.588512 	 1.013548 
 rf0756 	 7.358970 	 0.000000 	 0.653902 
 rf0413 	 8.339823 	 0.326951 	 0.359646 
 rf0723 	 8.045567 	 0.588512 	 0.359646 
 rf0427 	 8.568689 	 0.163476 	 0.130780 
 rf0464 	 7.947482 	 0.588512 	 0.326951 
 rf0430 	 7.718616 	 0.359646 	 0.523122 
 rf0761 	 7.424360 	 0.065390 	 0.653902 
 rf0750 	 8.045567 	 0.588512 	 0.359646 
 rf0432 	 8.110957 	 0.588512 	 0.359646 
 rf0434 	 7.980177 	 0.555817 	 0.326951 
 rf0788 	 7.555141 	 0.196171 	 0.686597 
 rf0712 	 8.241738 	 0.882768 	 0.555817 
 rf0729 	 8.307128 	 0.326951 	 0.392341 
 rf0731 	 7.358970 	 0.000000 	 0.686597 
 rf0419 	 7.685921 	 0.326951 	 0.588512 
 rf0425 	 8.372518 	 0.261561 	 0.425036 
 rf0753 	 7.391665 	 0.032695 	 0.653902 
 rf0435 	 8.437908 	 0.130780 	 0.065390 
 rf0454 	 8.012872 	 0.588512 	 0.326951 
 rf0455 	 8.307128 	 0.228866 	 0.032695 
 rf0762 	 7.358970 	 0.000000 	 0.915463 
 rf0467 	 8.209043 	 0.686597 	 0.457731 
 rf0479 	 7.522445 	 0.163476 	 0.751987 
 rf0714 	 8.012872 	 0.555817 	 0.294256 
 rf0412 	 8.307128 	 0.294256 	 0.294256 
 rf0717 	 8.045567 	 0.621207 	 0.392341 
 rf0718 	 8.274433 	 0.719292 	 0.163476 
 rf0444 	 8.405213 	 0.098085 	 0.065390 
 rf0705 	 8.209043 	 0.523122 	 0.326951 
 rf0713 	 7.718616 	 0.359646 	 0.555817 
 rf0473 	 8.339823 	 0.326951 	 0.490427 
 rf0480 	 7.489750 	 0.130780 	 0.784682 
 rf0482 	 7.947482 	 0.588512 	 1.013548 
 rf0485 	 7.391665 	 0.032695 	 0.653902 
 rf0474 	 7.947482 	 0.555817 	 0.359646 
 rf0772 	 7.358970 	 0.000000 	 0.588512 
 rf0775 	 7.358970 	 0.000000 	 0.392341 
 rf0428 	 7.980177 	 0.555817 	 0.196171 
 rf0764 	 7.555141 	 0.196171 	 0.653902 
 rf0460 	 8.830249 	 0.130780 	 0.065390 
 rf0461 	 8.241738 	 0.621207 	 0.294256 
 rf0791 	 7.424360 	 0.065390 	 0.719292 
 rf0728 	 7.980177 	 0.588512 	 0.326951 
 rf0745 	 7.358970 	 0.000000 	 0.555817 
 rf0748 	 8.961030 	 0.098085 	 0.000000 
 rf0431 	 7.391665 	 0.032695 	 0.621207 
 rf0459 	 7.489750 	 0.130780 	 0.653902 
 rf0440 	 8.241738 	 0.751987 	 0.555817 
 rf0393 	 7.424360 	 0.065390 	 0.686597 
 rf0749 	 7.391665 	 0.032695 	 0.653902 
 rs0002 	 8.339823 	 0.326951 	 0.359646 
 rs0003 	 8.961030 	 1.602060 	 0.000000 
 rs0004 	 7.980177 	 0.555817 	 0.261561 
 rs0005 	 8.241738 	 0.882768 	 0.359646 
 rs1314 	 8.503298 	 0.130780 	 0.163476 
 rs0006 	 8.241738 	 0.817378 	 0.523122 
 rs0007 	 8.012872 	 0.588512 	 0.326951 
 rs0009 	 7.489750 	 0.130780 	 0.653902 
 rs0010 	 8.078262 	 0.588512 	 0.294256 
 rs0011 	 7.914787 	 0.523122 	 0.326951 
 rs0012 	 8.307128 	 0.326951 	 0.392341 
 rs0013 	 8.274433 	 0.490427 	 0.425036 
 rs0014 	 8.274433 	 0.196171 	 0.163476 
 rs0015 	 7.358970 	 0.000000 	 0.686597 
 rs0018 	 8.895640 	 0.359646 	 0.065390 
 rs0019 	 8.699469 	 0.163476 	 0.098085 
 rs0021 	 7.358970 	 0.000000 	 1.602060 
 rs0022 	 8.503298 	 0.098085 	 0.065390 
 rs0023 	 8.634079 	 0.163476 	 0.098085 
 rs0029 	 8.797554 	 0.196171 	 0.065390 
 rs0030 	 8.372518 	 0.196171 	 0.163476 
 rs0032 	 8.961030 	 0.130780 	 0.000000 
 rs0035 	 7.718616 	 0.359646 	 0.555817 
 rs0037 	 7.489750 	 0.130780 	 0.653902 
 rs0039 	 7.620531 	 0.261561 	 0.588512 
 rs0040 	 8.045567 	 0.588512 	 0.457731 
 rs0041 	 8.110957 	 0.751987 	 0.457731 
 rs0042 	 8.307128 	 0.261561 	 0.523122 
 rs0043 	 7.947482 	 0.588512 	 1.013548 
 rs0044 	 8.503298 	 0.196171 	 0.326951 
 rs0045 	 7.489750 	 0.098085 	 0.490427 
 rs0046 	 8.895640 	 0.425036 	 0.032695 
 rs1315 	 8.274433 	 0.196171 	 0.130780 
 rs0048 	 8.634079 	 0.163476 	 0.130780 
 rs0049 	 8.961030 	 0.098085 	 0.000000 
 rs1316 	 8.568689 	 0.163476 	 0.228866 
 rs0050 	 8.732164 	 0.163476 	 0.098085 
 rs0051 	 8.797554 	 0.163476 	 0.065390 
 rs0052 	 8.470603 	 0.130780 	 0.098085 
 rs0053 	 8.928335 	 0.130780 	 0.032695 
 rs0054 	 8.012872 	 0.555817 	 0.392341 
 rs0055 	 8.862945 	 0.163476 	 0.065390 
 rs0056 	 8.307128 	 0.294256 	 0.392341 
 rs0057 	 7.751311 	 0.392341 	 0.588512 
 rs1317 	 8.666774 	 1.307804 	 0.261561 
 rs0060 	 7.980177 	 0.588512 	 0.326951 
 rs1318 	 7.947482 	 0.588512 	 0.784682 
 rs1319 	 8.928335 	 0.130780 	 0.032695 
 rs0062 	 7.980177 	 0.555817 	 0.196171 
 rs0063 	 8.143652 	 0.588512 	 0.457731 
 rs0064 	 8.503298 	 0.130780 	 0.065390 
 rs0065 	 8.078262 	 0.621207 	 0.326951 
 rs0066 	 7.358970 	 0.000000 	 0.653902 
 rs0068 	 8.143652 	 0.653902 	 0.359646 
 rs0070 	 7.620531 	 0.261561 	 0.588512 
 rs0074 	 8.470603 	 0.163476 	 0.130780 
 rs0077 	 8.895640 	 0.163476 	 0.065390 
 rs0080 	 8.961030 	 0.032695 	 0.000000 
 rs0081 	 7.358970 	 0.000000 	 1.471280 
 rs0082 	 7.391665 	 0.032695 	 0.621207 
 rs0083 	 7.424360 	 0.065390 	 0.457731 
 rs0084 	 7.947482 	 0.588512 	 1.013548 
 rs0085 	 8.241738 	 0.588512 	 0.326951 
 rs0088 	 8.078262 	 0.621207 	 0.294256 
 rs0087 	 8.470603 	 0.163476 	 0.130780 
 rs0089 	 8.862945 	 0.163476 	 0.065390 
 rs0090 	 7.751311 	 0.392341 	 0.588512 
 rs0092 	 7.947482 	 0.588512 	 1.013548 
 rs0093 	 8.830249 	 0.130780 	 0.098085 
 rs0094 	 8.666774 	 0.392341 	 0.261561 
 rs0095 	 7.358970 	 0.000000 	 0.882768 
 rs0096 	 8.862945 	 0.130780 	 0.065390 
 rs0097 	 8.241738 	 0.784682 	 0.425036 
 rs0098 	 8.699469 	 0.621207 	 0.098085 
 rs0104 	 8.699469 	 0.163476 	 0.130780 
 rs0105 	 7.718616 	 0.359646 	 0.555817 
 rs0107 	 7.947482 	 0.588512 	 1.013548 
 rs0109 	 8.078262 	 0.457731 	 0.261561 
 rs0111 	 7.358970 	 0.000000 	 0.719292 
 rs1321 	 8.961030 	 1.602060 	 0.000000 
 rs1322 	 7.358970 	 0.000000 	 0.653902 
 rs0113 	 8.568689 	 0.098085 	 0.098085 
 rs0114 	 8.732164 	 0.163476 	 0.098085 
 rs0118 	 8.339823 	 0.261561 	 0.425036 
 rs0120 	 8.307128 	 0.163476 	 0.196171 
 rs0121 	 8.699469 	 0.196171 	 0.098085 
 rs0122 	 8.045567 	 0.621207 	 0.359646 
 rs0124 	 7.391665 	 0.032695 	 0.751987 
 rs0125 	 8.961030 	 0.301030 	 -0.301030 
 rs0126 	 8.470603 	 0.196171 	 0.392341 
 rs0127 	 8.666774 	 0.359646 	 0.294256 
 rs0128 	 8.797554 	 0.163476 	 0.098085 
 rs0129 	 8.928335 	 0.098085 	 0.032695 
 rs0130 	 7.718616 	 0.359646 	 0.555817 
 rs0132 	 7.391665 	 0.032695 	 0.653902 
 rs0133 	 8.535994 	 0.098085 	 0.065390 
 rs0134 	 8.601384 	 0.098085 	 0.098085 
 rs0135 	 8.601384 	 0.163476 	 0.130780 
 rs0136 	 8.601384 	 0.130780 	 0.032695 
 rs0137 	 8.339823 	 0.294256 	 0.261561 
 rs0138 	 7.685921 	 0.326951 	 0.523122 
 rs0139 	 7.391665 	 0.032695 	 0.686597 
 rs0140 	 7.391665 	 0.032695 	 0.784682 
 rs0141 	 8.012872 	 0.588512 	 0.261561 
 rs0142 	 8.535994 	 0.065390 	 0.065390 
 rs0143 	 8.895640 	 0.098085 	 0.065390 
 rs0145 	 8.339823 	 0.294256 	 0.130780 
 rs0146 	 8.209043 	 0.523122 	 0.261561 
 rs0147 	 8.437908 	 0.294256 	 0.163476 
 rs0148 	 8.961030 	 0.032695 	 0.000000 
 rs0149 	 8.143652 	 0.621207 	 0.392341 
 rs1323 	 8.110957 	 0.425036 	 0.294256 
 rs1324 	 8.503298 	 0.130780 	 0.163476 
 rs0150 	 7.587836 	 0.228866 	 0.555817 
 rs0151 	 8.012872 	 0.588512 	 0.359646 
 rs0152 	 7.980177 	 0.588512 	 0.261561 
 rs0154 	 7.587836 	 0.228866 	 0.653902 
 rs1325 	 7.947482 	 0.588512 	 1.013548 
 rs0155 	 8.568689 	 0.261561 	 0.326951 
 rs0156 	 8.176347 	 0.228866 	 0.261561 
 rs0159 	 8.699469 	 0.130780 	 0.032695 
 rs0161 	 8.078262 	 0.653902 	 0.425036 
 rs0163 	 8.437908 	 0.098085 	 0.098085 
 rs0165 	 8.209043 	 0.457731 	 0.457731 
 rs0166 	 8.797554 	 0.196171 	 0.065390 
 rs0167 	 8.209043 	 0.751987 	 0.490427 
 rs0168 	 7.587836 	 0.228866 	 0.653902 
 rs0170 	 8.078262 	 0.588512 	 0.359646 
 rs0171 	 8.078262 	 0.523122 	 0.425036 
 rs0172 	 8.274433 	 0.555817 	 0.457731 
 rs0173 	 7.882092 	 0.457731 	 0.392341 
 rs0174 	 7.849396 	 0.425036 	 0.425036 
 rs0175 	 8.503298 	 0.196171 	 0.326951 
 rs0177 	 7.391665 	 0.032695 	 1.307804 
 rs0178 	 8.961030 	 1.602060 	 0.000000 
 rs0179 	 8.666774 	 1.307804 	 0.294256 
 rs0180 	 8.372518 	 0.228866 	 0.425036 
 rs0181 	 8.961030 	 1.602060 	 0.000000 
 rs0182 	 8.372518 	 0.294256 	 0.425036 
 rs0183 	 8.895640 	 0.130780 	 0.032695 
 rs0188 	 8.339823 	 0.196171 	 0.098085 
 rs0190 	 8.862945 	 0.163476 	 0.065390 
 rs0191 	 8.503298 	 0.098085 	 0.032695 
 rs0193 	 8.437908 	 0.098085 	 0.130780 
 rs0194 	 8.830249 	 0.228866 	 0.065390 
 rs0196 	 7.358970 	 0.000000 	 1.438584 
 rs0201 	 7.358970 	 0.000000 	 1.602060 
 rs0202 	 7.947482 	 0.555817 	 0.196171 
 rs0203 	 8.470603 	 0.098085 	 0.098085 
 rs0206 	 8.895640 	 0.098085 	 0.065390 
 rs0209 	 8.862945 	 0.130780 	 0.065390 
 rs0210 	 7.653226 	 0.261561 	 0.621207 
 rs0211 	 8.895640 	 0.130780 	 0.032695 
 rs0212 	 8.012872 	 0.588512 	 0.326951 
 rs0214 	 8.568689 	 0.163476 	 0.130780 
 rs0215 	 7.457055 	 0.098085 	 0.588512 
 rs0218 	 7.947482 	 0.588512 	 1.013548 
 rs0220 	 7.947482 	 0.555817 	 0.359646 
 rs0221 	 8.699469 	 0.163476 	 0.130780 
 rs0222 	 8.862945 	 0.163476 	 0.065390 
 rs0223 	 8.862945 	 0.163476 	 0.065390 
 rs0225 	 8.372518 	 0.098085 	 0.098085 
 rs0226 	 8.110957 	 0.555817 	 0.261561 
 rs0227 	 8.895640 	 0.130780 	 0.032695 
 rs0228 	 8.045567 	 0.588512 	 0.294256 
 rs0231 	 8.274433 	 0.523122 	 0.359646 
 rs1329 	 7.457055 	 0.098085 	 0.621207 
 rs0236 	 7.489750 	 0.130780 	 0.588512 
 rs0237 	 8.601384 	 0.098085 	 0.065390 
 rs0239 	 8.372518 	 0.359646 	 0.130780 
 rs0240 	 8.797554 	 0.098085 	 0.163476 
 rs0241 	 8.339823 	 0.294256 	 0.425036 
 rs0242 	 8.339823 	 0.326951 	 0.392341 
 rs0243 	 8.797554 	 0.196171 	 0.065390 
 rs0244 	 8.110957 	 0.294256 	 0.294256 
 rs0246 	 8.241738 	 0.686597 	 0.392341 
 rs0247 	 7.391665 	 0.032695 	 0.555817 
 rs0250 	 8.503298 	 0.130780 	 0.359646 
 rs0253 	 8.862945 	 0.163476 	 0.032695 
 rs0255 	 8.143652 	 0.588512 	 0.359646 
 rs0256 	 8.274433 	 0.261561 	 0.490427 
 rs0257 	 8.078262 	 0.621207 	 0.326951 
 rs0259 	 8.568689 	 0.163476 	 0.065390 
 rs0260 	 8.928335 	 0.098085 	 0.032695 
 rs0261 	 8.601384 	 0.130780 	 0.098085 
 rs0262 	 8.045567 	 0.588512 	 0.261561 
 rs0263 	 8.830249 	 0.163476 	 0.065390 
 rs0264 	 7.555141 	 0.196171 	 0.784682 
 rs0266 	 8.470603 	 0.098085 	 0.065390 
 rs0267 	 7.947482 	 0.588512 	 1.013548 
 rs0268 	 7.947482 	 0.588512 	 1.013548 
 rs0269 	 8.241738 	 0.490427 	 0.457731 
 rs0270 	 8.895640 	 0.163476 	 0.032695 
 rs0272 	 8.176347 	 0.588512 	 0.490427 
 rs0273 	 8.176347 	 0.588512 	 0.490427 
 rs0274 	 8.307128 	 0.294256 	 0.392341 
 rs0275 	 7.947482 	 0.588512 	 1.013548 
 rs0276 	 8.209043 	 0.555817 	 0.359646 
 rs0277 	 7.685921 	 0.294256 	 0.588512 
 rs1330 	 7.587836 	 0.228866 	 0.523122 
 rs0280 	 8.437908 	 0.098085 	 0.065390 
 rs0282 	 8.470603 	 0.098085 	 0.098085 
 rs0283 	 8.241738 	 0.523122 	 0.490427 
 rs0285 	 7.980177 	 0.555817 	 0.294256 
 rs0289 	 8.339823 	 0.359646 	 0.359646 
 rs0290 	 7.882092 	 0.490427 	 0.392341 
 rs0291 	 7.424360 	 0.065390 	 0.686597 
 rs0292 	 8.209043 	 0.719292 	 0.392341 
 rs0297 	 7.685921 	 0.326951 	 0.588512 
 rs0302 	 7.391665 	 0.032695 	 0.653902 
 rs0303 	 7.391665 	 0.032695 	 0.588512 
 rs0306 	 8.339823 	 0.163476 	 0.098085 
 rs0308 	 8.666774 	 0.196171 	 0.098085 
 rs0310 	 8.797554 	 0.261561 	 0.130780 
 rs1331 	 7.555141 	 0.196171 	 0.621207 
 rs0313 	 8.732164 	 0.392341 	 0.098085 
 rs0314 	 8.339823 	 0.294256 	 0.425036 
 rs0315 	 7.947482 	 0.588512 	 1.013548 
 rs0316 	 8.503298 	 0.130780 	 0.098085 
 rs0318 	 7.358970 	 0.000000 	 0.850073 
 rs0320 	 8.862945 	 0.392341 	 0.065390 
 rs0323 	 8.339823 	 0.326951 	 0.261561 
 rs0328 	 8.012872 	 0.588512 	 0.392341 
 rs0331 	 8.274433 	 0.294256 	 0.457731 
 rs0334 	 8.470603 	 0.098085 	 0.130780 
 rs0336 	 8.143652 	 0.555817 	 0.425036 
 rs0337 	 8.372518 	 0.196171 	 0.359646 
 rs0339 	 8.895640 	 0.130780 	 0.032695 
 rs0340 	 8.405213 	 0.294256 	 0.359646 
 rs0341 	 8.241738 	 0.784682 	 0.588512 
 rs0342 	 7.947482 	 0.555817 	 0.359646 
 rs0343 	 8.045567 	 0.621207 	 0.261561 
 rs0344 	 8.143652 	 0.686597 	 0.294256 
 rs0345 	 7.391665 	 0.032695 	 0.621207 
 rs0346 	 7.424360 	 0.065390 	 0.686597 
 rs0348 	 8.241738 	 0.523122 	 0.228866 
 rs0349 	 7.391665 	 0.032695 	 0.555817 
 rs0350 	 8.405213 	 0.163476 	 0.196171 
 rs0351 	 8.862945 	 0.130780 	 0.065390 
 rs0354 	 8.012872 	 0.588512 	 0.294256 
 rs0356 	 8.895640 	 0.163476 	 0.032695 
 rs0358 	 8.372518 	 0.098085 	 0.098085 
 rs0362 	 8.928335 	 0.098085 	 0.032695 
 rs0363 	 7.980177 	 0.621207 	 0.326951 
 rs0364 	 7.358970 	 0.000000 	 0.686597 
 rs0365 	 7.587836 	 0.228866 	 0.621207 
 rs0371 	 8.732164 	 0.196171 	 0.098085 
 rs0372 	 7.914787 	 0.523122 	 0.392341 
 rs0373 	 8.634079 	 0.326951 	 0.196171 
 rs0374 	 7.980177 	 0.588512 	 0.326951 
 rs0376 	 8.339823 	 0.294256 	 0.425036 
 rs0377 	 8.470603 	 0.130780 	 0.098085 
 rs0378 	 8.830249 	 0.130780 	 0.065390 
 rs0380 	 8.666774 	 0.621207 	 0.261561 
 rs0381 	 8.961030 	 1.602060 	 0.000000 
 rs0382 	 8.895640 	 0.098085 	 0.032695 
 rs0384 	 8.209043 	 0.588512 	 0.425036 
 rs0386 	 8.241738 	 0.653902 	 0.555817 
 rs0388 	 7.457055 	 0.098085 	 0.621207 
 rs0389 	 7.424360 	 0.065390 	 0.523122 
 rs0390 	 8.961030 	 1.602060 	 0.000000 
 rs0391 	 8.666774 	 0.196171 	 0.098085 
 rs0392 	 8.078262 	 0.588512 	 0.621207 
 rs0393 	 8.176347 	 0.588512 	 0.294256 
 rs0394 	 7.489750 	 0.130780 	 0.719292 
 rs0396 	 8.895640 	 0.065390 	 0.032695 
 rs0404 	 7.358970 	 0.000000 	 0.686597 
 rs0405 	 7.653226 	 0.261561 	 0.490427 
 rs0406 	 8.339823 	 0.294256 	 0.359646 
 rs0408 	 8.307128 	 0.261561 	 0.392341 
 rs0409 	 7.358970 	 0.000000 	 0.653902 
 rs0411 	 7.849396 	 0.457731 	 0.359646 
 rs1332 	 7.980177 	 0.588512 	 0.294256 
 rs0415 	 7.358970 	 0.000000 	 0.751987 
 rs0416 	 7.358970 	 0.000000 	 0.784682 
 rs0418 	 7.587836 	 0.196171 	 0.621207 
 rs0419 	 8.405213 	 0.261561 	 0.163476 
 rs0420 	 8.961030 	 1.602060 	 0.000000 
 rs0421 	 7.358970 	 0.000000 	 0.588512 
 rs0422 	 7.457055 	 0.098085 	 0.588512 
 rs0424 	 7.620531 	 0.196171 	 0.457731 
 rs0425 	 8.241738 	 0.261561 	 0.098085 
 rs0427 	 7.980177 	 0.555817 	 0.294256 
 rs0428 	 8.241738 	 0.621207 	 0.326951 
 rs0429 	 7.947482 	 0.555817 	 0.228866 
 rs0430 	 7.424360 	 0.065390 	 0.719292 
 rs0432 	 7.424360 	 0.065390 	 0.555817 
 rs0433 	 8.339823 	 0.326951 	 0.359646 
 rs0434 	 8.078262 	 0.686597 	 0.588512 
 rs0435 	 7.882092 	 0.490427 	 0.392341 
 rs0437 	 8.241738 	 0.490427 	 0.228866 
 rs0440 	 8.405213 	 0.065390 	 0.163476 
 rs0442 	 7.358970 	 0.000000 	 0.653902 
 rs0444 	 7.391665 	 0.032695 	 0.621207 
 rs0446 	 8.666774 	 0.163476 	 0.098085 
 rs1333 	 8.666774 	 0.163476 	 0.098085 
 rs1336 	 7.947482 	 0.588512 	 1.013548 
 rs0448 	 8.078262 	 0.523122 	 0.228866 
 rs0449 	 8.437908 	 0.130780 	 0.098085 
 rs0450 	 8.601384 	 0.098085 	 0.000000 
 rs0451 	 8.241738 	 0.196171 	 0.130780 
 rs0452 	 8.535994 	 0.130780 	 0.065390 
 rs0453 	 8.961030 	 0.359646 	 0.000000 
 rs0454 	 7.947482 	 0.588512 	 1.013548 
 rs0456 	 8.176347 	 0.326951 	 0.261561 
 rs0457 	 7.358970 	 0.000000 	 0.653902 
 rs0460 	 7.587836 	 0.196171 	 0.621207 
 rs0463 	 8.634079 	 0.359646 	 0.163476 
 rs0466 	 8.928335 	 0.359646 	 0.032695 
 rs0467 	 7.882092 	 0.490427 	 0.392341 
 rs0468 	 7.358970 	 0.000000 	 1.602060 
 rs0469 	 7.980177 	 0.588512 	 0.392341 
 rs0470 	 7.587836 	 0.228866 	 0.555817 
 rs0472 	 7.391665 	 0.032695 	 0.588512 
 rs0473 	 7.620531 	 0.261561 	 0.555817 
 rs0476 	 8.535994 	 0.163476 	 0.163476 
 rs0477 	 7.947482 	 0.588512 	 1.013548 
 rs0480 	 8.143652 	 0.621207 	 0.392341 
 rs0484 	 7.620531 	 0.261561 	 0.653902 
 rs0485 	 8.012872 	 0.621207 	 0.326951 
 rs0493 	 8.666774 	 0.817378 	 0.228866 
 rs0495 	 7.882092 	 0.490427 	 0.359646 
 rs0496 	 8.666774 	 0.196171 	 0.098085 
 rs0497 	 7.457055 	 0.098085 	 0.784682 
 rs0498 	 8.895640 	 0.163476 	 0.032695 
 rs0501 	 7.947482 	 0.523122 	 0.326951 
 rs0503 	 8.928335 	 0.130780 	 0.000000 
 rs0505 	 8.961030 	 0.392341 	 0.000000 
 rs0508 	 7.816701 	 0.425036 	 0.457731 
 rs0513 	 8.241738 	 0.784682 	 0.228866 
 rs0516 	 8.110957 	 0.555817 	 0.228866 
 rs0517 	 8.568689 	 0.163476 	 0.098085 
 rs0519 	 8.405213 	 0.294256 	 0.228866 
 rs0520 	 8.078262 	 0.523122 	 0.392341 
 rs0521 	 8.339823 	 0.326951 	 0.425036 
 rs0522 	 8.601384 	 0.163476 	 0.163476 
 rs0524 	 8.012872 	 0.555817 	 0.326951 
 rs0526 	 8.307128 	 0.326951 	 0.326951 
 rs0528 	 8.961030 	 0.098085 	 0.000000 
 rs0529 	 8.274433 	 0.555817 	 0.261561 
 rs0531 	 8.928335 	 0.098085 	 0.032695 
 rs0532 	 8.405213 	 0.228866 	 0.196171 
 rs0534 	 7.947482 	 0.588512 	 1.013548 
 rs0536 	 8.666774 	 0.980853 	 0.261561 
 rs0537 	 8.862945 	 0.130780 	 0.032695 
 rs0538 	 8.666774 	 0.523122 	 0.098085 
 rs0541 	 8.895640 	 0.098085 	 0.032695 
 rs0543 	 8.110957 	 0.621207 	 0.326951 
 rs0545 	 7.358970 	 0.000000 	 0.719292 
 rs0548 	 8.209043 	 0.784682 	 0.523122 
 rs0549 	 8.274433 	 0.425036 	 0.326951 
 rs0553 	 8.012872 	 0.555817 	 0.359646 
 rs0554 	 8.961030 	 0.000000 	 0.000000 
 rs0555 	 8.797554 	 0.196171 	 0.065390 
 rs0556 	 7.358970 	 0.000000 	 0.555817 
 rs0559 	 8.307128 	 0.326951 	 0.457731 
 rs0560 	 8.797554 	 0.130780 	 0.098085 
 rs0561 	 8.862945 	 0.130780 	 0.065390 
 rs0562 	 7.555141 	 0.196171 	 0.719292 
 rs0564 	 8.012872 	 0.621207 	 0.294256 
 rs0566 	 8.143652 	 0.686597 	 0.359646 
 rs0568 	 8.045567 	 0.555817 	 0.326951 
 rs0570 	 8.372518 	 0.588512 	 0.425036 
 rs0571 	 7.391665 	 0.032695 	 0.686597 
 rs0572 	 8.862945 	 0.163476 	 0.065390 
 rs0573 	 7.718616 	 0.326951 	 0.588512 
 rs0574 	 8.862945 	 0.163476 	 0.032695 
 rs0578 	 8.797554 	 0.196171 	 0.065390 
 rs0580 	 8.699469 	 0.228866 	 0.065390 
 rs0582 	 8.437908 	 0.098085 	 0.032695 
 rs0585 	 8.012872 	 0.621207 	 0.326951 
 rs0586 	 8.045567 	 0.653902 	 0.523122 
 rs0587 	 8.437908 	 0.130780 	 0.359646 
 rs0588 	 7.358970 	 0.000000 	 1.209719 
 rs0589 	 8.241738 	 0.817378 	 0.523122 
 rs0591 	 8.503298 	 0.130780 	 0.065390 
 rs0597 	 8.241738 	 0.621207 	 0.392341 
 rs0598 	 8.961030 	 0.065390 	 0.000000 
 rs0602 	 8.274433 	 0.261561 	 0.490427 
 rs0603 	 8.339823 	 0.228866 	 0.065390 
 rs0605 	 8.666774 	 0.196171 	 0.098085 
 rs0609 	 8.372518 	 0.326951 	 0.261561 
 rs0610 	 8.699469 	 0.196171 	 0.130780 
 rs0612 	 8.928335 	 0.098085 	 0.032695 
 rs0615 	 8.568689 	 0.163476 	 0.130780 
 rs0618 	 8.012872 	 0.588512 	 0.425036 
 rs0620 	 8.241738 	 0.719292 	 0.359646 
 rs0623 	 7.587836 	 0.228866 	 0.588512 
 rs0627 	 8.535994 	 0.130780 	 0.130780 
 rs0631 	 8.110957 	 0.588512 	 0.294256 
 rs0636 	 8.503298 	 0.163476 	 0.359646 
 rs0638 	 8.699469 	 0.163476 	 0.130780 
 rs0640 	 8.143652 	 0.555817 	 0.326951 
 rs0644 	 8.012872 	 0.588512 	 0.261561 
 rs0645 	 8.601384 	 0.196171 	 0.130780 
 rs0650 	 8.568689 	 0.098085 	 0.065390 
 rs1337 	 7.358970 	 0.000000 	 1.438584 
 rs0656 	 8.634079 	 0.163476 	 0.130780 
 rs0657 	 8.568689 	 0.163476 	 0.163476 
 rs0660 	 8.928335 	 0.130780 	 0.032695 
 rs0669 	 8.961030 	 1.602060 	 0.000000 
 rs0671 	 8.274433 	 0.588512 	 0.326951 
 rs0672 	 8.568689 	 0.098085 	 0.032695 
 rs0678 	 7.947482 	 0.555817 	 0.326951 
 rs0679 	 8.209043 	 0.196171 	 0.098085 
 rs0688 	 8.961030 	 0.032695 	 0.000000 
 rs0700 	 7.751311 	 0.392341 	 0.523122 
 rs0708 	 8.601384 	 0.130780 	 0.000000 
 rs0710 	 8.143652 	 0.588512 	 0.359646 
 rs0712 	 7.980177 	 0.588512 	 0.294256 
 rs0719 	 8.961030 	 0.130780 	 0.000000 
 rs0722 	 7.980177 	 0.555817 	 0.359646 
 rs0731 	 8.503298 	 0.294256 	 0.359646 
 rs0736 	 7.980177 	 0.588512 	 0.326951 
 rs0742 	 8.666774 	 0.457731 	 0.261561 
 rs0741 	 8.961030 	 0.065390 	 0.000000 
 rs0744 	 8.764859 	 0.163476 	 0.065390 
 rs0743 	 7.653226 	 0.261561 	 0.555817 
 rs0745 	 8.405213 	 0.098085 	 0.065390 
 rs0751 	 8.503298 	 0.098085 	 0.098085 
 rs0754 	 8.535994 	 0.163476 	 0.130780 
 rs0740 	 8.241738 	 0.588512 	 0.359646 
 rs0758 	 8.732164 	 0.196171 	 0.130780 
 rs0752 	 8.110957 	 0.621207 	 0.392341 
 rs0757 	 8.699469 	 0.163476 	 0.163476 
 rs0756 	 8.012872 	 0.588512 	 0.359646 
 rs0764 	 8.307128 	 0.294256 	 0.457731 
 rs0763 	 8.307128 	 0.294256 	 0.425036 
 rs0774 	 8.045567 	 0.588512 	 0.359646 
 rs0775 	 7.718616 	 0.326951 	 0.523122 
 rs0781 	 8.535994 	 0.098085 	 0.098085 
 rs0776 	 8.241738 	 0.490427 	 0.425036 
 rs0779 	 8.928335 	 0.425036 	 0.032695 
 rs0794 	 8.307128 	 0.261561 	 0.392341 
 rs0802 	 7.914787 	 0.523122 	 0.392341 
 rs0800 	 8.176347 	 0.588512 	 0.326951 
 rs1339 	 7.947482 	 0.588512 	 1.013548 
 rs1338 	 8.274433 	 0.294256 	 0.457731 
 rs0824 	 7.947482 	 0.588512 	 1.013548 
 rs0834 	 8.699469 	 0.163476 	 0.130780 
 rs1340 	 7.457055 	 0.098085 	 0.817378 
 rs0840 	 8.274433 	 0.326951 	 0.457731 
 rs0839 	 8.470603 	 0.098085 	 0.098085 
 rs0845 	 8.339823 	 0.326951 	 0.457731 
 rs0846 	 8.143652 	 0.163476 	 0.163476 
 rs0855 	 8.601384 	 0.163476 	 0.130780 
 rs0850 	 8.764859 	 0.163476 	 0.098085 
 rs0843 	 8.634079 	 0.163476 	 0.130780 
 rs0869 	 8.241738 	 0.326951 	 0.228866 
 rs0871 	 8.372518 	 0.294256 	 0.359646 
 rs0882 	 7.947482 	 0.588512 	 1.013548 
 rs0895 	 7.489750 	 0.130780 	 0.653902 
 rs0891 	 8.732164 	 0.163476 	 0.098085 
 rs0888 	 8.503298 	 0.130780 	 0.163476 
 rs0896 	 7.947482 	 0.588512 	 1.013548 
 rs0897 	 8.437908 	 0.196171 	 0.392341 
 rs0922 	 8.307128 	 0.261561 	 0.196171 
 rs0974 	 8.961030 	 0.065390 	 0.000000 
 rs0962 	 8.503298 	 0.130780 	 0.130780 
 rs1354 	 8.797554 	 0.294256 	 0.098085 
 rs0767 	 7.685921 	 0.326951 	 0.621207 
 rs0768 	 8.339823 	 0.228866 	 0.490427 
 rs0738 	 8.470603 	 0.130780 	 0.130780 
 rs0734 	 8.470603 	 0.130780 	 0.163476 
 rs0727 	 8.601384 	 0.490427 	 0.196171 
 rs0726 	 7.849396 	 0.457731 	 0.457731 
 rs0724 	 8.895640 	 0.130780 	 0.032695 
 rs0782 	 7.784006 	 0.425036 	 0.850073 
 rs0778 	 8.045567 	 0.555817 	 0.326951 
 rs0777 	 7.424360 	 0.065390 	 0.784682 
 rs0784 	 8.928335 	 0.098085 	 0.000000 
 rs0788 	 8.176347 	 0.588512 	 0.228866 
 rs0795 	 7.980177 	 0.588512 	 0.261561 
 rs0797 	 8.568689 	 0.130780 	 0.065390 
 rs0798 	 8.568689 	 0.130780 	 0.098085 
 rs0799 	 7.522445 	 0.163476 	 0.719292 
 rs0832 	 8.012872 	 0.588512 	 0.294256 
 rs0827 	 7.947482 	 0.588512 	 1.013548 
 rs0828 	 8.241738 	 0.555817 	 0.392341 
 rs0804 	 8.176347 	 0.751987 	 0.196171 
 rs0812 	 8.830249 	 0.130780 	 0.065390 
 rs0810 	 7.522445 	 0.163476 	 0.621207 
 rs0811 	 8.437908 	 0.098085 	 0.098085 
 rs0809 	 8.895640 	 0.098085 	 0.032695 
 rs0808 	 7.947482 	 0.588512 	 1.013548 
 rs0806 	 8.797554 	 0.163476 	 0.065390 
 rs0876 	 7.457055 	 0.098085 	 0.948158 
 rs1343 	 7.555141 	 0.196171 	 0.719292 
 rs0860 	 7.947482 	 0.588512 	 1.013548 
 rs0842 	 7.424360 	 0.065390 	 0.588512 
 rs0847 	 8.732164 	 0.228866 	 0.098085 
 rs0866 	 8.601384 	 0.163476 	 0.130780 
 rs0857 	 7.358970 	 0.000000 	 0.588512 
 rs0853 	 8.274433 	 0.555817 	 0.392341 
 rs0867 	 7.555141 	 0.196171 	 0.653902 
 rs0868 	 8.601384 	 0.163476 	 0.130780 
 rs0870 	 8.666774 	 1.275109 	 0.163476 
 rs0906 	 8.241738 	 0.751987 	 0.392341 
 rs0893 	 8.045567 	 0.621207 	 0.326951 
 rs0880 	 8.568689 	 0.163476 	 0.130780 
 rs0879 	 8.634079 	 0.196171 	 0.196171 
 rs0875 	 8.372518 	 0.196171 	 0.490427 
 rs0872 	 8.045567 	 0.653902 	 0.359646 
 rs0900 	 7.947482 	 0.588512 	 1.013548 
 rs0923 	 7.489750 	 0.130780 	 0.588512 
 rs0919 	 7.653226 	 0.294256 	 0.621207 
 rs0908 	 7.391665 	 0.032695 	 0.588512 
 rs0907 	 8.241738 	 0.457731 	 0.359646 
 rs0915 	 7.424360 	 0.065390 	 0.653902 
 rs0917 	 7.424360 	 0.065390 	 0.686597 
 rs0916 	 8.241738 	 0.523122 	 0.392341 
 rs0920 	 8.110957 	 0.621207 	 0.326951 
 rs0921 	 8.895640 	 0.130780 	 0.032695 
 rs0932 	 7.457055 	 0.098085 	 0.621207 
 rs0926 	 7.555141 	 0.196171 	 0.719292 
 rs0930 	 8.012872 	 0.588512 	 0.294256 
 rs0934 	 8.339823 	 0.294256 	 0.392341 
 rs0945 	 8.372518 	 0.326951 	 0.392341 
 rs0944 	 8.176347 	 0.588512 	 0.392341 
 rs0968 	 7.457055 	 0.098085 	 0.588512 
 rs0953 	 8.535994 	 0.098085 	 0.098085 
 rs1347 	 8.961030 	 1.602060 	 0.000000 
 rs0976 	 7.457055 	 0.098085 	 0.751987 
 rs0975 	 8.110957 	 0.588512 	 0.359646 
 rs0978 	 8.045567 	 0.490427 	 0.130780 
 rs0967 	 8.143652 	 0.163476 	 0.294256 
 rs0970 	 8.634079 	 0.163476 	 0.130780 
 rs0958 	 8.339823 	 0.163476 	 0.425036 
 rs0959 	 7.457055 	 0.098085 	 0.784682 
 rs0981 	 8.045567 	 0.588512 	 0.359646 
 rs0984 	 8.307128 	 0.261561 	 0.196171 
 rs0985 	 8.176347 	 0.653902 	 0.359646 
 rs0983 	 8.176347 	 0.719292 	 0.392341 
 rs0790 	 7.489750 	 0.130780 	 0.751987 
 rs0793 	 8.307128 	 0.294256 	 0.425036 
 rs1342 	 8.634079 	 0.098085 	 0.098085 
 rs0873 	 8.862945 	 0.130780 	 0.065390 
 rs0910 	 8.961030 	 0.098085 	 0.000000 
 rs0909 	 8.143652 	 0.523122 	 0.326951 
 rs0933 	 7.947482 	 0.588512 	 0.719292 
 rs0935 	 8.372518 	 0.196171 	 0.228866 
 rs0936 	 8.339823 	 0.163476 	 0.163476 
 rs1345 	 8.830249 	 0.457731 	 0.032695 
 rs0954 	 7.947482 	 0.588512 	 1.013548 
 rs1348 	 8.699469 	 0.196171 	 0.098085 
 rs0957 	 7.457055 	 0.098085 	 0.850073 
 rs0950 	 8.274433 	 0.686597 	 0.294256 
 rs0946 	 8.307128 	 0.686597 	 0.555817 
 rs0941 	 8.045567 	 0.555817 	 0.392341 
 rs1346 	 7.522445 	 0.163476 	 0.686597 
 rs0979 	 7.457055 	 0.098085 	 0.751987 
 rs0980 	 8.928335 	 0.065390 	 0.032695 
 rs1353 	 8.666774 	 1.307804 	 0.294256 
 rs1350 	 8.961030 	 1.602060 	 0.000000 
 rs1351 	 8.961030 	 1.602060 	 0.000000 
 rs1349 	 8.666774 	 1.307804 	 0.294256 
 rs0960 	 7.391665 	 0.032695 	 0.686597 
 rs0982 	 7.358970 	 0.000000 	 0.621207 
 rs0833 	 8.830249 	 0.196171 	 0.130780 
 rs0831 	 8.732164 	 0.163476 	 0.098085 
 rs0818 	 8.012872 	 0.555817 	 0.326951 
 rs0822 	 7.358970 	 0.000000 	 0.621207 
 rs0821 	 8.241738 	 0.751987 	 0.228866 
 rs0823 	 8.961030 	 0.065390 	 0.000000 
 rs0816 	 7.391665 	 0.032695 	 0.653902 
 rs0814 	 7.391665 	 0.032695 	 0.621207 
 rs0815 	 7.980177 	 0.555817 	 0.326951 
 rs0820 	 7.620531 	 0.261561 	 0.457731 
 rs0805 	 7.358970 	 0.000000 	 0.588512 
 rs1518 	 8.862945 	 0.098085 	 0.032695 
 rs1000 	 8.797554 	 0.163476 	 0.065390 
 rs1002 	 8.307128 	 0.294256 	 0.457731 
 rs1033 	 8.961030 	 0.301030 	 -0.301030 
 rs1034 	 8.143652 	 0.653902 	 0.294256 
 rs1074 	 8.012872 	 0.555817 	 0.294256 
 rs1081 	 8.143652 	 0.490427 	 0.326951 
 rs1109 	 8.928335 	 1.569365 	 0.032695 
 rs1110 	 8.503298 	 0.130780 	 0.130780 
 rs1111 	 7.358970 	 0.000000 	 1.602060 
 rs1114 	 7.358970 	 0.000000 	 0.621207 
 rs1116 	 8.143652 	 0.130780 	 0.163476 
 rs1134 	 7.947482 	 0.588512 	 1.013548 
 rs1159 	 7.980177 	 0.555817 	 0.326951 
 rs1163 	 8.666774 	 1.307804 	 0.294256 
 rs1175 	 7.489750 	 0.130780 	 0.653902 
 rs1202 	 7.555141 	 0.196171 	 0.719292 
 rs1036 	 8.045567 	 0.523122 	 0.130780 
 rs1260 	 8.045567 	 0.621207 	 0.294256 
 rs1261 	 8.241738 	 0.719292 	 0.490427 
 rs1472 	 8.830249 	 0.065390 	 0.065390 
 rs1473 	 8.928335 	 0.065390 	 0.032695 
 rs0989 	 8.372518 	 0.130780 	 0.098085 
 rs1355 	 7.947482 	 0.588512 	 1.013548 
 rs0991 	 8.862945 	 0.130780 	 0.065390 
 rs0997 	 8.568689 	 0.163476 	 0.130780 
 rs0998 	 7.489750 	 0.130780 	 0.621207 
 rs1015 	 7.424360 	 0.065390 	 0.588512 
 rs1026 	 7.358970 	 0.000000 	 0.915463 
 rs1038 	 7.980177 	 0.555817 	 0.228866 
 rs1437 	 8.732164 	 0.098085 	 0.032695 
 rs1491 	 8.503298 	 0.098085 	 0.130780 
 rs1449 	 8.372518 	 0.065390 	 0.228866 
 rs0988 	 8.928335 	 0.228866 	 0.032695 
 rs1119 	 7.947482 	 0.555817 	 0.359646 
 rs1121 	 8.209043 	 0.196171 	 0.163476 
 rs1122 	 7.358970 	 0.000000 	 1.569365 
 rs1004 	 8.634079 	 0.098085 	 0.000000 
 rs1005 	 8.339823 	 0.228866 	 0.065390 
 rs1010 	 8.601384 	 0.098085 	 0.032695 
 rs1075 	 8.764859 	 0.098085 	 0.065390 
 rs1093 	 8.503298 	 0.098085 	 0.032695 
 rs1178 	 8.666774 	 0.163476 	 0.065390 
 rs1297 	 8.241738 	 0.817378 	 0.392341 
 rs1446 	 7.358970 	 0.000000 	 1.340499 
 rs1086 	 7.358970 	 0.000000 	 1.602060 
 rs0996 	 7.587836 	 0.228866 	 0.621207 
 rs1001 	 8.666774 	 0.621207 	 0.196171 
 rs1117 	 8.961030 	 1.602060 	 0.000000 
 rs1185 	 8.405213 	 0.130780 	 0.065390 
 rs1003 	 8.307128 	 0.719292 	 0.457731 
 rs1394 	 8.961030 	 1.602060 	 0.000000 
 rf0058 	 8.339823 	 0.261561 	 0.457731 
 rf0526 	 7.457055 	 0.098085 	 0.686597 
 rf0024 	 8.699469 	 0.228866 	 0.098085 
 rs1054 	 7.489750 	 0.130780 	 0.686597 
 rs1219 	 8.699469 	 0.163476 	 0.065390 
 rs1245 	 7.751311 	 0.392341 	 0.490427 
 rf0530 	 8.241738 	 0.817378 	 0.163476 
 rs1025 	 8.535994 	 0.098085 	 0.032695 
 rf0053 	 7.980177 	 0.555817 	 0.294256 
 rf0051 	 7.391665 	 0.032695 	 0.653902 
 rs1264 	 8.012872 	 0.588512 	 0.294256 
 rs1143 	 7.555141 	 0.196171 	 0.686597 
 rs1361 	 8.012872 	 0.588512 	 0.294256 
 rs1398 	 8.307128 	 0.294256 	 0.130780 
 rs1399 	 8.274433 	 0.294256 	 0.490427 
 rs1409 	 7.358970 	 0.000000 	 1.602060 
 rs1291 	 8.110957 	 0.425036 	 0.359646 
 rf0022 	 8.470603 	 0.196171 	 0.196171 
 rs1259 	 8.274433 	 0.555817 	 0.228866 
 rs1018 	 7.947482 	 0.588512 	 1.013548 
 rs1028 	 8.405213 	 0.261561 	 0.392341 
 rs1031 	 8.176347 	 0.588512 	 0.425036 
 rs1032 	 7.980177 	 0.588512 	 0.326951 
 rs1062 	 8.568689 	 0.130780 	 0.065390 
 rs1063 	 7.424360 	 0.065390 	 0.588512 
 rs1064 	 8.437908 	 0.098085 	 0.196171 
 rs1068 	 8.339823 	 0.261561 	 0.425036 
 rs1084 	 8.307128 	 0.294256 	 0.392341 
 rs1157 	 8.666774 	 1.307804 	 0.294256 
 rs1162 	 8.961030 	 1.602060 	 0.000000 
 rs1395 	 8.307128 	 0.196171 	 0.196171 
 rs1211 	 8.535994 	 0.098085 	 0.032695 
 rs1364 	 7.947482 	 0.588512 	 1.013548 
 rs1217 	 8.895640 	 0.130780 	 0.032695 
 rs1218 	 8.405213 	 0.065390 	 0.098085 
 rs1221 	 7.685921 	 0.326951 	 0.555817 
 rs1366 	 8.437908 	 0.294256 	 0.359646 
 rs1223 	 7.947482 	 0.588512 	 1.013548 
 rs1230 	 8.339823 	 0.130780 	 0.098085 
 rs1371 	 8.012872 	 0.588512 	 0.392341 
 rs1373 	 8.045567 	 0.588512 	 0.359646 
 rs1235 	 7.358970 	 0.000000 	 0.817378 
 rs1377 	 8.372518 	 0.065390 	 0.098085 
 rs1385 	 8.274433 	 0.555817 	 0.392341 
 rs1396 	 7.391665 	 0.032695 	 0.653902 
 rs1397 	 8.274433 	 0.359646 	 0.326951 
 rs1401 	 7.522445 	 0.163476 	 0.555817 
 rs1257 	 7.980177 	 0.588512 	 0.326951 
 rs1262 	 7.980177 	 0.555817 	 0.359646 
 rs1293 	 8.568689 	 0.130780 	 0.098085 
 rs1298 	 8.078262 	 0.653902 	 0.653902 
 rs1303 	 8.209043 	 0.686597 	 0.490427 
 rs1305 	 8.241738 	 0.850073 	 0.163476 
 rs1310 	 8.176347 	 0.555817 	 0.359646 
 rs1393 	 7.358970 	 0.000000 	 0.621207 
 rf0006 	 8.176347 	 0.588512 	 0.392341 
 rf0010 	 7.555141 	 0.196171 	 0.490427 
 rf0012 	 7.555141 	 0.196171 	 0.588512 
 rf0013 	 8.372518 	 0.294256 	 0.065390 
 rf0014 	 7.685921 	 0.326951 	 0.555817 
 rf0015 	 8.634079 	 0.098085 	 0.098085 
 rs1106 	 7.555141 	 0.130780 	 0.392341 
 rs1108 	 8.241738 	 0.882768 	 0.425036 
 rs1112 	 8.241738 	 0.882768 	 0.523122 
 rs1126 	 8.666774 	 1.209719 	 0.261561 
 rs1029 	 8.274433 	 0.425036 	 0.425036 
 rs1030 	 7.522445 	 0.163476 	 0.588512 
 rs1035 	 8.110957 	 0.621207 	 0.326951 
 rs1040 	 7.980177 	 0.588512 	 0.326951 
 rs1047 	 8.012872 	 0.588512 	 0.326951 
 rs1050 	 7.947482 	 0.588512 	 1.013548 
 rs1052 	 8.143652 	 0.425036 	 0.326951 
 rs1055 	 8.045567 	 0.588512 	 0.359646 
 rs1057 	 8.535994 	 0.130780 	 0.065390 
 rs1065 	 8.274433 	 0.326951 	 0.425036 
 rs1072 	 8.274433 	 0.621207 	 0.294256 
 rs1382 	 7.555141 	 0.196171 	 0.555817 
 rs1149 	 8.666774 	 1.307804 	 0.294256 
 rs1150 	 7.358970 	 0.000000 	 0.751987 
 rs1165 	 7.587836 	 0.228866 	 0.686597 
 rs1278 	 8.732164 	 0.326951 	 0.130780 
 rs1405 	 7.947482 	 0.588512 	 0.326951 
 rs1267 	 8.568689 	 0.098085 	 0.065390 
 rf0150 	 8.568689 	 0.098085 	 0.065390 
 rs1270 	 8.274433 	 0.294256 	 0.457731 
 rf0049 	 7.620531 	 0.228866 	 0.653902 
 rs1271 	 7.685921 	 0.294256 	 0.490427 
 rf0573 	 8.176347 	 0.653902 	 0.359646 
 rf0129 	 8.176347 	 0.457731 	 0.490427 
 rs1152 	 8.535994 	 0.098085 	 0.065390 
 rs1168 	 8.862945 	 0.065390 	 0.000000 
 rs1187 	 8.241738 	 0.882768 	 0.359646 
 rf0540 	 8.699469 	 0.130780 	 0.032695 
 rs1378 	 8.241738 	 0.555817 	 0.392341 
 rs1387 	 7.358970 	 0.000000 	 1.602060 
 rs1302 	 7.391665 	 0.032695 	 0.817378 
 rs0995 	 8.470603 	 0.098085 	 0.098085 
 rs1391 	 7.980177 	 0.555817 	 0.326951 
 rf0136 	 8.503298 	 0.196171 	 0.359646 
 rs1006 	 8.241738 	 0.555817 	 0.490427 
 rs1017 	 7.489750 	 0.130780 	 0.653902 
 rf0048 	 7.947482 	 0.555817 	 0.490427 
 rs1268 	 7.947482 	 0.588512 	 0.392341 
 rf0554 	 7.358970 	 0.000000 	 0.653902 
 rs1266 	 8.634079 	 0.392341 	 0.163476 
 rf0042 	 8.078262 	 0.621207 	 0.294256 
 rf0037 	 8.961030 	 0.065390 	 0.000000 
 rf0108 	 7.424360 	 0.065390 	 0.555817 
 rf0527 	 7.424360 	 0.065390 	 0.621207 
 rf0109 	 8.503298 	 0.130780 	 0.098085 
 rs1169 	 8.470603 	 0.098085 	 0.130780 
 rs1183 	 8.699469 	 0.163476 	 0.130780 
 rs1384 	 7.947482 	 0.588512 	 1.013548 
 rs1383 	 8.176347 	 0.686597 	 0.294256 
 rs1248 	 8.535994 	 0.130780 	 0.098085 
 rs1191 	 8.797554 	 0.163476 	 0.065390 
 rf0099 	 8.045567 	 0.555817 	 0.294256 
 rf0549 	 7.718616 	 0.359646 	 0.555817 
 rf0076 	 7.947482 	 0.523122 	 0.326951 
 rs1272 	 7.358970 	 0.000000 	 0.621207 
 rf0561 	 7.391665 	 0.032695 	 0.621207 
 rf0041 	 8.961030 	 0.301030 	 -0.301030 
 rs1265 	 8.339823 	 0.261561 	 0.392341 
 rs1123 	 8.437908 	 0.098085 	 0.098085 
 rs1132 	 7.424360 	 0.065390 	 0.621207 
 rf0062 	 8.437908 	 0.130780 	 0.326951 
 rs1023 	 8.862945 	 0.130780 	 0.065390 
 rf0564 	 8.176347 	 0.588512 	 0.425036 
 rf0065 	 7.587836 	 0.228866 	 0.588512 
 rf0102 	 7.980177 	 0.588512 	 0.359646 
 rf0531 	 7.358970 	 0.000000 	 0.621207 
 rs1087 	 8.307128 	 0.294256 	 0.490427 
 rs1103 	 8.241738 	 0.719292 	 0.326951 
 rs1105 	 7.980177 	 0.523122 	 0.359646 
 rf0023 	 7.555141 	 0.196171 	 0.621207 
 rf0111 	 8.339823 	 0.359646 	 0.261561 
 rs1128 	 8.045567 	 0.555817 	 0.261561 
 rs1129 	 7.358970 	 0.000000 	 1.602060 
 rs1142 	 8.045567 	 0.588512 	 0.326951 
 rs1145 	 8.339823 	 0.326951 	 0.392341 
 rs1151 	 8.176347 	 0.686597 	 0.326951 
 rs1156 	 8.045567 	 0.588512 	 0.359646 
 rf0517 	 7.424360 	 0.065390 	 0.653902 
 rf0524 	 7.555141 	 0.196171 	 0.653902 
 rs1210 	 8.568689 	 0.130780 	 0.163476 
 rf0518 	 7.391665 	 0.032695 	 0.850073 
 rs1224 	 8.307128 	 0.261561 	 0.425036 
 rs1386 	 8.405213 	 0.294256 	 0.359646 
 rs1375 	 7.391665 	 0.032695 	 0.686597 
 rs1381 	 7.457055 	 0.098085 	 0.784682 
 rs1250 	 8.928335 	 0.032695 	 0.032695 
 rf0125 	 8.405213 	 0.098085 	 0.098085 
 rs1277 	 8.012872 	 0.588512 	 0.555817 
 rf0126 	 8.961030 	 0.098085 	 0.000000 
 rf0128 	 8.012872 	 0.588512 	 0.392341 
 rf0026 	 7.685921 	 0.326951 	 0.457731 
 rs1020 	 7.424360 	 0.065390 	 0.588512 
 rs1102 	 7.947482 	 0.588512 	 1.013548 
 rs1118 	 8.437908 	 0.098085 	 0.098085 
 rs1131 	 8.699469 	 0.130780 	 0.065390 
 rs1138 	 8.209043 	 0.686597 	 0.294256 
 rs1188 	 7.457055 	 0.098085 	 0.555817 
 rs1192 	 7.587836 	 0.228866 	 0.621207 
 rf0118 	 7.424360 	 0.065390 	 0.621207 
 rs1372 	 8.666774 	 1.307804 	 0.294256 
 rs1016 	 8.601384 	 0.130780 	 0.098085 
 rf0079 	 8.176347 	 0.653902 	 0.326951 
 rf0084 	 8.241738 	 0.457731 	 0.425036 
 rs1060 	 7.489750 	 0.130780 	 0.719292 
 rf0537 	 7.358970 	 0.000000 	 0.621207 
 rf0148 	 8.961030 	 0.065390 	 0.000000 
 rs1229 	 7.947482 	 0.588512 	 1.013548 
 rf0162 	 7.424360 	 0.065390 	 0.686597 
 rf0060 	 8.012872 	 0.555817 	 0.392341 
 rs1236 	 8.110957 	 0.621207 	 0.326951 
 rf0077 	 8.274433 	 0.457731 	 0.490427 
 rf0072 	 7.391665 	 0.032695 	 0.751987 
 rf0083 	 7.882092 	 0.490427 	 0.392341 
 rf0532 	 7.391665 	 0.032695 	 0.653902 
 rf0064 	 7.424360 	 0.065390 	 0.588512 
 rf0092 	 8.601384 	 0.098085 	 0.098085 
 rs1082 	 8.830249 	 0.228866 	 0.065390 
 rs1083 	 8.470603 	 0.228866 	 0.359646 
 rf0017 	 7.882092 	 0.457731 	 0.326951 
 rf0045 	 7.489750 	 0.130780 	 0.588512 
 rf0138 	 7.947482 	 0.588512 	 1.013548 
 rf0055 	 8.895640 	 0.163476 	 0.032695 
 rf0547 	 7.358970 	 0.000000 	 0.817378 
 rf0207 	 7.849396 	 0.457731 	 0.425036 
 rf0550 	 7.522445 	 0.163476 	 0.719292 
 rf0528 	 7.358970 	 0.000000 	 0.686597 
 rf0225 	 7.424360 	 0.065390 	 0.686597 
 rf0534 	 7.391665 	 0.032695 	 0.719292 
 rf0143 	 8.339823 	 0.294256 	 0.392341 
 rf0007 	 8.797554 	 0.130780 	 0.098085 
 rf0576 	 7.947482 	 0.588512 	 1.013548 
 rf0551 	 7.391665 	 0.032695 	 0.719292 
 rf0061 	 8.241738 	 0.719292 	 0.425036 
 rf0553 	 8.176347 	 0.653902 	 0.392341 
 rf0104 	 7.718616 	 0.359646 	 0.621207 
 rf0107 	 7.522445 	 0.163476 	 0.621207 
 rf0043 	 8.568689 	 0.098085 	 0.032695 
 rs1059 	 8.339823 	 0.163476 	 0.098085 
 rf0105 	 7.391665 	 0.032695 	 0.817378 
 rs1070 	 8.307128 	 0.261561 	 0.490427 
 rf0132 	 8.568689 	 0.228866 	 0.163476 
 rs1076 	 8.470603 	 0.359646 	 0.392341 
 rs1080 	 8.372518 	 0.228866 	 0.457731 
 rf0133 	 8.830249 	 0.130780 	 0.065390 
 rf0113 	 8.732164 	 0.228866 	 0.130780 
 rf0040 	 8.862945 	 0.163476 	 0.032695 
 rs1125 	 8.405213 	 0.098085 	 0.130780 
 rf0520 	 7.424360 	 0.065390 	 0.621207 
 rs1135 	 7.522445 	 0.163476 	 0.653902 
 rs1137 	 8.372518 	 0.294256 	 0.294256 
 rf0294 	 8.928335 	 0.065390 	 0.032695 
 rs1359 	 8.176347 	 0.621207 	 0.261561 
 rf0543 	 7.424360 	 0.065390 	 0.719292 
 rs1406 	 7.947482 	 0.588512 	 1.013548 
 rs1154 	 8.372518 	 0.294256 	 0.163476 
 rf0016 	 8.862945 	 0.163476 	 0.032695 
 rf0516 	 8.012872 	 0.621207 	 0.425036 
 rs1164 	 7.358970 	 0.000000 	 0.653902 
 rs1170 	 8.176347 	 0.555817 	 0.359646 
 rs1171 	 8.339823 	 0.294256 	 0.294256 
 rs1172 	 7.587836 	 0.228866 	 0.719292 
 rf0068 	 7.489750 	 0.130780 	 0.719292 
 rs1177 	 8.732164 	 0.294256 	 0.130780 
 rs1179 	 8.045567 	 0.490427 	 0.163476 
 rs1182 	 8.568689 	 0.163476 	 0.130780 
 rs1184 	 8.045567 	 0.588512 	 0.359646 
 rs1388 	 7.358970 	 0.000000 	 0.653902 
 rs1190 	 8.568689 	 0.228866 	 0.261561 
 rs1197 	 8.928335 	 0.098085 	 0.032695 
 rs1198 	 8.634079 	 0.523122 	 0.196171 
 rs1200 	 7.914787 	 0.523122 	 0.326951 
 rs1362 	 8.045567 	 0.588512 	 0.326951 
 rf0070 	 8.012872 	 0.621207 	 0.392341 
 rs1205 	 8.568689 	 0.098085 	 0.065390 
 rs1207 	 8.372518 	 0.130780 	 0.065390 
 rs1208 	 7.620531 	 0.261561 	 0.621207 
 rs1209 	 8.110957 	 0.425036 	 0.261561 
 rs1212 	 8.339823 	 0.261561 	 0.490427 
 rs1213 	 8.764859 	 0.130780 	 0.098085 
 rs1214 	 7.947482 	 0.588512 	 1.013548 
 rf0011 	 8.470603 	 0.130780 	 0.098085 
 rs1220 	 8.503298 	 0.130780 	 0.294256 
 rs1222 	 8.078262 	 0.588512 	 0.425036 
 rf0555 	 7.489750 	 0.130780 	 0.817378 
 rf0036 	 7.489750 	 0.130780 	 0.621207 
 rs1226 	 8.961030 	 1.602060 	 0.000000 
 rs1370 	 7.653226 	 0.294256 	 0.523122 
 rf0117 	 8.012872 	 0.621207 	 0.326951 
 rf0121 	 8.241738 	 0.850073 	 0.196171 
 rf0621 	 7.457055 	 0.098085 	 0.621207 
 rs1389 	 8.045567 	 0.588512 	 0.326951 
 rf0579 	 7.718616 	 0.326951 	 0.457731 
 rs1403 	 8.307128 	 0.326951 	 0.392341 
 rs1404 	 8.961030 	 1.602060 	 0.000000 
 rs1283 	 7.980177 	 0.588512 	 0.359646 
 rs1296 	 7.358970 	 0.000000 	 0.653902 
 rf0134 	 8.535994 	 0.130780 	 0.130780 
 rs1091 	 8.764859 	 0.196171 	 0.065390 
 rf0246 	 7.947482 	 0.588512 	 0.359646 
 rf0127 	 8.307128 	 0.326951 	 0.163476 
 rf0317 	 7.914787 	 0.523122 	 0.359646 
 rf0073 	 8.307128 	 0.228866 	 0.294256 
 rf0577 	 7.718616 	 0.359646 	 0.555817 
 rf0533 	 8.274433 	 0.294256 	 0.555817 
 rf0028 	 8.012872 	 0.588512 	 0.326951 
 rf0029 	 8.241738 	 0.588512 	 0.425036 
 rf0030 	 8.568689 	 0.130780 	 0.130780 
 rf0031 	 8.568689 	 0.130780 	 0.065390 
 rf0032 	 8.274433 	 0.588512 	 0.326951 
 rf0033 	 7.685921 	 0.326951 	 0.588512 
 rf0536 	 7.980177 	 0.588512 	 0.817378 
 rf0034 	 7.424360 	 0.065390 	 0.588512 
 rf0539 	 7.653226 	 0.294256 	 0.555817 
 rf0574 	 7.457055 	 0.098085 	 0.784682 
 rs1254 	 8.895640 	 0.098085 	 0.032695 
 rs1092 	 8.895640 	 0.163476 	 0.032695 
 rs1098 	 8.143652 	 0.588512 	 0.392341 
 rs1100 	 8.503298 	 0.098085 	 0.130780 
 rs1104 	 8.274433 	 0.392341 	 0.457731 
 rf0158 	 8.503298 	 0.163476 	 0.163476 
 rs1124 	 8.110957 	 0.653902 	 0.261561 
 rs1147 	 7.522445 	 0.163476 	 0.621207 
 rs1079 	 8.372518 	 0.163476 	 0.098085 
 rs1195 	 8.307128 	 0.555817 	 0.326951 
 rf0071 	 8.961030 	 0.425036 	 0.000000 
 rf0119 	 7.947482 	 0.555817 	 0.359646 
 rf0123 	 7.980177 	 0.588512 	 0.326951 
 rs1294 	 8.895640 	 0.130780 	 0.032695 
 rs1292 	 8.470603 	 0.130780 	 0.196171 
 rs1290 	 7.980177 	 0.588512 	 0.686597 
 rs1289 	 7.980177 	 0.555817 	 0.359646 
 rs1286 	 8.274433 	 0.228866 	 0.294256 
 rf0620 	 7.424360 	 0.065390 	 0.686597 
 rs1284 	 7.947482 	 0.555817 	 0.359646 
 rf0074 	 8.830249 	 0.196171 	 0.065390 
 rs1408 	 8.601384 	 0.196171 	 0.130780 
 rs1043 	 7.947482 	 0.588512 	 1.013548 
 rf0545 	 7.358970 	 0.000000 	 1.013548 
 rs1053 	 8.470603 	 0.359646 	 0.098085 
 rs1048 	 8.535994 	 0.130780 	 0.065390 
 rf0623 	 7.457055 	 0.098085 	 0.588512 
 rs1046 	 8.699469 	 0.196171 	 0.228866 
 rs1045 	 8.274433 	 0.294256 	 0.457731 
 rs1021 	 8.045567 	 0.555817 	 0.392341 
 rs1014 	 7.424360 	 0.065390 	 1.373194 
 rf0616 	 8.045567 	 0.588512 	 0.326951 
 rs1011 	 8.012872 	 0.588512 	 0.359646 
 rf0582 	 7.457055 	 0.098085 	 0.686597 
 rf0164 	 8.503298 	 0.130780 	 0.098085 
 rf0249 	 8.666774 	 0.130780 	 0.032695 
 rf0250 	 8.241738 	 0.784682 	 0.294256 
 rf0326 	 7.718616 	 0.359646 	 0.555817 
 rf0684 	 8.437908 	 0.130780 	 0.065390 
 rf0340 	 8.012872 	 0.523122 	 0.326951 
 rf0612 	 8.862945 	 0.098085 	 0.065390 
 rf0221 	 8.928335 	 0.065390 	 0.032695 
 rf0283 	 8.568689 	 0.130780 	 0.065390 
 rf0229 	 8.535994 	 0.130780 	 0.130780 
 rf0241 	 7.424360 	 0.065390 	 0.621207 
 rf0263 	 8.339823 	 0.326951 	 0.359646 
 rf0264 	 8.797554 	 0.130780 	 0.098085 
 rf0295 	 8.634079 	 0.130780 	 0.130780 
 rf0315 	 8.437908 	 0.098085 	 0.196171 
 rf0316 	 7.947482 	 0.588512 	 1.013548 
 rs1304 	 7.653226 	 0.294256 	 0.555817 
 rf0303 	 8.012872 	 0.555817 	 0.326951 
 rs1301 	 8.895640 	 0.130780 	 0.032695 
 rs1282 	 8.699469 	 0.196171 	 0.098085 
 rs1299 	 7.424360 	 0.065390 	 0.751987 
 rf0314 	 8.110957 	 0.621207 	 0.392341 
 rf0318 	 8.961030 	 1.602060 	 0.000000 
 rf0267 	 8.078262 	 0.392341 	 0.326951 
 rf0166 	 8.961030 	 0.098085 	 0.000000 
 rf0319 	 8.437908 	 0.098085 	 0.065390 
 rs1258 	 8.503298 	 0.130780 	 0.130780 
 rs1281 	 7.653226 	 0.261561 	 0.621207 
 rf0333 	 8.503298 	 0.065390 	 0.032695 
 rf0223 	 8.470603 	 0.130780 	 0.098085 
 rf0259 	 8.176347 	 0.653902 	 0.359646 
 rf0227 	 8.274433 	 0.326951 	 0.425036 
 rf0338 	 8.961030 	 1.602060 	 0.000000 
 rf0279 	 7.980177 	 0.621207 	 0.392341 
 rf0234 	 8.797554 	 0.130780 	 0.098085 
 rf0580 	 7.391665 	 0.032695 	 0.686597 
 rf0157 	 7.784006 	 0.392341 	 0.490427 
 rf0167 	 8.372518 	 0.098085 	 0.098085 
 rf0237 	 8.535994 	 0.130780 	 0.392341 
 rf0586 	 8.862945 	 1.503975 	 0.098085 
 rf0284 	 7.947482 	 0.555817 	 0.850073 
 rf0236 	 7.620531 	 0.261561 	 0.555817 
 rf0169 	 7.816701 	 0.425036 	 0.457731 
 rf0171 	 8.568689 	 0.130780 	 0.065390 
 rf0173 	 8.470603 	 0.098085 	 0.065390 
 rf0238 	 7.751311 	 0.359646 	 0.490427 
 rf0638 	 8.470603 	 0.130780 	 0.130780 
 rf0175 	 8.274433 	 0.457731 	 0.392341 
 rf0587 	 7.751311 	 0.359646 	 0.523122 
 rf0328 	 8.666774 	 0.163476 	 0.130780 
 rf0176 	 8.634079 	 0.130780 	 0.130780 
 rf0291 	 8.078262 	 0.588512 	 0.392341 
 rf0177 	 8.307128 	 0.326951 	 0.392341 
 rf0292 	 8.797554 	 0.196171 	 0.098085 
 rf0179 	 7.980177 	 0.523122 	 0.359646 
 rf0242 	 8.568689 	 0.130780 	 0.032695 
 rf0181 	 8.110957 	 0.686597 	 0.392341 
 rs1307 	 8.601384 	 0.261561 	 0.163476 
 rs1280 	 7.358970 	 0.000000 	 1.078938 
 rf0335 	 7.424360 	 0.065390 	 0.686597 
 rf0297 	 8.339823 	 0.326951 	 0.196171 
 rf0596 	 7.980177 	 0.555817 	 0.326951 
 rf0240 	 7.358970 	 0.000000 	 0.653902 
 rf0251 	 8.470603 	 0.130780 	 0.098085 
 rf0190 	 7.358970 	 0.000000 	 1.275109 
 rf0268 	 8.012872 	 0.588512 	 0.326951 
 rf0332 	 7.980177 	 0.555817 	 0.359646 
 rf0192 	 7.653226 	 0.294256 	 0.555817 
 rf0193 	 8.895640 	 0.098085 	 0.032695 
 rf0195 	 8.634079 	 0.196171 	 0.098085 
 rf0197 	 7.947482 	 0.588512 	 1.013548 
 rf0201 	 7.358970 	 0.000000 	 0.719292 
 rf0205 	 8.928335 	 0.065390 	 0.032695 
 rf0622 	 7.816701 	 0.457731 	 0.457731 
 rf0239 	 8.405213 	 0.130780 	 0.065390 
 rf0206 	 8.764859 	 0.163476 	 0.098085 
 rf0339 	 8.961030 	 1.602060 	 0.000000 
 rf0210 	 8.078262 	 0.621207 	 0.359646 
 rf0631 	 7.555141 	 0.196171 	 0.719292 
 rf0342 	 7.358970 	 0.000000 	 0.719292 
 rf0634 	 7.358970 	 0.000000 	 1.569365 
 rf0265 	 8.012872 	 0.621207 	 0.359646 
 rf0343 	 8.961030 	 1.602060 	 0.000000 
 rf0331 	 8.339823 	 0.653902 	 0.294256 
 rf0217 	 8.634079 	 0.163476 	 0.130780 
 rf0244 	 8.830249 	 0.326951 	 0.098085 
 rf0180 	 8.339823 	 0.261561 	 0.425036 
 rf0226 	 8.274433 	 0.621207 	 0.588512 
 rf0280 	 7.522445 	 0.163476 	 0.621207 
 rf0300 	 8.339823 	 0.294256 	 0.457731 
 rf0306 	 7.849396 	 0.457731 	 0.457731 
 rf0286 	 8.830249 	 0.163476 	 0.065390 
 rf0271 	 8.797554 	 0.163476 	 0.098085 
 rf0262 	 7.489750 	 0.130780 	 0.621207 
 rf0272 	 8.012872 	 0.588512 	 0.326951 
 rf0277 	 8.732164 	 0.228866 	 0.098085 
 rf0235 	 7.587836 	 0.228866 	 0.621207 
 rf0003 	 8.830249 	 0.163476 	 0.065390 
 rf0258 	 8.274433 	 0.196171 	 0.065390 
 rf0002 	 8.339823 	 0.196171 	 0.098085 
 rf0312 	 8.241738 	 0.882768 	 0.359646 
 rf0515 	 8.535994 	 0.130780 	 0.163476 
 rf0298 	 8.143652 	 0.588512 	 0.261561 
 rf0313 	 8.241738 	 0.621207 	 0.261561 
 rf0642 	 7.424360 	 0.065390 	 0.686597 
 rf0299 	 8.012872 	 0.621207 	 0.326951 
 rf0643 	 7.358970 	 0.000000 	 0.555817 
 rf0649 	 8.339823 	 0.228866 	 0.196171 
 rf0646 	 7.358970 	 0.000000 	 0.686597 
 rf0001 	 7.457055 	 0.098085 	 0.621207 
 rf0650 	 7.457055 	 0.098085 	 0.817378 
 rf0654 	 8.045567 	 0.555817 	 0.261561 
 rs1276 	 8.274433 	 0.719292 	 0.523122 
 rs1300 	 8.830249 	 0.196171 	 0.065390 
 rf0256 	 8.764859 	 0.163476 	 0.098085 
 rf0309 	 8.470603 	 0.098085 	 0.065390 
 rf0653 	 7.358970 	 0.000000 	 0.751987 
 rf0305 	 8.078262 	 0.588512 	 0.326951 
 rf0655 	 7.653226 	 0.294256 	 0.555817 
 rf0308 	 8.110957 	 0.555817 	 0.425036 
 rf0311 	 8.176347 	 0.719292 	 0.359646 
 rf0266 	 8.241738 	 0.850073 	 0.130780 
 rf0627 	 7.358970 	 0.000000 	 0.719292 
 rf0247 	 8.241738 	 0.686597 	 0.621207 
 rf0248 	 8.830249 	 0.228866 	 0.065390 
 rf0585 	 7.947482 	 0.555817 	 0.294256 
 rf0663 	 7.358970 	 0.000000 	 0.784682 
 rf0320 	 7.457055 	 0.098085 	 0.653902 
 rf0327 	 8.012872 	 0.653902 	 0.359646 
 rf0670 	 7.522445 	 0.163476 	 0.555817 
 rf0252 	 8.110957 	 0.653902 	 0.326951 
 rf0253 	 8.470603 	 0.392341 	 0.425036 
 rf0154 	 8.274433 	 0.457731 	 0.425036 
 rf0607 	 7.685921 	 0.326951 	 0.490427 
 rf0156 	 8.666774 	 0.163476 	 0.098085 
 rf0630 	 7.489750 	 0.130780 	 0.817378 
 rf0287 	 8.470603 	 0.098085 	 0.032695 
 rf0322 	 7.947482 	 0.588512 	 0.392341 
 rf0628 	 8.241738 	 0.751987 	 0.490427 
 rf0204 	 8.961030 	 1.602060 	 0.000000 
 rf0257 	 7.457055 	 0.098085 	 0.653902 
 rf0685 	 8.241738 	 0.882768 	 0.719292 
 rf0669 	 7.358970 	 0.000000 	 1.602060 
 rf0674 	 8.241738 	 0.882768 	 0.588512 
 rf0680 	 7.947482 	 0.588512 	 1.013548 
 rf0668 	 7.358970 	 0.000000 	 0.784682 
 rf0324 	 8.405213 	 0.098085 	 0.098085 
 rf0329 	 8.895640 	 0.098085 	 0.032695 
 rf0683 	 7.457055 	 0.098085 	 0.621207 
 rf0661 	 7.947482 	 0.588512 	 1.013548 
 rf0325 	 8.568689 	 0.130780 	 0.000000 
